-6.56000000000000E+0000  4.23144531250000E-0001  1.30175781250000E-0001 
-6.06000000000000E+0000  4.10742187500000E-0001  1.26953125000000E-0001 
-5.56000000000000E+0000  3.98925781250001E-0001  1.19824218750000E-0001 
-5.06000000000000E+0000  3.95605468750000E-0001  1.16113281250000E-0001 
-4.56000000000000E+0000  4.11132812500000E-0001  1.18261718750000E-0001 
-4.06000000000000E+0000  4.42187500000000E-0001  1.37011718750000E-0001 
-3.56000000000000E+0000  4.84179687500000E-0001  1.71191406250000E-0001 
-3.06000000000000E+0000  5.23144531250000E-0001  2.17187500000000E-0001 
-2.56000000000000E+0000  5.50976562500000E-0001  2.68457031250000E-0001 
-2.06000000000000E+0000  5.62792968750001E-0001  3.16113281250000E-0001 
-1.56000000000000E+0000  5.61718750000000E-0001  3.50976562500000E-0001 
-1.06000000000000E+0000  5.50878906250000E-0001  3.73437500000000E-0001 
-5.60000000000000E-0001  5.37011718750000E-0001  3.83593750000000E-0001 
-6.00000000000000E-0002  5.24902343750000E-0001  3.84863281250000E-0001 
 4.40000000000000E-0001  5.17773437500000E-0001  3.83593750000000E-0001 
 9.40000000000000E-0001  5.19628906250000E-0001  3.83398437500000E-0001 
 1.44000000000000E+0000  5.29296875000000E-0001  3.87890625000000E-0001 
 1.94000000000000E+0000  5.54296875000000E-0001  3.97460937500000E-0001 
 2.44000000000000E+0000  5.83886718750000E-0001  4.11132812500000E-0001 
 2.94000000000000E+0000  6.11816406250000E-0001  4.25195312500000E-0001 
 3.44000000000000E+0000  6.29394531250000E-0001  4.32714843750000E-0001 
 3.94000000000000E+0000  6.32519531250000E-0001  4.29980468750000E-0001 
 4.44000000000000E+0000  6.13281250000000E-0001  4.10449218750000E-0001 
 4.94000000000000E+0000  5.81054687499999E-0001  3.70019531250000E-0001 
 5.44000000000000E+0000  5.39843750000000E-0001  3.13183593750000E-0001 
 5.94000000000000E+0000  5.01953125000000E-0001  2.38867187500000E-0001 
 6.44000000000000E+0000  4.74511718750001E-0001  1.55957031250000E-0001 
 6.94000000000000E+0000  4.59277343750000E-0001  7.78320312500000E-0002 
 7.44000000000000E+0000  4.55761718750000E-0001  1.10351562499999E-0002 
 7.94000000000000E+0000  4.54882812500000E-0001 -3.69140625000000E-0002 
 8.44000000000000E+0000  4.44335937500000E-0001 -6.80664062500000E-0002 
 8.94000000000000E+0000  4.18164062499999E-0001 -8.84765625000000E-0002 
 9.44000000000000E+0000  3.72753906250000E-0001 -1.01855468750000E-0001 
 9.94000000000000E+0000  3.13476562499999E-0001 -1.17187500000000E-0001 
 1.04400000000000E+0001  2.47167968750000E-0001 -1.38964843750000E-0001 
 1.09400000000000E+0001  1.83886718750000E-0001 -1.63769531250000E-0001 
 1.14400000000000E+0001  1.36132812500000E-0001 -1.86523437500000E-0001 
 1.19400000000000E+0001  1.05273437500000E-0001 -2.01757812500000E-0001 
 1.24400000000000E+0001  9.02343750000000E-0002 -2.08300781250000E-0001 
 1.29400000000000E+0001  8.48632812500000E-0002 -2.05566406250000E-0001 
 1.34400000000000E+0001  8.57421875000000E-0002 -1.97070312500000E-0001 
 1.39400000000000E+0001  8.84765625000000E-0002 -1.86816406250000E-0001 
 1.44400000000000E+0001  8.91601562500001E-0002 -1.81054687500000E-0001 
 1.49400000000000E+0001  9.08203125000001E-0002 -1.83691406250000E-0001 
 1.54400000000000E+0001  8.81835937500000E-0002 -1.91699218750000E-0001 
 1.59400000000000E+0001  9.05273437500000E-0002 -2.04882812500000E-0001 
 1.64400000000000E+0001  9.46289062500000E-0002 -2.22070312500000E-0001 
 1.69400000000000E+0001  9.64843750000000E-0002 -2.34570312500000E-0001 
 1.74400000000000E+0001  1.03613281250000E-0001 -2.37304687500000E-0001 
 1.79400000000000E+0001  1.09082031249999E-0001 -2.33984375000000E-0001 
 1.84400000000000E+0001  1.14453125000000E-0001 -2.22265625000000E-0001 
 1.89400000000000E+0001  1.16796875000000E-0001 -2.07519531250000E-0001 
 1.94400000000000E+0001  1.20703125000000E-0001 -1.94628906250000E-0001 
 1.99400000000000E+0001  1.23242187500000E-0001 -1.85937500000000E-0001 
 2.04400000000000E+0001  1.30371093750000E-0001 -1.82910156250000E-0001 
 2.09400000000000E+0001  1.37792968750000E-0001 -1.86621093750000E-0001 
 2.14400000000000E+0001  1.46289062500000E-0001 -1.90625000000000E-0001 
 2.19400000000000E+0001  1.55566406250000E-0001 -1.93750000000000E-0001 
 2.24400000000000E+0001  1.62109375000000E-0001 -1.97851562500000E-0001 
 2.29400000000000E+0001  1.61914062500000E-0001 -1.97949218750000E-0001 
 2.34400000000000E+0001  1.56152343750000E-0001 -1.97167968750000E-0001 
 2.39400000000000E+0001  1.44921875000000E-0001 -1.95214843750000E-0001 
 2.44400000000000E+0001  1.29589843750000E-0001 -1.95996093750000E-0001 
 2.49400000000000E+0001  1.11132812499999E-0001 -1.96386718750000E-0001 
 2.54400000000000E+0001  9.53125000000001E-0002 -2.01269531250000E-0001 
 2.59400000000000E+0001  8.67187500000000E-0002 -2.03417968750000E-0001 
 2.64400000000000E+0001  8.26171874999999E-0002 -2.05957031250000E-0001 
 2.69400000000000E+0001  8.02734375000000E-0002 -2.07128906250000E-0001 
 2.74400000000000E+0001  7.86132812500000E-0002 -2.04882812500000E-0001 
 2.79400000000000E+0001  7.70507812499999E-0002 -2.00195312500000E-0001 
 2.84400000000000E+0001  7.39257812500001E-0002 -1.96289062500000E-0001 
 2.89400000000000E+0001  6.79687500000000E-0002 -1.92675781250000E-0001 
 2.94400000000000E+0001  5.96679687499999E-0002 -1.89257812500000E-0001 
 2.99400000000000E+0001  4.78515624999999E-0002 -1.86132812500000E-0001 
 3.04400000000000E+0001  4.00390625000000E-0002 -1.85742187500000E-0001 
 3.09400000000000E+0001  3.27148437500000E-0002 -1.82226562500000E-0001 
 3.14400000000000E+0001  2.75390625000000E-0002 -1.76660156250000E-0001 
 3.19400000000000E+0001  2.31445312500000E-0002 -1.64160156250000E-0001 
 3.24400000000000E+0001  2.22656250000000E-0002 -1.47265625000000E-0001 
 3.29400000000000E+0001  1.86523437500000E-0002 -1.27734375000000E-0001 
 3.34400000000000E+0001  1.65039062500000E-0002 -1.02636718750000E-0001 
 3.39400000000000E+0001  1.04492187499999E-0002 -7.89062500000000E-0002 
 3.44400000000000E+0001  7.22656250000001E-0003 -5.57617187500000E-0002 
 3.49400000000000E+0001  1.26953124999999E-0003 -3.61328125000000E-0002 
 3.54400000000000E+0001 -1.56250000000001E-0003 -2.09960937500000E-0002 
 3.59400000000000E+0001 -2.44140625000000E-0003 -7.71484375000001E-0003 
 3.64400000000000E+0001 -3.22265624999999E-0003  1.85546874999999E-0003 
 3.69400000000000E+0001 -2.24609375000000E-0003  7.12890624999999E-0003 
 3.74400000000000E+0001 -5.46875000000000E-0003  1.27929687499999E-0002 
 3.79400000000000E+0001 -9.37500000000001E-0003  1.57226562500000E-0002 
 3.84400000000000E+0001 -1.46484375000000E-0002  1.71875000000000E-0002 
 3.89400000000000E+0001 -2.48046875000000E-0002  1.68945312500000E-0002 
 3.94400000000000E+0001 -3.24218750000000E-0002  1.63085937500000E-0002 
 3.99400000000000E+0001 -4.09179687500000E-0002  1.74804687500000E-0002 
 4.04400000000000E+0001 -4.53125000000000E-0002  1.54296875000000E-0002 
 4.09400000000000E+0001 -4.76562500000000E-0002  1.38671874999999E-0002 
 4.14400000000000E+0001 -4.89257812500000E-0002  1.27929687499999E-0002 
 4.19400000000000E+0001 -4.84375000000000E-0002  1.05468749999999E-0002 
 4.24400000000000E+0001 -4.78515625000000E-0002  5.27343750000000E-0003 
 4.29400000000000E+0001 -5.03906250000000E-0002 -5.85937499999990E-0004 
 4.34400000000000E+0001 -5.50781250000000E-0002 -1.06445312499999E-0002 
 4.39400000000000E+0001 -6.18164062500000E-0002 -1.94335937500000E-0002 
 4.44400000000000E+0001 -7.04101562500001E-0002 -2.81250000000000E-0002 
 4.49400000000000E+0001 -8.07617187500000E-0002 -3.70117187500000E-0002 
 4.54400000000000E+0001 -8.99414062500000E-0002 -4.34570312500000E-0002 
 4.59400000000000E+0001 -9.74609375000000E-0002 -4.58984375000000E-0002 
 4.64400000000000E+0001 -9.94140625000000E-0002 -4.46289062500000E-0002 
 4.69400000000000E+0001 -9.98046874999999E-0002 -4.29687500000000E-0002 
 4.74400000000000E+0001 -9.97070312500000E-0002 -3.77929687500000E-0002 
 4.79400000000000E+0001 -9.48242187500000E-0002 -2.95898437500000E-0002 
 4.84400000000000E+0001 -9.26757812499999E-0002 -2.24609375000000E-0002 
 4.89400000000000E+0001 -9.40429687500000E-0002 -1.70898437500000E-0002 
 4.94400000000000E+0001 -9.58007812500000E-0002 -1.53320312499999E-0002 
 4.99400000000000E+0001 -9.96093750000001E-0002 -1.52343750000000E-0002 
 5.04400000000000E+0001 -1.07031249999999E-0001 -1.81640625000000E-0002 
 5.09400000000000E+0001 -1.12988281250000E-0001 -1.98242187500000E-0002 
 5.14400000000000E+0001 -1.16894531250000E-0001 -2.12890625000000E-0002 
 5.19400000000000E+0001 -1.19042968749999E-0001 -2.08984375000000E-0002 
 5.24400000000000E+0001 -1.15625000000000E-0001 -1.69921875000000E-0002 
 5.29400000000000E+0001 -1.11621093750000E-0001 -1.24023437499999E-0002 
 5.34400000000000E+0001 -1.03027343750000E-0001 -6.64062499999999E-0003 
 5.39400000000000E+0001 -9.40429687500000E-0002 -3.12500000000002E-0003 
 5.44400000000000E+0001 -8.27148437500000E-0002 -4.39453124999999E-0003 
 5.49400000000000E+0001 -7.18750000000000E-0002 -7.12890625000001E-0003 
 5.54400000000000E+0001 -5.90820312500000E-0002 -1.30859375000000E-0002 
 5.59400000000000E+0001 -4.78515625000000E-0002 -1.79687500000000E-0002 
 5.64400000000000E+0001 -3.43750000000000E-0002 -2.20703125000000E-0002 
 5.69400000000000E+0001 -2.14843750000000E-0002 -2.41210937500000E-0002 
 5.74400000000000E+0001 -7.81249999999997E-0003 -2.17773437500000E-0002 
 5.79400000000000E+0001  4.39453124999999E-0003 -1.55273437500000E-0002 
 5.84400000000000E+0001  1.85546875000000E-0002 -9.66796875000001E-0003 
 5.89400000000000E+0001  3.28125000000000E-0002 -1.95312500000001E-0003 
 5.94400000000000E+0001  4.69726562500000E-0002  2.53906250000000E-0003 
 5.99400000000000E+0001  6.40625000000000E-0002  8.30078124999999E-0003 
 6.04400000000000E+0001  7.93945312500000E-0002  1.17187500000000E-0002 
 6.09400000000000E+0001  9.52148437500000E-0002  1.24023437499999E-0002 
 6.14400000000000E+0001  1.07324218750000E-0001  1.49414062499999E-0002 
 6.19400000000000E+0001  1.16699218750000E-0001  1.70898437500000E-0002 
 6.24400000000000E+0001  1.24609375000000E-0001  1.66992187500000E-0002 
 6.29400000000000E+0001  1.28613281250000E-0001  1.69921875000000E-0002 
 6.34400000000000E+0001  1.30664062500000E-0001  1.73828125000000E-0002 
 6.39400000000000E+0001  1.29296875000000E-0001  1.76757812500000E-0002 
 6.44400000000000E+0001  1.28222656250000E-0001  2.01171875000000E-0002 
 6.49400000000000E+0001  1.25390625000000E-0001  1.82617187500000E-0002 
 6.54400000000000E+0001  1.21191406250000E-0001  1.90429687500000E-0002 
 6.59400000000000E+0001  1.18261718750000E-0001  1.78710937500000E-0002 
 6.64400000000000E+0001  1.15136718750000E-0001  1.54296875000000E-0002 
 6.69400000000000E+0001  1.12695312500000E-0001  1.33789062499999E-0002 
 6.74400000000000E+0001  1.10937500000000E-0001  1.00585937500000E-0002 
 6.79400000000000E+0001  1.10253906250000E-0001  6.44531249999999E-0003 
 6.84400000000000E+0001  1.11328124999999E-0001  8.78906250000003E-0004 
 6.89400000000000E+0001  1.11425781249999E-0001 -3.90625000000000E-0003 
 6.94400000000000E+0001  1.10644531250000E-0001 -1.00585937500000E-0002 
 6.99400000000000E+0001  1.12109375000000E-0001 -1.52343750000000E-0002 
 7.04400000000000E+0001  1.13574218750000E-0001 -1.89453125000000E-0002 
 7.09400000000000E+0001  1.13085937500000E-0001 -2.29492187500000E-0002 
 7.14400000000000E+0001  1.09570312500000E-0001 -2.12890625000000E-0002 
 7.19400000000000E+0001  1.07226562500000E-0001 -1.77734375000000E-0002 
 7.24400000000000E+0001  1.01269531249999E-0001 -1.32812500000000E-0002 
 7.29400000000000E+0001  9.75585937500000E-0002 -5.27343750000002E-0003 
 7.34400000000000E+0001  9.16992187500000E-0002  1.75781249999999E-0003 
 7.39400000000000E+0001  8.31054687500000E-0002  8.78906250000000E-0003 
 7.44400000000000E+0001  7.65625000000000E-0002  1.43554687499999E-0002 
 7.49400000000000E+0001  6.68945312500000E-0002  1.62109375000000E-0002 
 7.54400000000000E+0001  6.00585937499999E-0002  1.75781250000000E-0002 
 7.59400000000000E+0001  5.01953124999999E-0002  1.88476562500000E-0002 
 7.64400000000000E+0001  4.05273437499999E-0002  1.91406250000000E-0002 
 7.69400000000000E+0001  3.27148437500000E-0002  1.95312500000000E-0002 
 7.74400000000000E+0001  2.33398437500000E-0002  2.07031250000001E-0002 
 7.79400000000000E+0001  1.59179687500000E-0002  2.14843750000001E-0002 
 7.84400000000000E+0001  7.51953125000000E-0003  2.32421875000000E-0002 
 7.89400000000000E+0001  1.07421875000000E-0003  2.25585937500000E-0002 
 7.94400000000000E+0001 -9.76562500000002E-0003  2.28515625000000E-0002 
 7.99400000000000E+0001 -1.68945312500000E-0002  2.04101562500000E-0002 
 8.04400000000000E+0001 -2.22656250000000E-0002  1.94335937500000E-0002 
 8.09400000000000E+0001 -2.62695312500000E-0002  1.49414062500000E-0002 
 8.14400000000000E+0001 -2.96875000000000E-0002  1.34765625000000E-0002 
 8.19400000000000E+0001 -2.82226562500000E-0002  1.11328125000000E-0002 
 8.24400000000000E+0001 -2.40234375000000E-0002  7.81250000000001E-0003 
 8.29400000000000E+0001 -1.77734375000000E-0002  4.98046875000000E-0003 
 8.34400000000000E+0001 -1.09375000000000E-0002  1.26953124999999E-0003 
 8.39400000000000E+0001 -2.24609375000000E-0003 -2.34374999999999E-0003 
 8.44400000000000E+0001  6.93359375000000E-0003 -5.17578124999998E-0003 
 8.49400000000000E+0001  1.28906249999999E-0002 -9.86328125000003E-0003 
 8.54400000000000E+0001  1.83593750000000E-0002 -1.40625000000000E-0002 
 8.59400000000000E+0001  2.15820312500000E-0002 -1.67968750000000E-0002 
 8.64400000000000E+0001  2.35351562500000E-0002 -2.11914062500000E-0002 
 8.69400000000000E+0001  2.23632812500000E-0002 -2.54882812500000E-0002 
 8.74400000000000E+0001  2.08984375000000E-0002 -2.71484375000000E-0002 
 8.79400000000000E+0001  2.03125000000000E-0002 -3.07617187500000E-0002 
 8.84400000000000E+0001  2.19726562500000E-0002 -3.40820312500000E-0002 
 8.89400000000000E+0001  2.36328125000000E-0002 -3.64257812500000E-0002 
 8.94400000000000E+0001  2.86132812500000E-0002 -4.01367187500000E-0002 
 8.99400000000000E+0001  3.44726562500000E-0002 -4.47265625000000E-0002 
 9.04400000000000E+0001  4.16015625000000E-0002 -5.29296875000000E-0002 
 9.09400000000000E+0001  4.56054687500000E-0002 -6.05468750000000E-0002 
 9.14400000000000E+0001  4.73632812500000E-0002 -6.66992187500000E-0002 
 9.19400000000000E+0001  4.69726562500000E-0002 -7.12890625000000E-0002 
 9.24400000000000E+0001  4.46289062500000E-0002 -7.29492187499999E-0002 
 9.29400000000000E+0001  4.01367187500000E-0002 -7.26562500000000E-0002 
 9.34400000000000E+0001  3.34960937500000E-0002 -6.87500000000000E-0002 
 9.39400000000000E+0001  2.90039062500000E-0002 -6.00585937500000E-0002 
 9.44400000000000E+0001  2.69531250000000E-0002 -5.23437500000000E-0002 
 9.49400000000000E+0001  2.54882812500000E-0002 -4.50195312500000E-0002 
 9.54400000000000E+0001  2.08984375000000E-0002 -3.77929687500000E-0002 
 9.59400000000000E+0001  1.57226562500000E-0002 -3.02734375000000E-0002 
 9.64400000000000E+0001  1.20117187499999E-0002 -2.56835937500000E-0002 
 9.69400000000000E+0001  4.88281250000000E-0003 -2.16796875000000E-0002 
 9.74400000000000E+0001 -2.92968750000002E-0003 -1.78710937500000E-0002 
 9.79400000000000E+0001 -1.23046875000000E-0002 -1.39648437500000E-0002 
 9.84400000000000E+0001 -2.36328125000000E-0002 -1.13281250000000E-0002 
 9.89400000000000E+0001 -3.72070312500000E-0002 -7.91015624999999E-0003 
 9.94400000000000E+0001 -5.23437500000000E-0002 -5.07812499999999E-0003 
 9.99400000000000E+0001 -6.63085937500000E-0002 -2.34375000000001E-0003 
 1.00440000000000E+0002 -7.83203125000000E-0002  4.88281250000003E-0004 
 1.00940000000000E+0002 -9.00390625000000E-0002  9.76562500000000E-0004 
 1.01440000000000E+0002 -9.87304687500000E-0002  3.12499999999998E-0003 
 1.01940000000000E+0002 -1.04589843750000E-0001  1.56249999999999E-0003 
 1.02440000000000E+0002 -1.10449218749999E-0001 -4.88281249999998E-0003 
 1.02940000000000E+0002 -1.11328124999999E-0001 -1.14257812499999E-0002 
