 0.00000000000000E+0000  3.07800292968750E-0001 -6.86309814453125E-0001 
 5.00000000000000E-0001  3.70941162109375E-0001 -8.11614990234375E-0001 
 1.00000000000000E+0000  3.47900390625000E-0001 -8.42285156250000E-0001 
 1.50000000000000E+0000  2.45941162109375E-0001 -7.68341064453125E-0001 
 2.00000000000000E+0000  8.47167968750000E-0002 -6.28723144531250E-0001 
 2.50000000000000E+0000 -1.14105224609375E-0001 -4.56542968750000E-0001 
 3.00000000000000E+0000 -2.97180175781250E-0001 -2.80639648437500E-0001 
 3.50000000000000E+0000 -4.03961181640625E-0001 -1.32293701171875E-0001 
 4.00000000000000E+0000 -4.19281005859375E-0001 -1.77307128906250E-0002 
 4.50000000000000E+0000 -3.73840332031250E-0001  8.92028808593750E-0002 
 5.00000000000000E+0000 -2.89276123046875E-0001  2.04223632812500E-0001 
 5.50000000000000E+0000 -1.86950683593750E-0001  3.09753417968750E-0001 
 6.00000000000000E+0000 -9.58251953125000E-0002  4.02923583984375E-0001 
 6.50000000000000E+0000 -1.22070312500000E-0002  4.79156494140625E-0001 
 7.00000000000000E+0000  8.15734863281250E-0002  5.10772705078125E-0001 
 7.50000000000000E+0000  1.88110351562500E-0001  4.88037109375000E-0001 
 8.00000000000000E+0000  2.92419433593750E-0001  4.21813964843750E-0001 
 8.50000000000000E+0000  3.72314453125000E-0001  3.21563720703125E-0001 
 9.00000000000000E+0000  4.10217285156250E-0001  1.95404052734375E-0001 
 9.50000000000000E+0000  3.89068603515625E-0001  6.24694824218750E-0002 
 1.00000000000000E+0001  3.06610107421875E-0001 -5.13916015625000E-0002 
 1.05000000000000E+0001  1.90307617187500E-0001 -1.35070800781250E-0001 
 1.10000000000000E+0001  6.65588378906250E-0002 -1.90185546875000E-0001 
 1.15000000000000E+0001 -4.23278808593750E-0002 -2.09533691406250E-0001 
 1.20000000000000E+0001 -1.09344482421875E-0001 -1.92291259765625E-0001 
 1.25000000000000E+0001 -1.24206542968750E-0001 -1.47125244140625E-0001 
 1.30000000000000E+0001 -9.75646972656250E-0002 -8.89282226562500E-0002 
 1.35000000000000E+0001 -5.68542480468750E-0002 -3.51562500000000E-0002 
 1.40000000000000E+0001 -2.00805664062500E-0002  9.33837890625000E-0003 
 1.45000000000000E+0001  1.38244628906250E-0002  4.52270507812500E-0002 
 1.50000000000000E+0001  4.99267578125000E-0002  6.35375976562500E-0002 
 1.55000000000000E+0001  9.18273925781250E-0002  5.36804199218750E-0002 
 1.60000000000000E+0001  1.40045166015625E-0001  2.51159667968750E-0002 
 1.65000000000000E+0001  1.91711425781250E-0001 -5.09643554687500E-0003 
 1.70000000000000E+0001  2.43469238281250E-0001 -3.53698730468750E-0002 
 1.75000000000000E+0001  2.83935546875000E-0001 -6.91223144531250E-0002 
 1.80000000000000E+0001  2.90618896484375E-0001 -9.40551757812500E-0002 
 1.85000000000000E+0001  2.51129150390625E-0001 -9.81445312500000E-0002 
 1.90000000000000E+0001  1.72088623046875E-0001 -9.19799804687500E-0002 
 1.95000000000000E+0001  6.96411132812500E-0002 -8.52966308593750E-0002 
 2.00000000000000E+0001 -3.58276367187500E-0002 -7.84912109375000E-0002 
 2.05000000000000E+0001 -1.27807617187500E-0001 -7.75756835937500E-0002 
 2.10000000000000E+0001 -1.95159912109375E-0001 -8.36486816406250E-0002 
 2.15000000000000E+0001 -2.34832763671875E-0001 -7.93762207031250E-0002 
 2.20000000000000E+0001 -2.47894287109375E-0001 -4.93774414062500E-0002 
 2.25000000000000E+0001 -2.35168457031250E-0001 -3.99780273437500E-0003 
 2.30000000000000E+0001 -2.07275390625000E-0001  4.57458496093750E-0002 
 2.35000000000000E+0001 -1.73553466796875E-0001  1.00860595703125E-0001 
 2.40000000000000E+0001 -1.35345458984375E-0001  1.47247314453125E-0001 
 2.45000000000000E+0001 -9.16137695312500E-0002  1.63970947265625E-0001 
 2.50000000000000E+0001 -4.76989746093750E-0002  1.49902343750000E-0001 
 2.55000000000000E+0001 -1.35498046875000E-0002  1.16333007812500E-0001 
 2.60000000000000E+0001  5.15747070312500E-0003  7.04345703125000E-0002 
 2.65000000000000E+0001  1.07727050781250E-0002  2.20031738281250E-0002 
 2.70000000000000E+0001  6.62231445312500E-0003 -1.90429687500000E-0002 
 2.75000000000000E+0001 -1.14135742187500E-0002 -5.36804199218750E-0002 
 2.80000000000000E+0001 -3.67126464843750E-0002 -8.92028808593750E-0002 
 2.85000000000000E+0001 -5.96618652343750E-0002 -1.23168945312500E-0001 
 2.90000000000000E+0001 -7.85827636718750E-0002 -1.49444580078125E-0001 
 2.95000000000000E+0001 -1.00097656250000E-0001 -1.63391113281250E-0001 
 3.00000000000000E+0001 -1.22863769531250E-0001 -1.57867431640625E-0001 
 3.05000000000000E+0001 -1.36657714843750E-0001 -1.26556396484375E-0001 
 3.10000000000000E+0001 -1.36291503906250E-0001 -7.51037597656250E-0002 
 3.15000000000000E+0001 -1.22955322265625E-0001 -1.66015625000000E-0002 
 3.20000000000000E+0001 -9.73205566406250E-0002  3.80554199218750E-0002 
 3.25000000000000E+0001 -5.81970214843750E-0002  8.12988281250000E-0002 
 3.30000000000000E+0001 -1.02539062500000E-0002  1.04675292968750E-0001 
 3.35000000000000E+0001  3.39660644531250E-0002  1.08032226562500E-0001 
 3.40000000000000E+0001  6.82373046875000E-0002  1.00494384765625E-0001 
 3.45000000000000E+0001  9.10339355468750E-0002  8.87451171875000E-0002 
 3.50000000000000E+0001  1.03302001953125E-0001  7.37609863281250E-0002 
 3.55000000000000E+0001  1.10015869140625E-0001  5.44433593750000E-0002 
 3.60000000000000E+0001  1.10504150390625E-0001  2.86254882812500E-0002 
 3.65000000000000E+0001  1.06079101562500E-0001 -2.86865234375000E-0003 
 3.70000000000000E+0001  9.64965820312500E-0002 -3.47900390625000E-0002 
 3.75000000000000E+0001  8.15429687500000E-0002 -5.82885742187500E-0002 
 3.80000000000000E+0001  6.07604980468750E-0002 -7.16247558593750E-0002 
 3.85000000000000E+0001  3.02734375000000E-0002 -7.60192871093750E-0002 
 3.90000000000000E+0001 -7.32421875000000E-0003 -6.95495605468750E-0002 
 3.95000000000000E+0001 -4.56237792968750E-0002 -5.41687011718750E-0002 
 4.00000000000000E+0001 -8.33435058593750E-0002 -3.57666015625000E-0002 
 4.05000000000000E+0001 -1.17370605468750E-0001 -1.48315429687500E-0002 
 4.10000000000000E+0001 -1.38854980468750E-0001  5.40161132812500E-0003 
 4.15000000000000E+0001 -1.45233154296875E-0001  2.11486816406250E-0002 
 4.20000000000000E+0001 -1.38305664062500E-0001  3.21960449218750E-0002 
 4.25000000000000E+0001 -1.19262695312500E-0001  4.14123535156250E-0002 
 4.30000000000000E+0001 -8.50524902343750E-0002  4.70581054687500E-0002 
 4.35000000000000E+0001 -4.23278808593750E-0002  4.38842773437500E-0002 
 4.40000000000000E+0001 -5.79833984375000E-0003  3.57971191406250E-0002 
 4.45000000000000E+0001  2.25219726562500E-0002  2.78625488281250E-0002 
 4.50000000000000E+0001  4.71191406250000E-0002  1.87683105468750E-0002 
 4.55000000000000E+0001  6.76269531250000E-0002  8.05664062500000E-0003 
 4.60000000000000E+0001  7.93457031250000E-0002 -5.37109375000000E-0003 
 4.65000000000000E+0001  8.08715820312500E-0002 -1.88903808593750E-0002 
 4.70000000000000E+0001  7.81250000000000E-0002 -2.78015136718750E-0002 
 4.75000000000000E+0001  7.13195800781250E-0002 -2.92358398437500E-0002 
 4.80000000000000E+0001  5.77087402343750E-0002 -2.47802734375000E-0002 
 4.85000000000000E+0001  3.82385253906250E-0002 -1.74255371093750E-0002 
 4.90000000000000E+0001  1.69982910156250E-0002 -1.04370117187500E-0002 
 4.95000000000000E+0001 -4.88281250000000E-0004 -2.50244140625000E-0003 
 5.00000000000000E+0001 -1.04064941406250E-0002  3.66210937500000E-0003 
 5.05000000000000E+0001 -1.51062011718750E-0002  4.11987304687500E-0003 
 5.10000000000000E+0001 -1.41906738281250E-0002  2.25830078125000E-0003 
 5.15000000000000E+0001 -8.11767578125000E-0003 -4.27246093750000E-0004 
 5.20000000000000E+0001 -2.44140625000000E-0004 -2.89916992187500E-0003 
 5.25000000000000E+0001  4.63867187500000E-0003 -3.93676757812500E-0003 
 5.30000000000000E+0001  9.18579101562500E-0003 -4.05883789062500E-0003 
 5.35000000000000E+0001  1.55029296875000E-0002 -6.98852539062500E-0003 
 5.40000000000000E+0001  2.05078125000000E-0002 -1.77612304687500E-0002 
 5.45000000000000E+0001  2.14538574218750E-0002 -3.32031250000000E-0002 
 5.50000000000000E+0001  1.96838378906250E-0002 -4.40979003906250E-0002 
 5.55000000000000E+0001  1.77001953125000E-0002 -4.68444824218750E-0002 
 5.60000000000000E+0001  1.11389160156250E-0002 -4.52270507812500E-0002 
 5.65000000000000E+0001 -1.70898437500000E-0003 -3.70483398437500E-0002 
 5.70000000000000E+0001 -1.76696777343750E-0002 -1.72119140625000E-0002 
 5.75000000000000E+0001 -2.91748046875000E-0002  1.17797851562500E-0002 
 5.80000000000000E+0001 -3.17993164062500E-0002  3.91845703125000E-0002 
 5.85000000000000E+0001 -2.78930664062500E-0002  5.47180175781250E-0002 
 5.90000000000000E+0001 -2.02636718750000E-0002  5.95397949218750E-0002 
 5.95000000000000E+0001 -6.56127929687500E-0003  6.06994628906250E-0002 
 6.00000000000000E+0001  1.16577148437500E-0002  5.79528808593750E-0002 
 6.05000000000000E+0001  2.91137695312500E-0002  4.87670898437500E-0002 
 6.10000000000000E+0001  3.76892089843750E-0002  3.34167480468750E-0002 
 6.15000000000000E+0001  3.82690429687500E-0002  1.79138183593750E-0002 
 6.20000000000000E+0001  3.20739746093750E-0002  3.75366210937500E-0003 
 6.25000000000000E+0001  2.08129882812500E-0002 -1.04675292968750E-0002 
 6.30000000000000E+0001  4.97436523437500E-0003 -2.47192382812500E-0002 
 6.35000000000000E+0001 -1.00097656250000E-0002 -3.36608886718750E-0002 
 6.40000000000000E+0001 -1.66625976562500E-0002 -3.81774902343750E-0002 
 6.45000000000000E+0001 -1.66625976562500E-0002 -4.12597656250000E-0002 
 6.50000000000000E+0001 -1.47094726562500E-0002 -3.87878417968750E-0002 
 6.55000000000000E+0001 -1.30615234375000E-0002 -3.11279296875000E-0002 
 6.60000000000000E+0001 -1.54418945312500E-0002 -2.21862792968750E-0002 
 6.65000000000000E+0001 -2.40783691406250E-0002 -1.22985839843750E-0002 
 6.70000000000000E+0001 -3.57971191406250E-0002  7.93457031250000E-0004 
 6.75000000000000E+0001 -4.39147949218750E-0002  1.30920410156250E-0002 
 6.80000000000000E+0001 -4.65393066406250E-0002  1.99279785156250E-0002 
 6.85000000000000E+0001 -4.09851074218750E-0002  2.66418457031250E-0002 
 6.90000000000000E+0001 -2.40478515625000E-0002  3.71398925781250E-0002 
 6.95000000000000E+0001 -4.57763671875000E-0004  4.44030761718750E-0002 
 7.00000000000000E+0001  1.85852050781250E-0002  4.51660156250000E-0002 
 7.05000000000000E+0001  3.07922363281250E-0002  4.66003417968750E-0002 
 7.10000000000000E+0001  4.13818359375000E-0002  4.78210449218750E-0002 
 7.15000000000000E+0001  4.82482910156250E-0002  3.90319824218750E-0002 
 7.20000000000000E+0001  4.60815429687500E-0002  2.18505859375000E-0002 
 7.25000000000000E+0001  3.96118164062500E-0002  7.69042968750000E-0003 
 7.30000000000000E+0001  3.61938476562500E-0002 -1.89208984375000E-0003 
 7.35000000000000E+0001  3.54919433593750E-0002 -1.01318359375000E-0002 
 7.40000000000000E+0001  3.26232910156250E-0002 -1.68457031250000E-0002 
 7.45000000000000E+0001  2.72827148437500E-0002 -1.75476074218750E-0002 
 7.50000000000000E+0001  2.31628417968750E-0002 -1.62353515625000E-0002 
 7.55000000000000E+0001  1.92260742187500E-0002 -1.59301757812500E-0002 
 7.60000000000000E+0001  1.18103027343750E-0002 -1.61132812500000E-0002 
 7.65000000000000E+0001  3.93676757812500E-0003 -1.62658691406250E-0002 
 7.70000000000000E+0001 -3.66210937500000E-0004 -1.69677734375000E-0002 
 7.75000000000000E+0001 -9.15527343750000E-0004 -1.70898437500000E-0002 
 7.80000000000000E+0001 -3.66210937500000E-0004 -1.55639648437500E-0002 
 7.85000000000000E+0001  1.22070312500000E-0003 -1.30310058593750E-0002 
 7.90000000000000E+0001  1.61743164062500E-0003 -1.13830566406250E-0002 
 7.95000000000000E+0001  9.46044921875000E-0004 -1.21765136718750E-0002 
 8.00000000000000E+0001  3.05175781250000E-0005 -1.39160156250000E-0002 
 8.05000000000000E+0001  2.44140625000000E-0004 -1.45263671875000E-0002 
 8.10000000000000E+0001  1.28173828125000E-0003 -1.58386230468750E-0002 
 8.15000000000000E+0001  4.15039062500000E-0003 -1.96228027343750E-0002 
 8.20000000000000E+0001  1.25427246093750E-0002 -2.36816406250000E-0002 
 8.25000000000000E+0001  2.33764648437500E-0002 -2.51159667968750E-0002 
 8.30000000000000E+0001  3.07312011718750E-0002 -2.50549316406250E-0002 
 8.35000000000000E+0001  3.10974121093750E-0002 -2.58483886718750E-0002 
 8.40000000000000E+0001  2.72827148437500E-0002 -2.63366699218750E-0002 
 8.45000000000000E+0001  1.93176269531250E-0002 -2.58789062500000E-0002 
 8.50000000000000E+0001  5.43212890625000E-0003 -2.25219726562500E-0002 
 8.55000000000000E+0001 -1.02233886718750E-0002 -1.58996582031250E-0002 
 8.60000000000000E+0001 -1.89208984375000E-0002 -7.81250000000000E-0003 
 8.65000000000000E+0001 -1.80053710937500E-0002 -5.03540039062500E-0003 
 8.70000000000000E+0001 -1.39770507812500E-0002 -7.69042968750000E-0003 
 8.75000000000000E+0001 -8.75854492187500E-0003 -9.27734375000000E-0003 
 8.80000000000000E+0001 -3.78417968750000E-0003 -1.28479003906250E-0002 
 8.85000000000000E+0001 -5.70678710937500E-0003 -2.12402343750000E-0002 
 8.90000000000000E+0001 -1.41601562500000E-0002 -2.79541015625000E-0002 
 8.95000000000000E+0001 -1.97143554687500E-0002 -2.86865234375000E-0002 
 9.00000000000000E+0001 -1.89514160156250E-0002 -2.69165039062500E-0002 
 9.05000000000000E+0001 -1.60827636718750E-0002 -2.87170410156250E-0002 
 9.10000000000000E+0001 -1.36413574218750E-0002 -3.30200195312500E-0002 
 9.15000000000000E+0001 -9.70458984375000E-0003 -3.80554199218750E-0002 
 9.20000000000000E+0001 -6.50024414062500E-0003 -4.54406738281250E-0002 
 9.25000000000000E+0001 -9.55200195312500E-0003 -5.34667968750000E-0002 
 9.30000000000000E+0001 -1.98974609375000E-0002 -5.81054687500000E-0002 
 9.35000000000000E+0001 -3.28979492187500E-0002 -5.95703125000000E-0002 
 9.40000000000000E+0001 -4.40979003906250E-0002 -5.84106445312500E-0002 
 9.45000000000000E+0001 -5.04455566406250E-0002 -5.53283691406250E-0002 
 9.50000000000000E+0001 -5.20324707031250E-0002 -5.17578125000000E-0002 
 9.55000000000000E+0001 -5.06896972656250E-0002 -4.71496582031250E-0002 
 9.60000000000000E+0001 -4.53491210937500E-0002 -4.17785644531250E-0002 
 9.65000000000000E+0001 -3.25927734375000E-0002 -3.78112792968750E-0002 
 9.70000000000000E+0001 -1.41601562500000E-0002 -3.72924804687500E-0002 
 9.75000000000000E+0001  1.89208984375000E-0003 -4.22363281250000E-0002 
 9.80000000000000E+0001  7.41577148437500E-0003 -5.20324707031250E-0002 
 9.85000000000000E+0001  4.42504882812500E-0003 -5.88684082031250E-0002 
 9.90000000000000E+0001  3.72314453125000E-0003 -6.05468750000000E-0002 
 9.95000000000000E+0001  6.22558593750000E-0003 -5.99670410156250E-0002 
 1.00000000000000E+0002  6.25610351562500E-0003 -5.61828613281250E-0002 
 1.00500000000000E+0002  3.05175781250000E-0003 -4.84313964843750E-0002 
 1.01000000000000E+0002  3.96728515625000E-0004 -4.21752929687500E-0002 
 1.01500000000000E+0002 -5.31005859375000E-0003 -4.58374023437500E-0002 
 1.02000000000000E+0002 -1.97753906250000E-0002 -5.63659667968750E-0002 
 1.02500000000000E+0002 -4.02526855468750E-0002 -6.40258789062500E-0002 
 1.03000000000000E+0002 -5.96923828125000E-0002 -6.57043457031250E-0002 
 1.03500000000000E+0002 -7.29980468750000E-0002 -6.03332519531250E-0002 
 1.04000000000000E+0002 -7.44323730468750E-0002 -5.03845214843750E-0002 
 1.04500000000000E+0002 -6.46057128906250E-0002 -4.19311523437500E-0002 
 1.05000000000000E+0002 -5.13305664062500E-0002 -4.00390625000000E-0002 
 1.05500000000000E+0002 -4.21142578125000E-0002 -4.32434082031250E-0002 
 1.06000000000000E+0002 -3.79943847656250E-0002 -4.71191406250000E-0002 
 1.06500000000000E+0002 -3.62548828125000E-0002 -4.94995117187500E-0002 
 1.07000000000000E+0002 -3.61938476562500E-0002 -4.92248535156250E-0002 
 1.07500000000000E+0002 -3.73535156250000E-0002 -4.52575683593750E-0002 
 1.08000000000000E+0002 -3.74145507812500E-0002 -3.72314453125000E-0002 
 1.08500000000000E+0002 -3.27148437500000E-0002 -2.81982421875000E-0002 
 1.09000000000000E+0002 -2.31018066406250E-0002 -2.49633789062500E-0002 
 1.09500000000000E+0002 -1.84326171875000E-0002 -3.10363769531250E-0002 
 1.10000000000000E+0002 -2.34985351562500E-0002 -3.61938476562500E-0002 
 1.10500000000000E+0002 -3.35998535156250E-0002 -3.38745117187500E-0002 
 1.11000000000000E+0002 -4.33044433593750E-0002 -2.93579101562500E-0002 
 1.11500000000000E+0002 -5.27648925781250E-0002 -2.55737304687500E-0002 
 1.12000000000000E+0002 -6.00891113281250E-0002 -2.19726562500000E-0002 
 1.12500000000000E+0002 -6.30798339843750E-0002 -1.84326171875000E-0002 
 1.13000000000000E+0002 -6.10656738281250E-0002 -1.97753906250000E-0002 
 1.13500000000000E+0002 -5.84411621093750E-0002 -2.87780761718750E-0002 
 1.14000000000000E+0002 -5.61523437500000E-0002 -3.83300781250000E-0002 
 1.14500000000000E+0002 -5.19409179687500E-0002 -4.30603027343750E-0002 
 1.15000000000000E+0002 -4.62951660156250E-0002 -4.40673828125000E-0002 
 1.15500000000000E+0002 -3.88488769531250E-0002 -4.50439453125000E-0002 
 1.16000000000000E+0002 -3.03344726562500E-0002 -4.52575683593750E-0002 
 1.16500000000000E+0002 -2.38647460937500E-0002 -4.21752929687500E-0002 
 1.17000000000000E+0002 -1.93176269531250E-0002 -3.88488769531250E-0002 
 1.17500000000000E+0002 -1.74865722656250E-0002 -4.11682128906250E-0002 
 1.18000000000000E+0002 -1.91650390625000E-0002 -4.92553710937500E-0002 
 1.18500000000000E+0002 -2.35595703125000E-0002 -5.60913085937500E-0002 
 1.19000000000000E+0002 -2.69165039062500E-0002 -6.01196289062500E-0002 
 1.19500000000000E+0002 -2.97546386718750E-0002 -6.44226074218750E-0002 
 1.20000000000000E+0002 -3.39660644531250E-0002 -6.61010742187500E-0002 
 1.20500000000000E+0002 -3.97338867187500E-0002 -6.23474121093750E-0002 
 1.21000000000000E+0002 -4.44946289062500E-0002 -5.27038574218750E-0002 
 1.21500000000000E+0002 -4.62951660156250E-0002 -4.27856445312500E-0002 
 1.22000000000000E+0002 -4.63256835937500E-0002 -3.69567871093750E-0002 
 1.22500000000000E+0002 -4.37316894531250E-0002 -2.95410156250000E-0002 
 1.23000000000000E+0002 -3.55529785156250E-0002 -2.39257812500000E-0002 
 1.23500000000000E+0002 -2.61230468750000E-0002 -2.37731933593750E-0002 
 1.24000000000000E+0002 -1.91650390625000E-0002 -2.61230468750000E-0002 
 1.24500000000000E+0002 -1.49841308593750E-0002 -2.63977050781250E-0002 
 1.25000000000000E+0002 -1.62963867187500E-0002 -2.07519531250000E-0002 
 1.25500000000000E+0002 -2.43225097656250E-0002 -1.41906738281250E-0002 
 1.26000000000000E+0002 -4.00390625000000E-0002 -7.50732421875000E-0003 
 1.26500000000000E+0002 -5.26733398437500E-0002  1.03759765625000E-0003 
 1.27000000000000E+0002 -5.83801269531250E-0002  5.52368164062500E-0003 
 1.27500000000000E+0002 -6.26831054687500E-0002  2.28881835937500E-0003 
 1.28000000000000E+0002 -6.36596679687500E-0002 -7.50732421875000E-0003 
 1.28500000000000E+0002 -5.86242675781250E-0002 -2.34985351562500E-0002 
 1.29000000000000E+0002 -5.25512695312500E-0002 -4.10156250000000E-0002 
 1.29500000000000E+0002 -4.81567382812500E-0002 -5.59082031250000E-0002 
 1.30000000000000E+0002 -4.73022460937500E-0002 -6.86645507812500E-0002 
 1.30500000000000E+0002 -4.89196777343750E-0002 -7.80639648437500E-0002 
 1.31000000000000E+0002 -5.03845214843750E-0002 -8.30993652343750E-0002 
 1.31500000000000E+0002 -4.93164062500000E-0002 -8.37402343750000E-0002 
 1.32000000000000E+0002 -4.54101562500000E-0002 -8.36486816406250E-0002 
 1.32500000000000E+0002 -4.19616699218750E-0002 -8.23974609375000E-0002 
 1.33000000000000E+0002 -3.58886718750000E-0002 -7.49511718750000E-0002 
 1.33500000000000E+0002 -2.56958007812500E-0002 -6.64672851562500E-0002 
 1.34000000000000E+0002 -1.58081054687500E-0002 -5.97229003906250E-0002 
 1.34500000000000E+0002 -8.51440429687500E-0003 -5.51757812500000E-0002 
 1.35000000000000E+0002 -3.17382812500000E-0003 -5.43518066406250E-0002 
 1.35500000000000E+0002  5.18798828125000E-0004 -5.77697753906250E-0002 
 1.36000000000000E+0002  2.86865234375000E-0003 -6.09130859375000E-0002 
 1.36500000000000E+0002  5.70678710937500E-0003 -5.94482421875000E-0002 
 1.37000000000000E+0002  1.08337402343750E-0002 -5.43518066406250E-0002 
 1.37500000000000E+0002  1.62963867187500E-0002 -4.73632812500000E-0002 
 1.38000000000000E+0002  1.82189941406250E-0002 -3.76892089843750E-0002 
 1.38500000000000E+0002  1.31225585937500E-0002 -2.70690917968750E-0002 
 1.39000000000000E+0002  3.96728515625000E-0003 -1.78527832031250E-0002 
 1.39500000000000E+0002 -3.35693359375000E-0003 -1.33056640625000E-0002 
 1.40000000000000E+0002 -9.97924804687500E-0003 -1.55639648437500E-0002 
 1.40500000000000E+0002 -1.61743164062500E-0002 -2.05383300781250E-0002 
 1.41000000000000E+0002 -1.67236328125000E-0002 -2.56652832031250E-0002 
 1.41500000000000E+0002 -1.22680664062500E-0002 -3.14025878906250E-0002 
 1.42000000000000E+0002 -7.01904296875000E-0003 -3.58886718750000E-0002 
 1.42500000000000E+0002 -3.54003906250000E-0003 -3.53393554687500E-0002 
 1.43000000000000E+0002 -3.66210937500000E-0004 -2.91748046875000E-0002 
 1.43500000000000E+0002  3.02124023437500E-0003 -2.32543945312500E-0002 
 1.44000000000000E+0002  6.59179687500000E-0003 -2.10571289062500E-0002 
 1.44500000000000E+0002  1.56250000000000E-0002 -2.07519531250000E-0002 
 1.45000000000000E+0002  2.89306640625000E-0002 -2.37426757812500E-0002 
 1.45500000000000E+0002  3.90930175781250E-0002 -3.16772460937500E-0002 
 1.46000000000000E+0002  4.58068847656250E-0002 -3.94592285156250E-0002 
 1.46500000000000E+0002  5.12390136718750E-0002 -4.84008789062500E-0002 
 1.47000000000000E+0002  5.34973144531250E-0002 -5.64270019531250E-0002 
 1.47500000000000E+0002  4.90417480468750E-0002 -5.99060058593750E-0002 
 1.48000000000000E+0002  4.19311523437500E-0002 -5.90820312500000E-0002 
 1.48500000000000E+0002  3.63159179687500E-0002 -5.88073730468750E-0002 
 1.49000000000000E+0002  2.85034179687500E-0002 -5.90820312500000E-0002 
 1.49500000000000E+0002  1.80358886718750E-0002 -5.37109375000000E-0002 
 1.50000000000000E+0002  9.24682617187500E-0003 -4.37011718750000E-0002 
 1.50500000000000E+0002  4.36401367187500E-0003 -3.81164550781250E-0002 
 1.51000000000000E+0002  4.57763671875000E-0004 -3.89404296875000E-0002 
 1.51500000000000E+0002 -1.98364257812500E-0003 -4.07409667968750E-0002 
 1.52000000000000E+0002 -2.41088867187500E-0003 -4.00695800781250E-0002 
 1.52500000000000E+0002 -1.43432617187500E-0003 -3.84216308593750E-0002 
 1.53000000000000E+0002 -3.93676757812500E-0003 -3.86352539062500E-0002 
 1.53500000000000E+0002 -1.06201171875000E-0002 -3.59802246093750E-0002 
 1.54000000000000E+0002 -1.51062011718750E-0002 -2.83813476562500E-0002 
 1.54500000000000E+0002 -1.51977539062500E-0002 -1.99584960937500E-0002 
 1.55000000000000E+0002 -1.30615234375000E-0002 -1.50146484375000E-0002 
 1.55500000000000E+0002 -9.94873046875000E-0003 -1.35192871093750E-0002 
 1.56000000000000E+0002 -4.85229492187500E-0003 -1.30615234375000E-0002 
 1.56500000000000E+0002 -2.44140625000000E-0004 -1.58081054687500E-0002 
 1.57000000000000E+0002 -2.50244140625000E-0003 -2.01416015625000E-0002 
 1.57500000000000E+0002 -7.23266601562500E-0003 -2.29492187500000E-0002 
 1.58000000000000E+0002 -9.67407226562500E-0003 -2.74353027343750E-0002 
 1.58500000000000E+0002 -1.16271972656250E-0002 -3.48510742187500E-0002 
 1.59000000000000E+0002 -1.51062011718750E-0002 -4.12292480468750E-0002 
 1.59500000000000E+0002 -1.89208984375000E-0002 -4.55322265625000E-0002 
 1.60000000000000E+0002 -2.31933593750000E-0002 -5.20935058593750E-0002 
 1.60500000000000E+0002 -2.58789062500000E-0002 -6.03942871093750E-0002 
 1.61000000000000E+0002 -2.75878906250000E-0002 -6.53076171875000E-0002 
 1.61500000000000E+0002 -3.08837890625000E-0002 -6.59179687500000E-0002 
 1.62000000000000E+0002 -3.60412597656250E-0002 -6.39343261718750E-0002 
 1.62500000000000E+0002 -3.97033691406250E-0002 -5.74951171875000E-0002 
 1.63000000000000E+0002 -4.18090820312500E-0002 -4.71801757812500E-0002 
 1.63500000000000E+0002 -4.51965332031250E-0002 -3.18603515625000E-0002 
 1.64000000000000E+0002 -4.58984375000000E-0002 -1.67236328125000E-0002 
 1.64500000000000E+0002 -4.22668457031250E-0002 -5.24902343750000E-0003 
 1.65000000000000E+0002 -3.53393554687500E-0002  2.53295898437500E-0003 
 1.65500000000000E+0002 -2.84423828125000E-0002  7.56835937500000E-0003 
 1.66000000000000E+0002 -2.50549316406250E-0002  9.24682617187500E-0003 
 1.66500000000000E+0002 -2.55126953125000E-0002  4.97436523437500E-0003 
 1.67000000000000E+0002 -2.98156738281250E-0002 -5.43212890625000E-0003 
 1.67500000000000E+0002 -3.67126464843750E-0002 -1.87072753906250E-0002 
 1.68000000000000E+0002 -4.24499511718750E-0002 -2.88696289062500E-0002 
 1.68500000000000E+0002 -4.50134277343750E-0002 -3.65600585937500E-0002 
 1.69000000000000E+0002 -4.19006347656250E-0002 -4.06188964843750E-0002 
 1.69500000000000E+0002 -3.03955078125000E-0002 -3.57971191406250E-0002 
 1.70000000000000E+0002 -1.28479003906250E-0002 -2.34375000000000E-0002 
 1.70500000000000E+0002  7.38525390625000E-0003 -1.01318359375000E-0002 
 1.71000000000000E+0002  2.36511230468750E-0002 -3.20434570312500E-0003 
 1.71500000000000E+0002  3.19824218750000E-0002 -3.05175781250000E-0005 
 1.72000000000000E+0002  3.32641601562500E-0002  6.10351562500000E-0005 
 1.72500000000000E+0002  2.45971679687500E-0002 -5.82885742187500E-0003 
 1.73000000000000E+0002  8.66699218750000E-0003 -1.54113769531250E-0002 
 1.73500000000000E+0002 -4.94384765625000E-0003 -2.34680175781250E-0002 
 1.74000000000000E+0002 -1.26647949218750E-0002 -2.72216796875000E-0002 
 1.74500000000000E+0002 -1.44653320312500E-0002 -2.80151367187500E-0002 
 1.75000000000000E+0002 -1.31530761718750E-0002 -3.17993164062500E-0002 
 1.75500000000000E+0002 -1.29394531250000E-0002 -3.96118164062500E-0002 
 1.76000000000000E+0002 -1.44348144531250E-0002 -4.70275878906250E-0002 
 1.76500000000000E+0002 -1.69677734375000E-0002 -5.42907714843750E-0002 
 1.77000000000000E+0002 -2.20336914062500E-0002 -6.07910156250000E-0002 
 1.77500000000000E+0002 -2.91442871093750E-0002 -6.18896484375000E-0002 
 1.78000000000000E+0002 -3.52783203125000E-0002 -5.32531738281250E-0002 
 1.78500000000000E+0002 -3.75366210937500E-0002 -3.78112792968750E-0002 
 1.79000000000000E+0002 -3.68347167968750E-0002 -1.94091796875000E-0002 
 1.79500000000000E+0002 -3.28369140625000E-0002 -3.20434570312500E-0003 
 1.80000000000000E+0002 -2.66113281250000E-0002  3.96728515625000E-0003 
 1.80500000000000E+0002 -2.23999023437500E-0002 -1.22070312500000E-0003 
 1.81000000000000E+0002 -2.00195312500000E-0002 -1.15356445312500E-0002 
 1.81500000000000E+0002 -1.67236328125000E-0002 -2.05688476562500E-0002 
 1.82000000000000E+0002 -1.22070312500000E-0002 -2.78015136718750E-0002 
 1.82500000000000E+0002 -9.55200195312500E-0003 -3.37219238281250E-0002 
 1.83000000000000E+0002 -1.12609863281250E-0002 -3.64074707031250E-0002 
 1.83500000000000E+0002 -1.49536132812500E-0002 -3.75061035156250E-0002 
 1.84000000000000E+0002 -2.12402343750000E-0002 -4.25720214843750E-0002 
 1.84500000000000E+0002 -3.21960449218750E-0002 -5.07812500000000E-0002 
 1.85000000000000E+0002 -4.61730957031250E-0002 -5.91735839843750E-0002 
 1.85500000000000E+0002 -5.84106445312500E-0002 -6.30187988281250E-0002 
 1.86000000000000E+0002 -6.19506835937500E-0002 -5.95397949218750E-0002 
 1.86500000000000E+0002 -5.79833984375000E-0002 -5.33752441406250E-0002 
 1.87000000000000E+0002 -4.95910644531250E-0002 -4.42199707031250E-0002 
 1.87500000000000E+0002 -3.73840332031250E-0002 -3.42102050781250E-0002 
 1.88000000000000E+0002 -2.37731933593750E-0002 -2.86560058593750E-0002 
 1.88500000000000E+0002 -1.29699707031250E-0002 -2.95104980468750E-0002 
 1.89000000000000E+0002 -8.23974609375000E-0003 -3.35998535156250E-0002 
 1.89500000000000E+0002 -7.08007812500000E-0003 -3.60412597656250E-0002 
 1.90000000000000E+0002 -8.33129882812500E-0003 -3.76586914062500E-0002 
 1.90500000000000E+0002 -1.14440917968750E-0002 -3.93981933593750E-0002 
 1.91000000000000E+0002 -1.19628906250000E-0002 -3.91235351562500E-0002 
 1.91500000000000E+0002 -9.46044921875000E-0003 -3.34777832031250E-0002 
 1.92000000000000E+0002 -6.31713867187500E-0003 -2.28881835937500E-0002 
 1.92500000000000E+0002 -3.66210937500000E-0003 -1.09863281250000E-0002 
 1.93000000000000E+0002 -7.62939453125000E-0004 -3.35693359375000E-0004 
 1.93500000000000E+0002  3.11279296875000E-0003  9.55200195312500E-0003 
 1.94000000000000E+0002  6.40869140625000E-0003  1.45263671875000E-0002 
 1.94500000000000E+0002  6.68334960937500E-0003  1.16577148437500E-0002 
 1.95000000000000E+0002  4.39453125000000E-0003  2.80761718750000E-0003 
 1.95500000000000E+0002  8.23974609375000E-0004 -5.58471679687500E-0003 
 1.96000000000000E+0002 -3.57055664062500E-0003 -1.16882324218750E-0002 
 1.96500000000000E+0002 -9.15527343750000E-0003 -1.55334472656250E-0002 
 1.97000000000000E+0002 -1.61437988281250E-0002 -1.69677734375000E-0002 
 1.97500000000000E+0002 -2.42004394531250E-0002 -1.62353515625000E-0002 
 1.98000000000000E+0002 -3.14636230468750E-0002 -1.68762207031250E-0002 
 1.98500000000000E+0002 -3.61022949218750E-0002 -1.70593261718750E-0002 
 1.99000000000000E+0002 -3.76892089843750E-0002 -1.55639648437500E-0002 
 1.99500000000000E+0002 -3.76892089843750E-0002 -1.18103027343750E-0002 
 2.00000000000000E+0002 -3.68347167968750E-0002 -9.42993164062500E-0003 
 2.00500000000000E+0002 -3.61938476562500E-0002 -1.10473632812500E-0002 
 2.01000000000000E+0002 -3.61022949218750E-0002 -1.69982910156250E-0002 
 2.01500000000000E+0002 -3.37829589843750E-0002 -2.58483886718750E-0002 
 2.02000000000000E+0002 -3.26232910156250E-0002 -3.68347167968750E-0002 
 2.02500000000000E+0002 -3.75061035156250E-0002 -4.66613769531250E-0002 
 2.03000000000000E+0002 -4.55017089843750E-0002 -5.22155761718750E-0002 
 2.03500000000000E+0002 -5.06591796875000E-0002 -5.05371093750000E-0002 
 2.04000000000000E+0002 -5.09033203125000E-0002 -4.63867187500000E-0002 
 2.04500000000000E+0002 -5.13305664062500E-0002 -4.55932617187500E-0002 
 2.05000000000000E+0002 -5.10253906250000E-0002 -4.75158691406250E-0002 
 2.05500000000000E+0002 -4.47387695312500E-0002 -4.86450195312500E-0002 
 2.06000000000000E+0002 -3.47290039062500E-0002 -4.76379394531250E-0002 
 2.06500000000000E+0002 -2.49633789062500E-0002 -4.66613769531250E-0002 
 2.07000000000000E+0002 -1.84936523437500E-0002 -4.36401367187500E-0002 
 2.07500000000000E+0002 -1.27868652343750E-0002 -3.74145507812500E-0002 
 2.08000000000000E+0002 -1.06811523437500E-0002 -3.17077636718750E-0002 
 2.08500000000000E+0002 -1.51062011718750E-0002 -2.69470214843750E-0002 
 2.09000000000000E+0002 -2.12097167968750E-0002 -2.12707519531250E-0002 
 2.09500000000000E+0002 -2.40478515625000E-0002 -1.40380859375000E-0002 
 2.10000000000000E+0002 -2.44750976562500E-0002 -1.01928710937500E-0002 
 2.10500000000000E+0002 -2.53601074218750E-0002 -9.88769531250000E-0003 
 2.11000000000000E+0002 -2.46582031250000E-0002 -1.03759765625000E-0002 
 2.11500000000000E+0002 -1.98669433593750E-0002 -1.22985839843750E-0002 
 2.12000000000000E+0002 -1.49841308593750E-0002 -1.64489746093750E-0002 
 2.12500000000000E+0002 -1.06201171875000E-0002 -2.34375000000000E-0002 
 2.13000000000000E+0002 -8.69750976562500E-0003 -3.15246582031250E-0002 
 2.13500000000000E+0002 -8.30078125000000E-0003 -3.70788574218750E-0002 
 2.14000000000000E+0002 -7.53784179687500E-0003 -3.95202636718750E-0002 
 2.14500000000000E+0002 -6.59179687500000E-0003 -4.12597656250000E-0002 
 2.15000000000000E+0002 -6.34765625000000E-0003 -4.19616699218750E-0002 
 2.15500000000000E+0002 -8.05664062500000E-0003 -3.83300781250000E-0002 
 2.16000000000000E+0002 -1.05895996093750E-0002 -3.35693359375000E-0002 
 2.16500000000000E+0002 -1.29394531250000E-0002 -3.04260253906250E-0002 
 2.17000000000000E+0002 -1.43737792968750E-0002 -2.88085937500000E-0002 
 2.17500000000000E+0002 -1.56860351562500E-0002 -2.63977050781250E-0002 
 2.18000000000000E+0002 -1.67846679687500E-0002 -2.36816406250000E-0002 
 2.18500000000000E+0002 -1.78527832031250E-0002 -2.30712890625000E-0002 
 2.19000000000000E+0002 -2.02636718750000E-0002 -2.25524902343750E-0002 
 2.19500000000000E+0002 -2.13317871093750E-0002 -2.06604003906250E-0002 
 2.20000000000000E+0002 -2.45361328125000E-0002 -1.89819335937500E-0002 
 2.20500000000000E+0002 -2.91442871093750E-0002 -1.90734863281250E-0002 
 2.21000000000000E+0002 -3.56750488281250E-0002 -2.14843750000000E-0002 
 2.21500000000000E+0002 -4.46166992187500E-0002 -2.39257812500000E-0002 
 2.22000000000000E+0002 -5.17883300781250E-0002 -2.57873535156250E-0002 
 2.22500000000000E+0002 -5.65490722656250E-0002 -3.11584472656250E-0002 
 2.23000000000000E+0002 -5.69152832031250E-0002 -3.78723144531250E-0002 
 2.23500000000000E+0002 -5.44433593750000E-0002 -4.46166992187500E-0002 
 2.24000000000000E+0002 -4.97741699218750E-0002 -4.81567382812500E-0002 
 2.24500000000000E+0002 -4.11987304687500E-0002 -4.62341308593750E-0002 
 2.25000000000000E+0002 -3.09143066406250E-0002 -3.97949218750000E-0002 
 2.25500000000000E+0002 -2.03857421875000E-0002 -3.10058593750000E-0002 
 2.26000000000000E+0002 -1.02844238281250E-0002 -2.38952636718750E-0002 
 2.26500000000000E+0002 -1.22070312500000E-0003 -2.09045410156250E-0002 
 2.27000000000000E+0002  5.03540039062500E-0003 -2.26135253906250E-0002 
 2.27500000000000E+0002  8.48388671875000E-0003 -2.66418457031250E-0002 
 2.28000000000000E+0002  1.03149414062500E-0002 -2.82287597656250E-0002 
 2.28500000000000E+0002  1.21154785156250E-0002 -2.90832519531250E-0002 
 2.29000000000000E+0002  1.04370117187500E-0002 -2.97241210937500E-0002 
 2.29500000000000E+0002  6.25610351562500E-0003 -2.53906250000000E-0002 
 2.30000000000000E+0002  6.77490234375000E-0003 -1.65710449218750E-0002 
 2.30500000000000E+0002  1.11083984375000E-0002 -8.66699218750000E-0003 
 2.31000000000000E+0002  1.07727050781250E-0002 -4.57763671875000E-0003 
 2.31500000000000E+0002  4.08935546875000E-0003 -1.09863281250000E-0003 
 2.32000000000000E+0002 -3.05175781250000E-0003  4.76074218750000E-0003 
 2.32500000000000E+0002 -6.62231445312500E-0003  9.30786132812500E-0003 
 2.33000000000000E+0002 -1.02844238281250E-0002  9.27734375000000E-0003 
 2.33500000000000E+0002 -1.51977539062500E-0002  8.51440429687500E-0003 
 2.34000000000000E+0002 -1.70898437500000E-0002  6.40869140625000E-0003 
 2.34500000000000E+0002 -1.30920410156250E-0002  2.04467773437500E-0003 
 2.35000000000000E+0002 -7.04956054687500E-0003 -7.44628906250000E-0003 
 2.35500000000000E+0002 -1.01318359375000E-0002 -2.19421386718750E-0002 
 2.36000000000000E+0002 -2.44140625000000E-0002 -3.49121093750000E-0002 
 2.36500000000000E+0002 -4.08630371093750E-0002 -4.30603027343750E-0002 
 2.37000000000000E+0002 -5.26123046875000E-0002 -4.68444824218750E-0002 
 2.37500000000000E+0002 -6.20727539062500E-0002 -4.83398437500000E-0002 
 2.38000000000000E+0002 -7.18688964843750E-0002 -4.89501953125000E-0002 
 2.38500000000000E+0002 -7.76367187500000E-0002 -4.70275878906250E-0002 
 2.39000000000000E+0002 -7.48901367187500E-0002 -4.41284179687500E-0002 
 2.39500000000000E+0002 -6.53991699218750E-0002 -4.11071777343750E-0002 
 2.40000000000000E+0002 -5.38330078125000E-0002 -3.86047363281250E-0002 
 2.40500000000000E+0002 -4.32434082031250E-0002 -3.76281738281250E-0002 
 2.41000000000000E+0002 -3.48815917968750E-0002 -3.52172851562500E-0002 
 2.41500000000000E+0002 -2.67028808593750E-0002 -3.01818847656250E-0002 
 2.42000000000000E+0002 -2.16064453125000E-0002 -2.70385742187500E-0002 
 2.42500000000000E+0002 -2.00805664062500E-0002 -2.86865234375000E-0002 
 2.43000000000000E+0002 -2.12402343750000E-0002 -3.43322753906250E-0002 
 2.43500000000000E+0002 -2.16979980468750E-0002 -4.09545898437500E-0002 
 2.44000000000000E+0002 -2.00195312500000E-0002 -4.84619140625000E-0002 
 2.44500000000000E+0002 -1.77612304687500E-0002 -5.36804199218750E-0002 
 2.45000000000000E+0002 -1.47094726562500E-0002 -5.49316406250000E-0002 
 2.45500000000000E+0002 -1.43127441406250E-0002 -5.38330078125000E-0002 
 2.46000000000000E+0002 -2.15454101562500E-0002 -5.00183105468750E-0002 
 2.46500000000000E+0002 -3.48510742187500E-0002 -4.20837402343750E-0002 
 2.47000000000000E+0002 -4.58374023437500E-0002 -3.11584472656250E-0002 
 2.47500000000000E+0002 -5.11474609375000E-0002 -2.37121582031250E-0002 
 2.48000000000000E+0002 -5.20324707031250E-0002 -2.36511230468750E-0002 
 2.48500000000000E+0002 -4.91027832031250E-0002 -2.64282226562500E-0002 
 2.49000000000000E+0002 -4.33654785156250E-0002 -2.79846191406250E-0002 
 2.49500000000000E+0002 -3.61633300781250E-0002 -2.75268554687500E-0002 
 2.50000000000000E+0002 -3.08532714843750E-0002 -2.62451171875000E-0002 
 2.50500000000000E+0002 -2.87475585937500E-0002 -2.29797363281250E-0002 
 2.51000000000000E+0002 -2.84423828125000E-0002 -1.63574218750000E-0002 
 2.51500000000000E+0002 -2.79541015625000E-0002 -9.33837890625000E-0003 
 2.52000000000000E+0002 -2.58178710937500E-0002 -3.38745117187500E-0003 
 2.52500000000000E+0002 -2.31018066406250E-0002 -2.13623046875000E-0004 
 2.53000000000000E+0002 -2.14538574218750E-0002  1.03759765625000E-0003 
 2.53500000000000E+0002 -2.06604003906250E-0002  2.96020507812500E-0003 
 2.54000000000000E+0002 -2.40783691406250E-0002  4.73022460937500E-0003 
 2.54500000000000E+0002 -3.07922363281250E-0002  5.12695312500000E-0003 
 2.55000000000000E+0002 -3.41491699218750E-0002  3.05175781250000E-0003 
 2.55500000000000E+0002 -3.61328125000000E-0002 -3.38745117187500E-0003 
 2.56000000000000E+0002 -4.21752929687500E-0002 -9.33837890625000E-0003 
 2.56500000000000E+0002 -4.74548339843750E-0002 -1.14440917968750E-0002 
 2.57000000000000E+0002 -4.73632812500000E-0002 -1.37329101562500E-0002 
 2.57500000000000E+0002 -4.51660156250000E-0002 -1.64184570312500E-0002 
 2.58000000000000E+0002 -4.35791015625000E-0002 -1.78527832031250E-0002 
 2.58500000000000E+0002 -4.04663085937500E-0002 -1.86767578125000E-0002 
 2.59000000000000E+0002 -3.70178222656250E-0002 -2.33459472656250E-0002 
 2.59500000000000E+0002 -3.38134765625000E-0002 -2.90222167968750E-0002 
 2.60000000000000E+0002 -2.72521972656250E-0002 -2.96630859375000E-0002 
 2.60500000000000E+0002 -2.01721191406250E-0002 -2.41394042968750E-0002 
 2.61000000000000E+0002 -1.92260742187500E-0002 -1.46179199218750E-0002 
 2.61500000000000E+0002 -1.96533203125000E-0002 -4.88281250000000E-0003 
 2.62000000000000E+0002 -2.08129882812500E-0002  3.35693359375000E-0004 
 2.62500000000000E+0002 -2.57873535156250E-0002  4.18090820312500E-0003 
 2.63000000000000E+0002 -3.51562500000000E-0002  3.35693359375000E-0003 
 2.63500000000000E+0002 -4.43725585937500E-0002 -2.19726562500000E-0003 
 2.64000000000000E+0002 -4.84619140625000E-0002 -7.44628906250000E-0003 
 2.64500000000000E+0002 -4.78820800781250E-0002 -3.93676757812500E-0003 
 2.65000000000000E+0002 -4.23889160156250E-0002  6.04248046875000E-0003 
 2.65500000000000E+0002 -3.56445312500000E-0002  1.16882324218750E-0002 
 2.66000000000000E+0002 -3.30505371093750E-0002  1.25427246093750E-0002 
 2.66500000000000E+0002 -3.57666015625000E-0002  1.08032226562500E-0002 
 2.67000000000000E+0002 -4.07409667968750E-0002  4.11987304687500E-0003 
 2.67500000000000E+0002 -4.61425781250000E-0002 -8.91113281250000E-0003 
 2.68000000000000E+0002 -5.41992187500000E-0002 -2.41088867187500E-0002 
 2.68500000000000E+0002 -6.77490234375000E-0002 -3.31420898437500E-0002 
 2.69000000000000E+0002 -8.05969238281250E-0002 -3.23486328125000E-0002 
 2.69500000000000E+0002 -8.45031738281250E-0002 -2.51464843750000E-0002 
 2.70000000000000E+0002 -8.06274414062500E-0002 -1.84020996093750E-0002 
 2.70500000000000E+0002 -7.69653320312500E-0002 -1.52282714843750E-0002 
 2.71000000000000E+0002 -7.37304687500000E-0002 -1.52893066406250E-0002 
 2.71500000000000E+0002 -6.73217773437500E-0002 -1.64794921875000E-0002 
 2.72000000000000E+0002 -5.76477050781250E-0002 -2.09350585937500E-0002 
 2.72500000000000E+0002 -4.98046875000000E-0002 -3.04565429687500E-0002 
 2.73000000000000E+0002 -4.48303222656250E-0002 -4.08325195312500E-0002 
 2.73500000000000E+0002 -3.89404296875000E-0002 -4.76379394531250E-0002 
 2.74000000000000E+0002 -3.04565429687500E-0002 -5.04760742187500E-0002 
 2.74500000000000E+0002 -2.14538574218750E-0002 -5.09033203125000E-0002 
 2.75000000000000E+0002 -1.79748535156250E-0002 -5.04455566406250E-0002 
 2.75500000000000E+0002 -2.10876464843750E-0002 -4.67224121093750E-0002 
 2.76000000000000E+0002 -2.68859863281250E-0002 -4.00390625000000E-0002 
 2.76500000000000E+0002 -3.60717773437500E-0002 -2.96020507812500E-0002 
 2.77000000000000E+0002 -4.30603027343750E-0002 -1.71203613281250E-0002 
 2.77500000000000E+0002 -4.39453125000000E-0002 -8.42285156250000E-0003 
 2.78000000000000E+0002 -3.81774902343750E-0002 -2.31933593750000E-0003 
 2.78500000000000E+0002 -2.76794433593750E-0002  3.17382812500000E-0003 
 2.79000000000000E+0002 -1.65710449218750E-0002  7.47680664062500E-0003 
 2.79500000000000E+0002 -4.30297851562500E-0003  7.26318359375000E-0003 
 2.80000000000000E+0002  2.89916992187500E-0003  3.23486328125000E-0003 
 2.80500000000000E+0002  6.10351562500000E-0004  2.96020507812500E-0003 
 2.81000000000000E+0002 -8.69750976562500E-0003  7.69042968750000E-0003 
 2.81500000000000E+0002 -1.93481445312500E-0002  1.26037597656250E-0002 
 2.82000000000000E+0002 -2.49633789062500E-0002  1.34277343750000E-0002 
 2.82500000000000E+0002 -2.70080566406250E-0002  1.06506347656250E-0002 
 2.83000000000000E+0002 -2.67333984375000E-0002  7.69042968750000E-0003 
 2.83500000000000E+0002 -2.66723632812500E-0002  1.98364257812500E-0003 
 2.84000000000000E+0002 -2.83813476562500E-0002 -7.32421875000000E-0003 
 2.84500000000000E+0002 -3.39050292968750E-0002 -1.65405273437500E-0002 
 2.85000000000000E+0002 -4.18090820312500E-0002 -1.93176269531250E-0002 
 2.85500000000000E+0002 -4.75769042968750E-0002 -1.45874023437500E-0002 
 2.86000000000000E+0002 -4.91027832031250E-0002 -8.08715820312500E-0003 
 2.86500000000000E+0002 -4.43115234375000E-0002 -3.69262695312500E-0003 
 2.87000000000000E+0002 -3.43322753906250E-0002 -9.76562500000000E-0004 
 2.87500000000000E+0002 -2.24609375000000E-0002 -7.93457031250000E-0004 
 2.88000000000000E+0002 -1.55639648437500E-0002 -5.92041015625000E-0003 
 2.88500000000000E+0002 -1.62048339843750E-0002 -1.39770507812500E-0002 
 2.89000000000000E+0002 -2.16064453125000E-0002 -1.94091796875000E-0002 
 2.89500000000000E+0002 -2.63366699218750E-0002 -1.91650390625000E-0002 
 2.90000000000000E+0002 -2.79235839843750E-0002 -1.82495117187500E-0002 
 2.90500000000000E+0002 -2.98156738281250E-0002 -2.07519531250000E-0002 
 2.91000000000000E+0002 -3.09448242187500E-0002 -2.38647460937500E-0002 
 2.91500000000000E+0002 -2.94494628906250E-0002 -2.90222167968750E-0002 
 2.92000000000000E+0002 -2.96020507812500E-0002 -3.46984863281250E-0002 
 2.92500000000000E+0002 -3.44848632812500E-0002 -3.73229980468750E-0002 
 2.93000000000000E+0002 -4.17785644531250E-0002 -3.50341796875000E-0002 
 2.93500000000000E+0002 -4.72106933593750E-0002 -3.12194824218750E-0002 
 2.94000000000000E+0002 -5.20935058593750E-0002 -3.06701660156250E-0002 
 2.94500000000000E+0002 -5.76782226562500E-0002 -3.23181152343750E-0002 
 2.95000000000000E+0002 -6.05468750000000E-0002 -3.89404296875000E-0002 
 2.95500000000000E+0002 -6.33239746093750E-0002 -4.99877929687500E-0002 
 2.96000000000000E+0002 -6.87866210937500E-0002 -5.69458007812500E-0002 
 2.96500000000000E+0002 -7.29064941406250E-0002 -5.39855957031250E-0002 
 2.97000000000000E+0002 -6.90307617187500E-0002 -4.47692871093750E-0002 
 2.97500000000000E+0002 -5.83801269531250E-0002 -3.54309082031250E-0002 
 2.98000000000000E+0002 -4.50439453125000E-0002 -2.47192382812500E-0002 
 2.98500000000000E+0002 -2.85339355468750E-0002 -1.28173828125000E-0002 
 2.99000000000000E+0002 -9.30786132812500E-0003 -5.85937500000000E-0003 
 2.99500000000000E+0002  8.54492187500000E-0003 -7.35473632812500E-0003 
 3.00000000000000E+0002  2.02026367187500E-0002 -1.52587890625000E-0002 
 3.00500000000000E+0002  2.37121582031250E-0002 -2.47802734375000E-0002 
 3.01000000000000E+0002  2.17285156250000E-0002 -3.60717773437500E-0002 
 3.01500000000000E+0002  1.73950195312500E-0002 -5.19714355468750E-0002 
 3.02000000000000E+0002  9.82666015625000E-0003 -7.02819824218750E-0002 
 3.02500000000000E+0002 -3.66210937500000E-0003 -8.23059082031250E-0002 
 3.03000000000000E+0002 -1.96838378906250E-0002 -8.48388671875000E-0002 
 3.03500000000000E+0002 -3.31726074218750E-0002 -8.12683105468750E-0002 
 3.04000000000000E+0002 -4.26330566406250E-0002 -7.47375488281250E-0002 
 3.04500000000000E+0002 -4.84008789062500E-0002 -6.54907226562500E-0002 
 3.05000000000000E+0002 -4.97741699218750E-0002 -5.45349121093750E-0002 
 3.05500000000000E+0002 -4.69055175781250E-0002 -4.50439453125000E-0002 
 3.06000000000000E+0002 -3.90319824218750E-0002 -3.83911132812500E-0002 
 3.06500000000000E+0002 -3.01818847656250E-0002 -3.28979492187500E-0002 
 3.07000000000000E+0002 -2.41088867187500E-0002 -2.96325683593750E-0002 
 3.07500000000000E+0002 -2.42004394531250E-0002 -2.85644531250000E-0002 
 3.08000000000000E+0002 -3.11279296875000E-0002 -2.83203125000000E-0002 
 3.08500000000000E+0002 -4.15344238281250E-0002 -3.06396484375000E-0002 
 3.09000000000000E+0002 -5.34973144531250E-0002 -3.58581542968750E-0002 
 3.09500000000000E+0002 -6.15539550781250E-0002 -4.26025390625000E-0002 
 3.10000000000000E+0002 -6.31713867187500E-0002 -4.86755371093750E-0002 
 3.10500000000000E+0002 -5.93261718750000E-0002 -5.17883300781250E-0002 
 3.11000000000000E+0002 -4.90417480468750E-0002 -5.00183105468750E-0002 
 3.11500000000000E+0002 -3.29589843750000E-0002 -4.40063476562500E-0002 
 3.12000000000000E+0002 -1.63269042968750E-0002 -3.86352539062500E-0002 
 3.12500000000000E+0002 -4.94384765625000E-0003 -3.68041992187500E-0002 
 3.13000000000000E+0002 -2.25830078125000E-0003 -3.39355468750000E-0002 
 3.13500000000000E+0002 -3.35693359375000E-0003 -3.04870605468750E-0002 
 3.14000000000000E+0002 -6.56127929687500E-0003 -2.77404785156250E-0002 
 3.14500000000000E+0002 -1.52282714843750E-0002 -2.35595703125000E-0002 
 3.15000000000000E+0002 -2.41699218750000E-0002 -1.54724121093750E-0002 
 3.15500000000000E+0002 -2.77099609375000E-0002 -9.70458984375000E-0003 
 3.16000000000000E+0002 -2.74353027343750E-0002 -1.03149414062500E-0002 
 3.16500000000000E+0002 -2.84118652343750E-0002 -1.25122070312500E-0002 
 3.17000000000000E+0002 -3.05480957031250E-0002 -1.58996582031250E-0002 
 3.17500000000000E+0002 -3.17687988281250E-0002 -2.15148925781250E-0002 
 3.18000000000000E+0002 -3.25012207031250E-0002 -2.52685546875000E-0002 
 3.18500000000000E+0002 -3.14331054687500E-0002 -2.26440429687500E-0002 
 3.19000000000000E+0002 -3.07922363281250E-0002 -1.99279785156250E-0002 
 3.19500000000000E+0002 -3.61938476562500E-0002 -2.17285156250000E-0002 
 3.20000000000000E+0002 -4.32128906250000E-0002 -2.38647460937500E-0002 
 3.20500000000000E+0002 -4.73022460937500E-0002 -2.52685546875000E-0002 
 3.21000000000000E+0002 -5.22766113281250E-0002 -2.81066894531250E-0002 
 3.21500000000000E+0002 -5.96008300781250E-0002 -2.87475585937500E-0002 
 3.22000000000000E+0002 -5.94177246093750E-0002 -2.01416015625000E-0002 
 3.22500000000000E+0002 -4.35180664062500E-0002 -8.39233398437500E-0003 
 3.23000000000000E+0002 -2.47497558593750E-0002 -4.51660156250000E-0003 
 3.23500000000000E+0002 -1.26953125000000E-0002 -6.01196289062500E-0003 
 3.24000000000000E+0002 -3.17382812500000E-0003 -7.99560546875000E-0003 
 3.24500000000000E+0002  4.73022460937500E-0003 -1.38854980468750E-0002 
 3.25000000000000E+0002  6.53076171875000E-0003 -2.45666503906250E-0002 
 3.25500000000000E+0002  4.88281250000000E-0004 -3.41796875000000E-0002 
 3.26000000000000E+0002 -7.93457031250000E-0003 -3.89404296875000E-0002 
 3.26500000000000E+0002 -1.32751464843750E-0002 -4.02526855468750E-0002 
 3.27000000000000E+0002 -1.77917480468750E-0002 -4.01306152343750E-0002 
 3.27500000000000E+0002 -2.13317871093750E-0002 -3.95507812500000E-0002 
 3.28000000000000E+0002 -2.53906250000000E-0002 -3.80554199218750E-0002 
 3.28500000000000E+0002 -2.81982421875000E-0002 -3.73840332031250E-0002 
 3.29000000000000E+0002 -2.67333984375000E-0002 -3.67126464843750E-0002 
 3.29500000000000E+0002 -1.98974609375000E-0002 -3.62243652343750E-0002 
 3.30000000000000E+0002 -1.30004882812500E-0002 -3.79333496093750E-0002 
 3.30500000000000E+0002 -1.01928710937500E-0002 -3.74450683593750E-0002 
 3.31000000000000E+0002 -8.14819335937500E-0003 -3.21655273437500E-0002 
 3.31500000000000E+0002 -5.88989257812500E-0003 -2.60314941406250E-0002 
 3.32000000000000E+0002 -7.59887695312500E-0003 -2.31933593750000E-0002 
 3.32500000000000E+0002 -1.49841308593750E-0002 -2.36206054687500E-0002 
 3.33000000000000E+0002 -2.34375000000000E-0002 -2.26135253906250E-0002 
 3.33500000000000E+0002 -2.53906250000000E-0002 -2.27050781250000E-0002 
 3.34000000000000E+0002 -2.16979980468750E-0002 -2.63366699218750E-0002 
 3.34500000000000E+0002 -1.88903808593750E-0002 -2.94494628906250E-0002 
 3.35000000000000E+0002 -1.66931152343750E-0002 -2.74047851562500E-0002 
 3.35500000000000E+0002 -1.20239257812500E-0002 -2.04467773437500E-0002 
 3.36000000000000E+0002 -4.05883789062500E-0003 -1.31225585937500E-0002 
 3.36500000000000E+0002  3.05175781250000E-0003 -7.01904296875000E-0003 
 3.37000000000000E+0002  7.87353515625000E-0003 -2.07519531250000E-0003 
 3.37500000000000E+0002  1.30004882812500E-0002 -2.31933593750000E-0003 
 3.38000000000000E+0002  1.62658691406250E-0002 -6.74438476562500E-0003 
 3.38500000000000E+0002  1.24511718750000E-0002 -1.45874023437500E-0002 
 3.39000000000000E+0002  2.99072265625000E-0003 -2.24914550781250E-0002 
 3.39500000000000E+0002 -5.18798828125000E-0003 -3.16162109375000E-0002 
 3.40000000000000E+0002 -1.15051269531250E-0002 -4.13513183593750E-0002 
 3.40500000000000E+0002 -1.73339843750000E-0002 -4.94995117187500E-0002 
 3.41000000000000E+0002 -1.88293457031250E-0002 -5.62438964843750E-0002 
 3.41500000000000E+0002 -1.52587890625000E-0002 -6.21643066406250E-0002 
 3.42000000000000E+0002 -1.40991210937500E-0002 -6.58569335937500E-0002 
 3.42500000000000E+0002 -2.31018066406250E-0002 -6.53686523437500E-0002 
 3.43000000000000E+0002 -3.46069335937500E-0002 -6.01196289062500E-0002 
 3.43500000000000E+0002 -4.01916503906250E-0002 -5.38940429687500E-0002 
 3.44000000000000E+0002 -3.87573242187500E-0002 -5.43212890625000E-0002 
 3.44500000000000E+0002 -3.61328125000000E-0002 -6.28051757812500E-0002 
 3.45000000000000E+0002 -3.24707031250000E-0002 -7.21130371093750E-0002 
 3.45500000000000E+0002 -2.33459472656250E-0002 -7.55310058593750E-0002 
 3.46000000000000E+0002 -1.11389160156250E-0002 -7.44628906250000E-0002 
 3.46500000000000E+0002 -3.78417968750000E-0003 -6.96411132812500E-0002 
 3.47000000000000E+0002 -4.85229492187500E-0003 -5.81665039062500E-0002 
 3.47500000000000E+0002 -7.44628906250000E-0003 -3.94287109375000E-0002 
 3.48000000000000E+0002 -7.62939453125000E-0003 -2.06909179687500E-0002 
 3.48500000000000E+0002 -8.39233398437500E-0003 -1.19018554687500E-0002 
 3.49000000000000E+0002 -1.44042968750000E-0002 -1.54418945312500E-0002 
 3.49500000000000E+0002 -2.76794433593750E-0002 -2.35900878906250E-0002 
 3.50000000000000E+0002 -4.29077148437500E-0002 -2.69775390625000E-0002 
 3.50500000000000E+0002 -5.24902343750000E-0002 -2.78930664062500E-0002 
 3.51000000000000E+0002 -5.65490722656250E-0002 -2.95410156250000E-0002 
 3.51500000000000E+0002 -5.81359863281250E-0002 -2.81677246093750E-0002 
 3.52000000000000E+0002 -5.54199218750000E-0002 -1.88903808593750E-0002 
 3.52500000000000E+0002 -4.31823730468750E-0002 -8.20922851562500E-0003 
 3.53000000000000E+0002 -2.51159667968750E-0002 -5.95092773437500E-0003 
 3.53500000000000E+0002 -1.07727050781250E-0002 -1.47399902343750E-0002 
 3.54000000000000E+0002 -3.78417968750000E-0003 -2.88085937500000E-0002 
 3.54500000000000E+0002 -3.08227539062500E-0003 -4.29992675781250E-0002 
 3.55000000000000E+0002 -7.35473632812500E-0003 -5.56030273437500E-0002 
 3.55500000000000E+0002 -1.65405273437500E-0002 -6.35986328125000E-0002 
 3.56000000000000E+0002 -3.00598144531250E-0002 -6.48803710937500E-0002 
 3.56500000000000E+0002 -4.51354980468750E-0002 -6.17980957031250E-0002 
 3.57000000000000E+0002 -5.59082031250000E-0002 -5.89294433593750E-0002 
 3.57500000000000E+0002 -6.03332519531250E-0002 -5.92651367187500E-0002 
 3.58000000000000E+0002 -6.17980957031250E-0002 -6.53381347656250E-0002 
 3.58500000000000E+0002 -6.27746582031250E-0002 -7.55004882812500E-0002 
 3.59000000000000E+0002 -6.02111816406250E-0002 -8.48083496093750E-0002 
 3.59500000000000E+0002 -5.36804199218750E-0002 -8.45336914062500E-0002 
 3.60000000000000E+0002 -4.81872558593750E-0002 -7.16857910156250E-0002 
 3.60500000000000E+0002 -4.32434082031250E-0002 -5.29479980468750E-0002 
 3.61000000000000E+0002 -3.77197265625000E-0002 -3.71704101562500E-0002 
 3.61500000000000E+0002 -3.34167480468750E-0002 -2.81066894531250E-0002 
 3.62000000000000E+0002 -3.02734375000000E-0002 -2.35900878906250E-0002 
 3.62500000000000E+0002 -2.63366699218750E-0002 -2.42614746093750E-0002 
 3.63000000000000E+0002 -1.94702148437500E-0002 -3.35388183593750E-0002 
 3.63500000000000E+0002 -1.45263671875000E-0002 -4.29992675781250E-0002 
 3.64000000000000E+0002 -1.26037597656250E-0002 -4.39147949218750E-0002 
 3.64500000000000E+0002 -1.11083984375000E-0002 -3.89404296875000E-0002 
 3.65000000000000E+0002 -1.01623535156250E-0002 -3.37829589843750E-0002 
 3.65500000000000E+0002 -1.09863281250000E-0002 -2.82287597656250E-0002 
 3.66000000000000E+0002 -9.61303710937500E-0003 -2.22778320312500E-0002 
 3.66500000000000E+0002 -3.50952148437500E-0003 -2.20642089843750E-0002 
 3.67000000000000E+0002  4.39453125000000E-0003 -2.96020507812500E-0002 
 3.67500000000000E+0002  6.98852539062500E-0003 -4.22668457031250E-0002 
 3.68000000000000E+0002  3.93676757812500E-0003 -5.34362792968750E-0002 
 3.68500000000000E+0002 -3.41796875000000E-0003 -6.00585937500000E-0002 
 3.69000000000000E+0002 -1.35803222656250E-0002 -6.08825683593750E-0002 
 3.69500000000000E+0002 -2.39257812500000E-0002 -5.81359863281250E-0002 
 3.70000000000000E+0002 -3.44848632812500E-0002 -5.22460937500000E-0002 
 3.70500000000000E+0002 -4.23278808593750E-0002 -3.97338867187500E-0002 
 3.71000000000000E+0002 -4.38537597656250E-0002 -2.24304199218750E-0002 
 3.71500000000000E+0002 -4.23583984375000E-0002 -5.64575195312500E-0003 
 3.72000000000000E+0002 -4.04663085937500E-0002  3.69262695312500E-0003 
 3.72500000000000E+0002 -3.85131835937500E-0002  6.46972656250000E-0003 
 3.73000000000000E+0002 -3.21960449218750E-0002  6.95800781250000E-0003 
 3.73500000000000E+0002 -2.45971679687500E-0002  4.79125976562500E-0003 
 3.74000000000000E+0002 -2.11791992187500E-0002 -3.02124023437500E-0003 
 3.74500000000000E+0002 -2.21862792968750E-0002 -1.55639648437500E-0002 
 3.75000000000000E+0002 -2.61840820312500E-0002 -2.52075195312500E-0002 
 3.75500000000000E+0002 -2.89916992187500E-0002 -2.46276855468750E-0002 
 3.76000000000000E+0002 -2.75268554687500E-0002 -1.91040039062500E-0002 
 3.76500000000000E+0002 -2.20336914062500E-0002 -1.48010253906250E-0002 
 3.77000000000000E+0002 -1.57165527343750E-0002 -1.39770507812500E-0002 
 3.77500000000000E+0002 -1.32751464843750E-0002 -1.30310058593750E-0002 
 3.78000000000000E+0002 -1.20239257812500E-0002 -8.72802734375000E-0003 
 3.78500000000000E+0002 -8.48388671875000E-0003 -7.72094726562500E-0003 
 3.79000000000000E+0002 -9.61303710937500E-0003 -1.22985839843750E-0002 
 3.79500000000000E+0002 -1.97143554687500E-0002 -2.15454101562500E-0002 
 3.80000000000000E+0002 -3.49426269531250E-0002 -3.09448242187500E-0002 
 3.80500000000000E+0002 -4.59899902343750E-0002 -3.73229980468750E-0002 
 3.81000000000000E+0002 -5.12084960937500E-0002 -4.16259765625000E-0002 
 3.81500000000000E+0002 -5.70983886718750E-0002 -4.25720214843750E-0002 
 3.82000000000000E+0002 -5.88684082031250E-0002 -3.92456054687500E-0002 
 3.82500000000000E+0002 -5.01098632812500E-0002 -3.39660644531250E-0002 
 3.83000000000000E+0002 -3.17687988281250E-0002 -2.87780761718750E-0002 
 3.83500000000000E+0002 -1.24206542968750E-0002 -2.25830078125000E-0002 
 3.84000000000000E+0002  1.25122070312500E-0003 -1.41601562500000E-0002 
 3.84500000000000E+0002  1.03759765625000E-0002 -4.76074218750000E-0003 
 3.85000000000000E+0002  1.42517089843750E-0002  1.52587890625000E-0004 
 3.85500000000000E+0002  9.85717773437500E-0003  9.76562500000000E-0004 
 3.86000000000000E+0002 -1.09863281250000E-0003 -1.37329101562500E-0003 
 3.86500000000000E+0002 -1.55334472656250E-0002 -9.49096679687500E-0003 
 3.87000000000000E+0002 -3.09448242187500E-0002 -2.10876464843750E-0002 
 3.87500000000000E+0002 -4.46166992187500E-0002 -3.01513671875000E-0002 
 3.88000000000000E+0002 -5.31005859375000E-0002 -3.07922363281250E-0002 
 3.88500000000000E+0002 -5.56030273437500E-0002 -2.43835449218750E-0002 
 3.89000000000000E+0002 -5.54504394531250E-0002 -1.67541503906250E-0002 
 3.89500000000000E+0002 -5.35278320312500E-0002 -1.13525390625000E-0002 
 3.90000000000000E+0002 -4.73327636718750E-0002 -7.87353515625000E-0003 
 3.90500000000000E+0002 -3.64685058593750E-0002 -7.26318359375000E-0003 
 3.91000000000000E+0002 -2.33154296875000E-0002 -1.16577148437500E-0002 
 3.91500000000000E+0002 -1.09558105468750E-0002 -1.79443359375000E-0002 
 3.92000000000000E+0002  9.15527343750000E-0005 -2.36816406250000E-0002 
 3.92500000000000E+0002  6.83593750000000E-0003 -2.80151367187500E-0002 
 3.93000000000000E+0002  4.27246093750000E-0003 -2.94494628906250E-0002 
 3.93500000000000E+0002 -2.25830078125000E-0003 -2.53601074218750E-0002 
 3.94000000000000E+0002 -5.64575195312500E-0003 -1.90429687500000E-0002 
 3.94500000000000E+0002 -9.24682617187500E-0003 -1.79443359375000E-0002 
 3.95000000000000E+0002 -1.32141113281250E-0002 -2.11181640625000E-0002 
 3.95500000000000E+0002 -1.43432617187500E-0002 -2.51770019531250E-0002 
 3.96000000000000E+0002 -1.17797851562500E-0002 -3.10363769531250E-0002 
 3.96500000000000E+0002 -1.17797851562500E-0002 -3.36303710937500E-0002 
 3.97000000000000E+0002 -1.31835937500000E-0002 -3.25622558593750E-0002 
 3.97500000000000E+0002 -8.88061523437500E-0003 -2.91748046875000E-0002 
 3.98000000000000E+0002  1.06811523437500E-0003 -2.72521972656250E-0002 
 3.98500000000000E+0002  7.59887695312500E-0003 -2.34985351562500E-0002 
 3.99000000000000E+0002  1.13220214843750E-0002 -1.86462402343750E-0002 
 3.99500000000000E+0002  1.39770507812500E-0002 -1.91345214843750E-0002 
