 0.00000000000000E+0000  8.23669433593750E-0002  1.53717041015625E-0001 
 5.00000000000000E-0001  1.30584716796875E-0001  1.51611328125000E-0001 
 1.00000000000000E+0000  1.58386230468750E-0001  1.09619140625000E-0001 
 1.50000000000000E+0000  1.46667480468750E-0001  3.53088378906250E-0002 
 2.00000000000000E+0000  9.68017578125000E-0002 -3.63464355468750E-0002 
 2.50000000000000E+0000  4.11987304687500E-0002 -9.09729003906250E-0002 
 3.00000000000000E+0000 -3.81469726562500E-0003 -1.29028320312500E-0001 
 3.50000000000000E+0000 -2.85949707031250E-0002 -1.48254394531250E-0001 
 4.00000000000000E+0000 -1.76391601562500E-0002 -1.45812988281250E-0001 
 4.50000000000000E+0000  2.73437500000000E-0002 -1.25549316406250E-0001 
 5.00000000000000E+0000  8.55102539062500E-0002 -9.79614257812500E-0002 
 5.50000000000000E+0000  1.38214111328125E-0001 -7.57446289062500E-0002 
 6.00000000000000E+0000  1.75231933593750E-0001 -6.16149902343750E-0002 
 6.50000000000000E+0000  1.97113037109375E-0001 -5.24597167968750E-0002 
 7.00000000000000E+0000  2.13867187500000E-0001 -5.57250976562500E-0002 
 7.50000000000000E+0000  2.34375000000000E-0001 -8.46252441406250E-0002 
 8.00000000000000E+0000  2.56256103515625E-0001 -1.24633789062500E-0001 
 8.50000000000000E+0000  2.76641845703125E-0001 -1.49230957031250E-0001 
 9.00000000000000E+0000  2.92572021484375E-0001 -1.52618408203125E-0001 
 9.50000000000000E+0000  2.92144775390625E-0001 -1.41510009765625E-0001 
 1.00000000000000E+0001  2.53265380859375E-0001 -1.09802246093750E-0001 
 1.05000000000000E+0001  1.71600341796875E-0001 -5.45349121093750E-0002 
 1.10000000000000E+0001  5.99975585937500E-0002 -2.74658203125000E-0004 
 1.15000000000000E+0001 -6.57958984375000E-0002  3.54919433593750E-0002 
 1.20000000000000E+0001 -1.85180664062500E-0001  5.67321777343750E-0002 
 1.25000000000000E+0001 -2.76916503906250E-0001  6.42395019531250E-0002 
 1.30000000000000E+0001 -3.25775146484375E-0001  5.87158203125000E-0002 
 1.35000000000000E+0001 -3.33099365234375E-0001  5.31311035156250E-0002 
 1.40000000000000E+0001 -3.07281494140625E-0001  6.72302246093750E-0002 
 1.45000000000000E+0001 -2.53387451171875E-0001  9.85107421875000E-0002 
 1.50000000000000E+0001 -1.82434082031250E-0001  1.34765625000000E-0001 
 1.55000000000000E+0001 -1.04125976562500E-0001  1.67785644531250E-0001 
 1.60000000000000E+0001 -2.88391113281250E-0002  1.81304931640625E-0001 
 1.65000000000000E+0001  3.20129394531250E-0002  1.66137695312500E-0001 
 1.70000000000000E+0001  7.70568847656250E-0002  1.26800537109375E-0001 
 1.75000000000000E+0001  1.06719970703125E-0001  6.74438476562500E-0002 
 1.80000000000000E+0001  1.17156982421875E-0001 -3.23486328125000E-0003 
 1.85000000000000E+0001  1.08062744140625E-0001 -6.43005371093750E-0002 
 1.90000000000000E+0001  8.68530273437500E-0002 -9.90905761718750E-0002 
 1.95000000000000E+0001  6.40258789062500E-0002 -1.17645263671875E-0001 
 2.00000000000000E+0001  3.94287109375000E-0002 -1.39984130859375E-0001 
 2.05000000000000E+0001  5.24902343750000E-0003 -1.63970947265625E-0001 
 2.10000000000000E+0001 -3.76281738281250E-0002 -1.78253173828125E-0001 
 2.15000000000000E+0001 -8.14514160156250E-0002 -1.86981201171875E-0001 
 2.20000000000000E+0001 -1.19750976562500E-0001 -1.93634033203125E-0001 
 2.25000000000000E+0001 -1.49871826171875E-0001 -1.82586669921875E-0001 
 2.30000000000000E+0001 -1.65679931640625E-0001 -1.38702392578125E-0001 
 2.35000000000000E+0001 -1.61743164062500E-0001 -7.23876953125000E-0002 
 2.40000000000000E+0001 -1.43066406250000E-0001 -4.60815429687500E-0003 
 2.45000000000000E+0001 -1.19934082031250E-0001  5.74645996093750E-0002 
 2.50000000000000E+0001 -9.42382812500000E-0002  1.14746093750000E-0001 
 2.55000000000000E+0001 -6.23474121093750E-0002  1.58599853515625E-0001 
 2.60000000000000E+0001 -2.96630859375000E-0002  1.77520751953125E-0001 
 2.65000000000000E+0001 -7.01904296875000E-0004  1.76025390625000E-0001 
 2.70000000000000E+0001  2.83508300781250E-0002  1.61499023437500E-0001 
 2.75000000000000E+0001  5.78613281250000E-0002  1.35559082031250E-0001 
 2.80000000000000E+0001  8.10241699218750E-0002  9.36584472656250E-0002 
 2.85000000000000E+0001  8.95996093750000E-0002  4.21142578125000E-0002 
 2.90000000000000E+0001  8.44116210937500E-0002 -7.47680664062500E-0003 
 2.95000000000000E+0001  6.95800781250000E-0002 -5.18798828125000E-0002 
 3.00000000000000E+0001  4.62646484375000E-0002 -8.56933593750000E-0002 
 3.05000000000000E+0001  1.78527832031250E-0002 -1.03881835937500E-0001 
 3.10000000000000E+0001 -1.33972167968750E-0002 -1.08673095703125E-0001 
 3.15000000000000E+0001 -4.58374023437500E-0002 -1.05865478515625E-0001 
 3.20000000000000E+0001 -7.77282714843750E-0002 -1.00616455078125E-0001 
 3.25000000000000E+0001 -1.09802246093750E-0001 -9.07287597656250E-0002 
 3.30000000000000E+0001 -1.38183593750000E-0001 -7.65991210937500E-0002 
 3.35000000000000E+0001 -1.55059814453125E-0001 -5.92956542968750E-0002 
 3.40000000000000E+0001 -1.57043457031250E-0001 -4.02221679687500E-0002 
 3.45000000000000E+0001 -1.44836425781250E-0001 -2.00805664062500E-0002 
 3.50000000000000E+0001 -1.20269775390625E-0001  9.15527343750000E-0004 
 3.55000000000000E+0001 -8.37707519531250E-0002  2.10571289062500E-0002 
 3.60000000000000E+0001 -4.02832031250000E-0002  3.45764160156250E-0002 
 3.65000000000000E+0001 -1.19018554687500E-0003  3.63159179687500E-0002 
 3.70000000000000E+0001  2.38952636718750E-0002  3.12194824218750E-0002 
 3.75000000000000E+0001  3.92456054687500E-0002  2.45361328125000E-0002 
 3.80000000000000E+0001  4.76684570312500E-0002  1.77917480468750E-0002 
 3.85000000000000E+0001  4.77600097656250E-0002  9.76562500000000E-0003 
 3.90000000000000E+0001  4.16870117187500E-0002  2.44140625000000E-0003 
 3.95000000000000E+0001  3.53088378906250E-0002  6.71386718750000E-0004 
 4.00000000000000E+0001  3.17993164062500E-0002  1.92260742187500E-0003 
 4.05000000000000E+0001  2.74658203125000E-0002  2.50244140625000E-0003 
 4.10000000000000E+0001  1.88903808593750E-0002  1.37329101562500E-0003 
 4.15000000000000E+0001  9.55200195312500E-0003 -6.10351562500000E-0005 
 4.20000000000000E+0001  3.99780273437500E-0003 -3.05175781250000E-0004 
 4.25000000000000E+0001  3.57055664062500E-0003 -2.10571289062500E-0003 
 4.30000000000000E+0001  3.69262695312500E-0003 -6.95800781250000E-0003 
 4.35000000000000E+0001  3.26538085937500E-0003 -1.48010253906250E-0002 
 4.40000000000000E+0001  2.50244140625000E-0003 -2.74963378906250E-0002 
 4.45000000000000E+0001 -1.06811523437500E-0003 -4.17480468750000E-0002 
 4.50000000000000E+0001 -1.16271972656250E-0002 -5.58776855468750E-0002 
 4.55000000000000E+0001 -2.70385742187500E-0002 -6.62841796875000E-0002 
 4.60000000000000E+0001 -4.04052734375000E-0002 -7.08923339843750E-0002 
 4.65000000000000E+0001 -4.96520996093750E-0002 -7.05566406250000E-0002 
 4.70000000000000E+0001 -5.72814941406250E-0002 -6.51855468750000E-0002 
 4.75000000000000E+0001 -6.25915527343750E-0002 -5.64575195312500E-0002 
 4.80000000000000E+0001 -6.41784667968750E-0002 -4.48608398437500E-0002 
 4.85000000000000E+0001 -6.31103515625000E-0002 -3.34167480468750E-0002 
 4.90000000000000E+0001 -6.29882812500000E-0002 -2.32849121093750E-0002 
 4.95000000000000E+0001 -6.29272460937500E-0002 -1.42517089843750E-0002 
 5.00000000000000E+0001 -5.69152832031250E-0002 -6.04248046875000E-0003 
 5.05000000000000E+0001 -4.21447753906250E-0002 -3.78417968750000E-0003 
 5.10000000000000E+0001 -2.30712890625000E-0002 -9.18579101562500E-0003 
 5.15000000000000E+0001 -2.92968750000000E-0003 -1.40075683593750E-0002 
 5.20000000000000E+0001  2.05078125000000E-0002 -1.39770507812500E-0002 
 5.25000000000000E+0001  4.44946289062500E-0002 -1.12304687500000E-0002 
 5.30000000000000E+0001  6.33850097656250E-0002 -8.39233398437500E-0003 
 5.35000000000000E+0001  7.23876953125000E-0002 -5.52368164062500E-0003 
 5.40000000000000E+0001  7.40051269531250E-0002 -4.73022460937500E-0003 
 5.45000000000000E+0001  7.34252929687500E-0002 -9.55200195312500E-0003 
 5.50000000000000E+0001  7.05566406250000E-0002 -2.05688476562500E-0002 
 5.55000000000000E+0001  6.40563964843750E-0002 -3.50341796875000E-0002 
 5.60000000000000E+0001  5.27954101562500E-0002 -4.76989746093750E-0002 
 5.65000000000000E+0001  3.97644042968750E-0002 -5.43212890625000E-0002 
 5.70000000000000E+0001  2.64587402343750E-0002 -5.30700683593750E-0002 
 5.75000000000000E+0001  1.20239257812500E-0002 -4.96215820312500E-0002 
 5.80000000000000E+0001 -5.21850585937500E-0003 -4.77294921875000E-0002 
 5.85000000000000E+0001 -2.20947265625000E-0002 -4.51660156250000E-0002 
 5.90000000000000E+0001 -3.48205566406250E-0002 -4.23278808593750E-0002 
 5.95000000000000E+0001 -4.17480468750000E-0002 -4.20837402343750E-0002 
 6.00000000000000E+0001 -4.27856445312500E-0002 -4.20837402343750E-0002 
 6.05000000000000E+0001 -3.90319824218750E-0002 -3.77197265625000E-0002 
 6.10000000000000E+0001 -3.06396484375000E-0002 -2.72827148437500E-0002 
 6.15000000000000E+0001 -1.62048339843750E-0002 -1.56555175781250E-0002 
 6.20000000000000E+0001 -1.61743164062500E-0003 -8.94165039062500E-0003 
 6.25000000000000E+0001  7.23266601562500E-0003 -7.99560546875000E-0003 
 6.30000000000000E+0001  6.59179687500000E-0003 -1.48010253906250E-0002 
 6.35000000000000E+0001 -1.70898437500000E-0003 -2.53295898437500E-0002 
 6.40000000000000E+0001 -9.91821289062500E-0003 -3.64990234375000E-0002 
 6.45000000000000E+0001 -1.44042968750000E-0002 -4.59899902343750E-0002 
 6.50000000000000E+0001 -1.22985839843750E-0002 -5.25512695312500E-0002 
 6.55000000000000E+0001 -4.24194335937500E-0003 -5.54504394531250E-0002 
 6.60000000000000E+0001  7.87353515625000E-0003 -5.36804199218750E-0002 
 6.65000000000000E+0001  2.23388671875000E-0002 -5.16662597656250E-0002 
 6.70000000000000E+0001  3.39355468750000E-0002 -5.06286621093750E-0002 
 6.75000000000000E+0001  4.00695800781250E-0002 -4.98962402343750E-0002 
 6.80000000000000E+0001  3.74755859375000E-0002 -4.69360351562500E-0002 
 6.85000000000000E+0001  2.80151367187500E-0002 -3.90014648437500E-0002 
 6.90000000000000E+0001  1.89514160156250E-0002 -2.99987792968750E-0002 
 6.95000000000000E+0001  1.22680664062500E-0002 -2.31323242187500E-0002 
 7.00000000000000E+0001  4.69970703125000E-0003 -1.76696777343750E-0002 
 7.05000000000000E+0001 -4.54711914062500E-0003 -1.11694335937500E-0002 
 7.10000000000000E+0001 -1.01318359375000E-0002 -4.97436523437500E-0003 
 7.15000000000000E+0001 -1.10168457031250E-0002 -2.25830078125000E-0003 
 7.20000000000000E+0001 -1.09863281250000E-0002  9.15527343750000E-0005 
 7.25000000000000E+0001 -8.39233398437500E-0003  3.02124023437500E-0003 
 7.30000000000000E+0001 -1.00708007812500E-0003  4.88281250000000E-0003 
 7.35000000000000E+0001  9.49096679687500E-0003  6.40869140625000E-0003 
 7.40000000000000E+0001  1.68762207031250E-0002  7.47680664062500E-0003 
 7.45000000000000E+0001  1.60217285156250E-0002  9.88769531250000E-0003 
 7.50000000000000E+0001  9.67407226562500E-0003  1.25122070312500E-0002 
 7.55000000000000E+0001  2.59399414062500E-0003  1.19934082031250E-0002 
 7.60000000000000E+0001 -6.19506835937500E-0003  4.79125976562500E-0003 
 7.65000000000000E+0001 -1.61743164062500E-0002 -6.40869140625000E-0003 
 7.70000000000000E+0001 -2.25219726562500E-0002 -1.84936523437500E-0002 
 7.75000000000000E+0001 -2.14843750000000E-0002 -3.01208496093750E-0002 
 7.80000000000000E+0001 -1.62963867187500E-0002 -3.78112792968750E-0002 
 7.85000000000000E+0001 -1.08337402343750E-0002 -3.90625000000000E-0002 
 7.90000000000000E+0001 -6.71386718750000E-0003 -3.40576171875000E-0002 
 7.95000000000000E+0001 -3.32641601562500E-0003 -2.68554687500000E-0002 
 8.00000000000000E+0001 -1.80053710937500E-0003 -2.16674804687500E-0002 
 8.05000000000000E+0001 -3.90625000000000E-0003 -2.07519531250000E-0002 
 8.10000000000000E+0001 -1.12304687500000E-0002 -2.20642089843750E-0002 
 8.15000000000000E+0001 -1.81274414062500E-0002 -2.23388671875000E-0002 
 8.20000000000000E+0001 -2.14538574218750E-0002 -2.38342285156250E-0002 
 8.25000000000000E+0001 -2.22473144531250E-0002 -2.70080566406250E-0002 
 8.30000000000000E+0001 -2.11486816406250E-0002 -2.69775390625000E-0002 
 8.35000000000000E+0001 -1.66320800781250E-0002 -2.20031738281250E-0002 
 8.40000000000000E+0001 -9.79614257812500E-0003 -1.69372558593750E-0002 
 8.45000000000000E+0001 -4.66918945312500E-0003 -1.37023925781250E-0002 
 8.50000000000000E+0001 -2.10571289062500E-0003 -8.51440429687500E-0003 
 8.55000000000000E+0001  2.22778320312500E-0003 -2.50244140625000E-0003 
 8.60000000000000E+0001  7.35473632812500E-0003 -7.01904296875000E-0004 
 8.65000000000000E+0001  9.85717773437500E-0003 -1.37329101562500E-0003 
 8.70000000000000E+0001  1.11389160156250E-0002 -3.66210937500000E-0003 
 8.75000000000000E+0001  1.09252929687500E-0002 -9.73510742187500E-0003 
 8.80000000000000E+0001  6.89697265625000E-0003 -1.76086425781250E-0002 
 8.85000000000000E+0001  2.74658203125000E-0004 -2.25830078125000E-0002 
 8.90000000000000E+0001 -5.12695312500000E-0003 -2.13928222656250E-0002 
 8.95000000000000E+0001 -8.39233398437500E-0003 -1.78222656250000E-0002 
 9.00000000000000E+0001 -1.03149414062500E-0002 -1.53198242187500E-0002 
 9.05000000000000E+0001 -1.12915039062500E-0002 -1.34277343750000E-0002 
 9.10000000000000E+0001 -1.21154785156250E-0002 -1.19018554687500E-0002 
 9.15000000000000E+0001 -1.51367187500000E-0002 -1.39770507812500E-0002 
 9.20000000000000E+0001 -1.73339843750000E-0002 -2.19726562500000E-0002 
 9.25000000000000E+0001 -1.83715820312500E-0002 -3.21044921875000E-0002 
 9.30000000000000E+0001 -2.14538574218750E-0002 -3.64379882812500E-0002 
 9.35000000000000E+0001 -2.65502929687500E-0002 -3.66210937500000E-0002 
 9.40000000000000E+0001 -2.97241210937500E-0002 -3.88183593750000E-0002 
 9.45000000000000E+0001 -2.46276855468750E-0002 -4.25109863281250E-0002 
 9.50000000000000E+0001 -1.33361816406250E-0002 -4.76684570312500E-0002 
 9.55000000000000E+0001 -4.33349609375000E-0003 -5.10253906250000E-0002 
 9.60000000000000E+0001  1.83105468750000E-0003 -4.96826171875000E-0002 
 9.65000000000000E+0001  9.46044921875000E-0003 -4.44030761718750E-0002 
 9.70000000000000E+0001  1.68457031250000E-0002 -4.07104492187500E-0002 
 9.75000000000000E+0001  1.54113769531250E-0002 -4.07714843750000E-0002 
 9.80000000000000E+0001  4.85229492187500E-0003 -3.68041992187500E-0002 
 9.85000000000000E+0001 -6.13403320312500E-0003 -3.04260253906250E-0002 
 9.90000000000000E+0001 -1.37329101562500E-0002 -3.11584472656250E-0002 
 9.95000000000000E+0001 -2.13012695312500E-0002 -3.76281738281250E-0002 
 1.00000000000000E+0002 -2.74963378906250E-0002 -4.01306152343750E-0002 
 1.00500000000000E+0002 -3.22570800781250E-0002 -3.72924804687500E-0002 
 1.01000000000000E+0002 -3.77807617187500E-0002 -3.40270996093750E-0002 
 1.01500000000000E+0002 -4.10461425781250E-0002 -3.28979492187500E-0002 
 1.02000000000000E+0002 -4.15344238281250E-0002 -2.99682617187500E-0002 
 1.02500000000000E+0002 -3.76281738281250E-0002 -2.50549316406250E-0002 
 1.03000000000000E+0002 -3.30200195312500E-0002 -2.34069824218750E-0002 
 1.03500000000000E+0002 -3.10668945312500E-0002 -2.43835449218750E-0002 
 1.04000000000000E+0002 -3.07312011718750E-0002 -2.66418457031250E-0002 
 1.04500000000000E+0002 -3.40270996093750E-0002 -3.13720703125000E-0002 
 1.05000000000000E+0002 -3.92456054687500E-0002 -3.83300781250000E-0002 
 1.05500000000000E+0002 -4.55322265625000E-0002 -4.13513183593750E-0002 
 1.06000000000000E+0002 -4.88891601562500E-0002 -3.37524414062500E-0002 
 1.06500000000000E+0002 -4.68139648437500E-0002 -2.15759277343750E-0002 
 1.07000000000000E+0002 -4.21142578125000E-0002 -1.37634277343750E-0002 
 1.07500000000000E+0002 -3.64685058593750E-0002 -1.19018554687500E-0002 
 1.08000000000000E+0002 -3.16162109375000E-0002 -1.24206542968750E-0002 
 1.08500000000000E+0002 -2.72827148437500E-0002 -1.52282714843750E-0002 
 1.09000000000000E+0002 -2.42309570312500E-0002 -1.99279785156250E-0002 
 1.09500000000000E+0002 -2.18200683593750E-0002 -2.37121582031250E-0002 
 1.10000000000000E+0002 -1.88293457031250E-0002 -2.49328613281250E-0002 
 1.10500000000000E+0002 -1.76086425781250E-0002 -2.46276855468750E-0002 
 1.11000000000000E+0002 -1.96838378906250E-0002 -2.06298828125000E-0002 
 1.11500000000000E+0002 -2.00195312500000E-0002 -1.71508789062500E-0002 
 1.12000000000000E+0002 -1.63574218750000E-0002 -1.89514160156250E-0002 
 1.12500000000000E+0002 -1.22680664062500E-0002 -2.38647460937500E-0002 
 1.13000000000000E+0002 -8.23974609375000E-0003 -2.20642089843750E-0002 
 1.13500000000000E+0002 -1.22070312500000E-0003 -1.58386230468750E-0002 
 1.14000000000000E+0002  3.44848632812500E-0003 -1.56250000000000E-0002 
 1.14500000000000E+0002 -2.13623046875000E-0004 -1.94702148437500E-0002 
 1.15000000000000E+0002 -6.83593750000000E-0003 -2.34069824218750E-0002 
 1.15500000000000E+0002 -1.02539062500000E-0002 -3.17687988281250E-0002 
 1.16000000000000E+0002 -1.05895996093750E-0002 -4.58984375000000E-0002 
 1.16500000000000E+0002 -1.15356445312500E-0002 -6.08520507812500E-0002 
 1.17000000000000E+0002 -1.14440917968750E-0002 -7.31201171875000E-0002 
 1.17500000000000E+0002 -9.94873046875000E-0003 -8.23974609375000E-0002 
 1.18000000000000E+0002 -1.11999511718750E-0002 -8.56933593750000E-0002 
 1.18500000000000E+0002 -1.44653320312500E-0002 -8.00476074218750E-0002 
 1.19000000000000E+0002 -1.86767578125000E-0002 -6.82373046875000E-0002 
 1.19500000000000E+0002 -2.34985351562500E-0002 -5.29479980468750E-0002 
 1.20000000000000E+0002 -2.70690917968750E-0002 -3.63159179687500E-0002 
 1.20500000000000E+0002 -2.83508300781250E-0002 -2.01416015625000E-0002 
 1.21000000000000E+0002 -2.92053222656250E-0002 -6.59179687500000E-0003 
 1.21500000000000E+0002 -3.03039550781250E-0002  3.93676757812500E-0003 
 1.22000000000000E+0002 -2.94189453125000E-0002  9.70458984375000E-0003 
 1.22500000000000E+0002 -2.48718261718750E-0002  1.13220214843750E-0002 
 1.23000000000000E+0002 -1.83105468750000E-0002  8.60595703125000E-0003 
 1.23500000000000E+0002 -1.10473632812500E-0002  2.56347656250000E-0003 
 1.24000000000000E+0002 -5.85937500000000E-0003 -8.69750976562500E-0003 
 1.24500000000000E+0002 -7.87353515625000E-0003 -2.39562988281250E-0002 
 1.25000000000000E+0002 -1.36413574218750E-0002 -4.05273437500000E-0002 
 1.25500000000000E+0002 -1.81884765625000E-0002 -5.51452636718750E-0002 
 1.26000000000000E+0002 -2.41394042968750E-0002 -6.40869140625000E-0002 
 1.26500000000000E+0002 -3.29895019531250E-0002 -6.71081542968750E-0002 
 1.27000000000000E+0002 -3.79943847656250E-0002 -6.36901855468750E-0002 
 1.27500000000000E+0002 -3.26843261718750E-0002 -5.64270019531250E-0002 
 1.28000000000000E+0002 -2.44140625000000E-0002 -4.97131347656250E-0002 
 1.28500000000000E+0002 -1.98974609375000E-0002 -4.14733886718750E-0002 
 1.29000000000000E+0002 -1.28479003906250E-0002 -3.17077636718750E-0002 
 1.29500000000000E+0002 -3.96728515625000E-0004 -2.65197753906250E-0002 
 1.30000000000000E+0002  6.92749023437500E-0003 -2.86560058593750E-0002 
 1.30500000000000E+0002  3.90625000000000E-0003 -3.22265625000000E-0002 
 1.31000000000000E+0002 -2.59399414062500E-0003 -3.14025878906250E-0002 
 1.31500000000000E+0002 -7.35473632812500E-0003 -3.28979492187500E-0002 
 1.32000000000000E+0002 -1.52587890625000E-0002 -4.19006347656250E-0002 
 1.32500000000000E+0002 -2.57873535156250E-0002 -4.82177734375000E-0002 
 1.33000000000000E+0002 -3.17687988281250E-0002 -4.47692871093750E-0002 
 1.33500000000000E+0002 -3.15856933593750E-0002 -3.54614257812500E-0002 
 1.34000000000000E+0002 -3.17382812500000E-0002 -2.65808105468750E-0002 
 1.34500000000000E+0002 -3.68041992187500E-0002 -1.91040039062500E-0002 
 1.35000000000000E+0002 -4.41284179687500E-0002 -1.17187500000000E-0002 
 1.35500000000000E+0002 -4.95605468750000E-0002 -7.04956054687500E-0003 
 1.36000000000000E+0002 -5.09338378906250E-0002 -7.62939453125000E-0003 
 1.36500000000000E+0002 -4.88281250000000E-0002 -1.11389160156250E-0002 
 1.37000000000000E+0002 -4.05578613281250E-0002 -1.38244628906250E-0002 
 1.37500000000000E+0002 -2.37426757812500E-0002 -1.76696777343750E-0002 
 1.38000000000000E+0002 -5.70678710937500E-0003 -2.08740234375000E-0002 
 1.38500000000000E+0002  4.48608398437500E-0003 -2.13012695312500E-0002 
 1.39000000000000E+0002  5.52368164062500E-0003 -2.03247070312500E-0002 
 1.39500000000000E+0002 -6.71386718750000E-0004 -2.18200683593750E-0002 
 1.40000000000000E+0002 -1.15356445312500E-0002 -2.59094238281250E-0002 
 1.40500000000000E+0002 -2.39562988281250E-0002 -3.16467285156250E-0002 
 1.41000000000000E+0002 -3.69873046875000E-0002 -3.75671386718750E-0002 
 1.41500000000000E+0002 -4.84313964843750E-0002 -4.06494140625000E-0002 
 1.42000000000000E+0002 -5.27954101562500E-0002 -4.08020019531250E-0002 
 1.42500000000000E+0002 -4.61730957031250E-0002 -3.88793945312500E-0002 
 1.43000000000000E+0002 -3.50341796875000E-0002 -3.47900390625000E-0002 
 1.43500000000000E+0002 -2.69165039062500E-0002 -2.94799804687500E-0002 
 1.44000000000000E+0002 -1.81579589843750E-0002 -2.69775390625000E-0002 
 1.44500000000000E+0002 -8.42285156250000E-0003 -3.24401855468750E-0002 
 1.45000000000000E+0002 -6.22558593750000E-0003 -4.22058105468750E-0002 
 1.45500000000000E+0002 -1.26647949218750E-0002 -4.97741699218750E-0002 
 1.46000000000000E+0002 -1.93786621093750E-0002 -5.35583496093750E-0002 
 1.46500000000000E+0002 -2.56958007812500E-0002 -5.25512695312500E-0002 
 1.47000000000000E+0002 -3.07922363281250E-0002 -4.68750000000000E-0002 
 1.47500000000000E+0002 -3.10974121093750E-0002 -3.75671386718750E-0002 
 1.48000000000000E+0002 -2.52685546875000E-0002 -3.02429199218750E-0002 
 1.48500000000000E+0002 -1.85241699218750E-0002 -2.64587402343750E-0002 
 1.49000000000000E+0002 -1.41906738281250E-0002 -2.36816406250000E-0002 
 1.49500000000000E+0002 -6.74438476562500E-0003 -1.75781250000000E-0002 
 1.50000000000000E+0002  4.30297851562500E-0003 -7.81250000000000E-0003 
 1.50500000000000E+0002  1.40991210937500E-0002  1.28173828125000E-0003 
 1.51000000000000E+0002  2.13012695312500E-0002  6.31713867187500E-0003 
 1.51500000000000E+0002  2.41088867187500E-0002  4.69970703125000E-0003 
 1.52000000000000E+0002  2.16979980468750E-0002 -2.07519531250000E-0003 
 1.52500000000000E+0002  1.70593261718750E-0002 -1.40075683593750E-0002 
 1.53000000000000E+0002  1.15966796875000E-0002 -3.10363769531250E-0002 
 1.53500000000000E+0002  5.92041015625000E-0003 -4.72106933593750E-0002 
 1.54000000000000E+0002  1.09863281250000E-0003 -5.52368164062500E-0002 
 1.54500000000000E+0002 -7.32421875000000E-0004 -5.34973144531250E-0002 
 1.55000000000000E+0002  1.00708007812500E-0003 -4.77600097656250E-0002 
 1.55500000000000E+0002  3.05175781250000E-0003 -4.10461425781250E-0002 
 1.56000000000000E+0002  2.74658203125000E-0003 -3.50036621093750E-0002 
 1.56500000000000E+0002  1.03759765625000E-0003 -2.92358398437500E-0002 
 1.57000000000000E+0002 -6.71386718750000E-0004 -2.56958007812500E-0002 
 1.57500000000000E+0002 -4.05883789062500E-0003 -2.42004394531250E-0002 
 1.58000000000000E+0002 -9.21630859375000E-0003 -1.94702148437500E-0002 
 1.58500000000000E+0002 -1.43737792968750E-0002 -1.51672363281250E-0002 
 1.59000000000000E+0002 -1.86462402343750E-0002 -1.51977539062500E-0002 
 1.59500000000000E+0002 -2.29492187500000E-0002 -1.75170898437500E-0002 
 1.60000000000000E+0002 -2.53906250000000E-0002 -1.86767578125000E-0002 
 1.60500000000000E+0002 -2.47802734375000E-0002 -1.84020996093750E-0002 
 1.61000000000000E+0002 -2.10876464843750E-0002 -1.77917480468750E-0002 
 1.61500000000000E+0002 -1.56860351562500E-0002 -1.85241699218750E-0002 
 1.62000000000000E+0002 -1.24816894531250E-0002 -1.93481445312500E-0002 
 1.62500000000000E+0002 -1.15966796875000E-0002 -2.02026367187500E-0002 
 1.63000000000000E+0002 -8.88061523437500E-0003 -2.00195312500000E-0002 
 1.63500000000000E+0002 -3.66210937500000E-0003 -2.16674804687500E-0002 
 1.64000000000000E+0002 -7.93457031250000E-0004 -2.54821777343750E-0002 
 1.64500000000000E+0002 -7.01904296875000E-0004 -2.38037109375000E-0002 
 1.65000000000000E+0002 -1.89208984375000E-0003 -1.69372558593750E-0002 
 1.65500000000000E+0002 -7.17163085937500E-0003 -9.94873046875000E-0003 
 1.66000000000000E+0002 -1.93786621093750E-0002 -7.47680664062500E-0003 
 1.66500000000000E+0002 -3.32031250000000E-0002 -7.56835937500000E-0003 
 1.67000000000000E+0002 -4.13208007812500E-0002 -1.17797851562500E-0002 
 1.67500000000000E+0002 -4.52270507812500E-0002 -2.29797363281250E-0002 
 1.68000000000000E+0002 -4.61730957031250E-0002 -3.57360839843750E-0002 
 1.68500000000000E+0002 -4.21142578125000E-0002 -4.43420410156250E-0002 
 1.69000000000000E+0002 -3.53698730468750E-0002 -4.87976074218750E-0002 
 1.69500000000000E+0002 -2.97546386718750E-0002 -4.95910644531250E-0002 
 1.70000000000000E+0002 -2.40783691406250E-0002 -4.83398437500000E-0002 
 1.70500000000000E+0002 -1.80969238281250E-0002 -4.52270507812500E-0002 
 1.71000000000000E+0002 -1.54113769531250E-0002 -4.01916503906250E-0002 
 1.71500000000000E+0002 -1.44348144531250E-0002 -3.30200195312500E-0002 
 1.72000000000000E+0002 -1.08642578125000E-0002 -2.76794433593750E-0002 
 1.72500000000000E+0002 -5.43212890625000E-0003 -2.45056152343750E-0002 
 1.73000000000000E+0002 -2.68554687500000E-0003 -1.78527832031250E-0002 
 1.73500000000000E+0002  1.31225585937500E-0003 -1.04675292968750E-0002 
 1.74000000000000E+0002  9.24682617187500E-0003 -1.03454589843750E-0002 
 1.74500000000000E+0002  1.62658691406250E-0002 -1.81579589843750E-0002 
 1.75000000000000E+0002  1.95007324218750E-0002 -2.64282226562500E-0002 
 1.75500000000000E+0002  1.70898437500000E-0002 -3.32336425781250E-0002 
 1.76000000000000E+0002  8.30078125000000E-0003 -3.96728515625000E-0002 
 1.76500000000000E+0002 -4.82177734375000E-0003 -4.23278808593750E-0002 
 1.77000000000000E+0002 -1.87072753906250E-0002 -4.02221679687500E-0002 
 1.77500000000000E+0002 -2.93273925781250E-0002 -3.49731445312500E-0002 
 1.78000000000000E+0002 -3.33557128906250E-0002 -2.92968750000000E-0002 
 1.78500000000000E+0002 -3.03955078125000E-0002 -2.73742675781250E-0002 
 1.79000000000000E+0002 -2.12707519531250E-0002 -3.25317382812500E-0002 
 1.79500000000000E+0002 -9.12475585937500E-0003 -4.25720214843750E-0002 
 1.80000000000000E+0002  5.18798828125000E-0004 -4.98657226562500E-0002 
 1.80500000000000E+0002  7.44628906250000E-0003 -5.42297363281250E-0002 
 1.81000000000000E+0002  8.57543945312500E-0003 -5.90209960937500E-0002 
 1.81500000000000E+0002  2.74658203125000E-0003 -5.85021972656250E-0002 
 1.82000000000000E+0002 -6.25610351562500E-0003 -5.02624511718750E-0002 
 1.82500000000000E+0002 -1.36108398437500E-0002 -4.08630371093750E-0002 
 1.83000000000000E+0002 -1.74255371093750E-0002 -3.88793945312500E-0002 
 1.83500000000000E+0002 -2.06298828125000E-0002 -4.03137207031250E-0002 
 1.84000000000000E+0002 -2.53601074218750E-0002 -3.96118164062500E-0002 
 1.84500000000000E+0002 -2.86560058593750E-0002 -3.88488769531250E-0002 
 1.85000000000000E+0002 -2.92053222656250E-0002 -4.22058105468750E-0002 
 1.85500000000000E+0002 -2.94494628906250E-0002 -4.49829101562500E-0002 
 1.86000000000000E+0002 -3.21655273437500E-0002 -4.43725585937500E-0002 
 1.86500000000000E+0002 -3.61022949218750E-0002 -4.37316894531250E-0002 
 1.87000000000000E+0002 -4.01611328125000E-0002 -4.55627441406250E-0002 
 1.87500000000000E+0002 -4.19921875000000E-0002 -4.56237792968750E-0002 
 1.88000000000000E+0002 -4.37316894531250E-0002 -4.13513183593750E-0002 
 1.88500000000000E+0002 -4.50134277343750E-0002 -3.64379882812500E-0002 
 1.89000000000000E+0002 -4.23889160156250E-0002 -3.29589843750000E-0002 
 1.89500000000000E+0002 -3.51257324218750E-0002 -2.88085937500000E-0002 
 1.90000000000000E+0002 -2.38342285156250E-0002 -2.30407714843750E-0002 
 1.90500000000000E+0002 -1.48620605468750E-0002 -2.06604003906250E-0002 
 1.91000000000000E+0002 -1.24511718750000E-0002 -2.01416015625000E-0002 
 1.91500000000000E+0002 -1.22375488281250E-0002 -1.85546875000000E-0002 
 1.92000000000000E+0002 -1.24206542968750E-0002 -1.71508789062500E-0002 
 1.92500000000000E+0002 -1.46789550781250E-0002 -1.92565917968750E-0002 
 1.93000000000000E+0002 -1.87072753906250E-0002 -2.51464843750000E-0002 
 1.93500000000000E+0002 -2.03552246093750E-0002 -2.99682617187500E-0002 
 1.94000000000000E+0002 -1.74865722656250E-0002 -3.23486328125000E-0002 
 1.94500000000000E+0002 -1.18103027343750E-0002 -3.61938476562500E-0002 
 1.95000000000000E+0002 -6.25610351562500E-0003 -4.10156250000000E-0002 
 1.95500000000000E+0002 -2.99072265625000E-0003 -4.21752929687500E-0002 
 1.96000000000000E+0002 -8.23974609375000E-0004 -3.72619628906250E-0002 
 1.96500000000000E+0002  2.19726562500000E-0003 -3.17687988281250E-0002 
 1.97000000000000E+0002  3.99780273437500E-0003 -2.90832519531250E-0002 
 1.97500000000000E+0002  1.55639648437500E-0003 -2.58483886718750E-0002 
 1.98000000000000E+0002 -1.03759765625000E-0003 -2.02331542968750E-0002 
 1.98500000000000E+0002  1.00708007812500E-0003 -1.55944824218750E-0002 
 1.99000000000000E+0002  3.75366210937500E-0003 -1.57165527343750E-0002 
 1.99500000000000E+0002  2.59399414062500E-0003 -1.81579589843750E-0002 
 2.00000000000000E+0002  7.01904296875000E-0004 -1.82495117187500E-0002 
 2.00500000000000E+0002 -1.12915039062500E-0003 -2.03552246093750E-0002 
 2.01000000000000E+0002 -7.41577148437500E-0003 -2.67028808593750E-0002 
 2.01500000000000E+0002 -1.73950195312500E-0002 -3.37219238281250E-0002 
 2.02000000000000E+0002 -2.66723632812500E-0002 -3.68957519531250E-0002 
 2.02500000000000E+0002 -3.05786132812500E-0002 -3.63769531250000E-0002 
 2.03000000000000E+0002 -3.04260253906250E-0002 -3.53698730468750E-0002 
 2.03500000000000E+0002 -3.00292968750000E-0002 -3.26843261718750E-0002 
 2.04000000000000E+0002 -2.87780761718750E-0002 -2.83203125000000E-0002 
 2.04500000000000E+0002 -2.62145996093750E-0002 -2.66113281250000E-0002 
 2.05000000000000E+0002 -2.30712890625000E-0002 -3.18298339843750E-0002 
 2.05500000000000E+0002 -2.31933593750000E-0002 -4.18701171875000E-0002 
 2.06000000000000E+0002 -2.73437500000000E-0002 -5.12695312500000E-0002 
 2.06500000000000E+0002 -3.27758789062500E-0002 -5.55419921875000E-0002 
 2.07000000000000E+0002 -3.74145507812500E-0002 -5.39550781250000E-0002 
 2.07500000000000E+0002 -4.01306152343750E-0002 -4.99267578125000E-0002 
 2.08000000000000E+0002 -3.88793945312500E-0002 -4.45861816406250E-0002 
 2.08500000000000E+0002 -3.47900390625000E-0002 -3.77197265625000E-0002 
 2.09000000000000E+0002 -2.81372070312500E-0002 -2.98767089843750E-0002 
 2.09500000000000E+0002 -1.60217285156250E-0002 -2.59094238281250E-0002 
 2.10000000000000E+0002  1.83105468750000E-0004 -2.92968750000000E-0002 
 2.10500000000000E+0002  1.29699707031250E-0002 -3.67431640625000E-0002 
 2.11000000000000E+0002  1.66931152343750E-0002 -4.15649414062500E-0002 
 2.11500000000000E+0002  1.31835937500000E-0002 -4.42810058593750E-0002 
 2.12000000000000E+0002  8.97216796875000E-0003 -4.47082519531250E-0002 
 2.12500000000000E+0002  6.59179687500000E-0003 -4.19616699218750E-0002 
 2.13000000000000E+0002  1.83105468750000E-0003 -3.51562500000000E-0002 
 2.13500000000000E+0002 -4.51660156250000E-0003 -2.80761718750000E-0002 
 2.14000000000000E+0002 -8.85009765625000E-0003 -2.40783691406250E-0002 
 2.14500000000000E+0002 -1.09558105468750E-0002 -2.43530273437500E-0002 
 2.15000000000000E+0002 -1.62048339843750E-0002 -2.91748046875000E-0002 
 2.15500000000000E+0002 -2.45666503906250E-0002 -3.74145507812500E-0002 
 2.16000000000000E+0002 -3.18603515625000E-0002 -4.41284179687500E-0002 
 2.16500000000000E+0002 -3.45458984375000E-0002 -4.38537597656250E-0002 
 2.17000000000000E+0002 -3.35693359375000E-0002 -3.92456054687500E-0002 
 2.17500000000000E+0002 -3.30505371093750E-0002 -3.81469726562500E-0002 
 2.18000000000000E+0002 -3.47595214843750E-0002 -4.16564941406250E-0002 
 2.18500000000000E+0002 -4.07714843750000E-0002 -4.68139648437500E-0002 
 2.19000000000000E+0002 -5.05371093750000E-0002 -4.96520996093750E-0002 
 2.19500000000000E+0002 -5.82580566406250E-0002 -4.89501953125000E-0002 
 2.20000000000000E+0002 -5.94482421875000E-0002 -4.55322265625000E-0002 
 2.20500000000000E+0002 -5.58776855468750E-0002 -4.06188964843750E-0002 
 2.21000000000000E+0002 -5.13000488281250E-0002 -3.08227539062500E-0002 
 2.21500000000000E+0002 -4.63867187500000E-0002 -1.78222656250000E-0002 
 2.22000000000000E+0002 -4.12597656250000E-0002 -8.48388671875000E-0003 
 2.22500000000000E+0002 -3.76586914062500E-0002 -4.63867187500000E-0003 
 2.23000000000000E+0002 -3.47900390625000E-0002 -2.96020507812500E-0003 
 2.23500000000000E+0002 -3.34167480468750E-0002 -3.02124023437500E-0003 
 2.24000000000000E+0002 -3.41491699218750E-0002 -3.90625000000000E-0003 
 2.24500000000000E+0002 -3.28369140625000E-0002 -4.76074218750000E-0003 
 2.25000000000000E+0002 -3.26843261718750E-0002 -9.33837890625000E-0003 
 2.25500000000000E+0002 -3.92456054687500E-0002 -1.74560546875000E-0002 
 2.26000000000000E+0002 -5.21240234375000E-0002 -2.27661132812500E-0002 
 2.26500000000000E+0002 -5.83190917968750E-0002 -2.00500488281250E-0002 
 2.27000000000000E+0002 -5.35888671875000E-0002 -1.85852050781250E-0002 
 2.27500000000000E+0002 -4.76684570312500E-0002 -2.42614746093750E-0002 
 2.28000000000000E+0002 -4.28771972656250E-0002 -3.08532714843750E-0002 
 2.28500000000000E+0002 -3.49731445312500E-0002 -3.53393554687500E-0002 
 2.29000000000000E+0002 -2.56347656250000E-0002 -4.13208007812500E-0002 
 2.29500000000000E+0002 -1.94396972656250E-0002 -4.91638183593750E-0002 
 2.30000000000000E+0002 -1.67236328125000E-0002 -5.13000488281250E-0002 
 2.30500000000000E+0002 -1.08642578125000E-0002 -4.58068847656250E-0002 
 2.31000000000000E+0002 -3.29589843750000E-0003 -3.95202636718750E-0002 
 2.31500000000000E+0002  1.67846679687500E-0003 -3.33862304687500E-0002 
 2.32000000000000E+0002  3.23486328125000E-0003 -2.84729003906250E-0002 
 2.32500000000000E+0002 -1.64794921875000E-0003 -2.37121582031250E-0002 
 2.33000000000000E+0002 -9.97924804687500E-0003 -1.92565917968750E-0002 
 2.33500000000000E+0002 -1.62658691406250E-0002 -1.67541503906250E-0002 
 2.34000000000000E+0002 -1.72729492187500E-0002 -1.42517089843750E-0002 
 2.34500000000000E+0002 -1.55029296875000E-0002 -1.06201171875000E-0002 
 2.35000000000000E+0002 -1.49536132812500E-0002 -7.20214843750000E-0003 
 2.35500000000000E+0002 -1.53808593750000E-0002 -6.04248046875000E-0003 
 2.36000000000000E+0002 -1.66625976562500E-0002 -6.46972656250000E-0003 
 2.36500000000000E+0002 -2.09655761718750E-0002 -7.72094726562500E-0003 
 2.37000000000000E+0002 -2.88696289062500E-0002 -1.25122070312500E-0002 
 2.37500000000000E+0002 -3.59497070312500E-0002 -2.04772949218750E-0002 
 2.38000000000000E+0002 -3.86352539062500E-0002 -2.61840820312500E-0002 
 2.38500000000000E+0002 -3.68347167968750E-0002 -2.52990722656250E-0002 
 2.39000000000000E+0002 -2.89001464843750E-0002 -1.95617675781250E-0002 
 2.39500000000000E+0002 -1.95312500000000E-0002 -1.59912109375000E-0002 
 2.40000000000000E+0002 -1.55639648437500E-0002 -1.48010253906250E-0002 
 2.40500000000000E+0002 -1.92565917968750E-0002 -1.31835937500000E-0002 
 2.41000000000000E+0002 -2.71606445312500E-0002 -1.14440917968750E-0002 
 2.41500000000000E+0002 -3.57055664062500E-0002 -1.20544433593750E-0002 
 2.42000000000000E+0002 -4.53491210937500E-0002 -1.62658691406250E-0002 
 2.42500000000000E+0002 -5.20935058593750E-0002 -1.68457031250000E-0002 
 2.43000000000000E+0002 -5.08117675781250E-0002 -8.85009765625000E-0003 
 2.43500000000000E+0002 -3.81469726562500E-0002  5.79833984375000E-0003 
 2.44000000000000E+0002 -1.95312500000000E-0002  1.70593261718750E-0002 
 2.44500000000000E+0002 -6.22558593750000E-0003  2.00805664062500E-0002 
 2.45000000000000E+0002 -2.10571289062500E-0003  2.48718261718750E-0002 
 2.45500000000000E+0002  2.50244140625000E-0003  3.54919433593750E-0002 
 2.46000000000000E+0002  8.75854492187500E-0003  4.21447753906250E-0002 
 2.46500000000000E+0002  1.05895996093750E-0002  3.87573242187500E-0002 
 2.47000000000000E+0002  6.10351562500000E-0003  3.37524414062500E-0002 
 2.47500000000000E+0002  6.71386718750000E-0004  3.02429199218750E-0002 
 2.48000000000000E+0002 -5.00488281250000E-0003  2.10876464843750E-0002 
 2.48500000000000E+0002 -1.36718750000000E-0002  3.63159179687500E-0003 
 2.49000000000000E+0002 -2.52075195312500E-0002 -1.37634277343750E-0002 
 2.49500000000000E+0002 -3.76586914062500E-0002 -2.59399414062500E-0002 
 2.50000000000000E+0002 -4.81872558593750E-0002 -3.29895019531250E-0002 
 2.50500000000000E+0002 -5.36804199218750E-0002 -3.30505371093750E-0002 
 2.51000000000000E+0002 -5.21240234375000E-0002 -2.60620117187500E-0002 
 2.51500000000000E+0002 -4.75769042968750E-0002 -1.91650390625000E-0002 
 2.52000000000000E+0002 -4.35180664062500E-0002 -1.61437988281250E-0002 
 2.52500000000000E+0002 -3.66210937500000E-0002 -1.51977539062500E-0002 
 2.53000000000000E+0002 -2.33764648437500E-0002 -1.53808593750000E-0002 
 2.53500000000000E+0002 -9.30786132812500E-0003 -1.95617675781250E-0002 
 2.54000000000000E+0002  1.80053710937500E-0003 -2.84729003906250E-0002 
 2.54500000000000E+0002  7.14111328125000E-0003 -3.77807617187500E-0002 
 2.55000000000000E+0002  8.51440429687500E-0003 -4.33654785156250E-0002 
 2.55500000000000E+0002  6.25610351562500E-0003 -4.61730957031250E-0002 
 2.56000000000000E+0002  1.46484375000000E-0003 -4.44641113281250E-0002 
 2.56500000000000E+0002 -2.16674804687500E-0003 -3.73229980468750E-0002 
 2.57000000000000E+0002 -5.03540039062500E-0003 -2.57568359375000E-0002 
 2.57500000000000E+0002 -6.50024414062500E-0003 -1.20544433593750E-0002 
 2.58000000000000E+0002 -6.62231445312500E-0003 -7.01904296875000E-0004 
 2.58500000000000E+0002 -5.95092773437500E-0003  7.69042968750000E-0003 
 2.59000000000000E+0002 -5.98144531250000E-0003  1.30920410156250E-0002 
 2.59500000000000E+0002 -8.45336914062500E-0003  1.35498046875000E-0002 
 2.60000000000000E+0002 -1.30004882812500E-0002  1.19628906250000E-0002 
 2.60500000000000E+0002 -1.49841308593750E-0002  8.60595703125000E-0003 
 2.61000000000000E+0002 -1.25427246093750E-0002  5.55419921875000E-0003 
 2.61500000000000E+0002 -4.73022460937500E-0003  2.34985351562500E-0003 
 2.62000000000000E+0002  5.52368164062500E-0003 -1.83105468750000E-0003 
 2.62500000000000E+0002  1.45263671875000E-0002 -7.17163085937500E-0003 
 2.63000000000000E+0002  1.82495117187500E-0002 -1.19628906250000E-0002 
 2.63500000000000E+0002  1.76086425781250E-0002 -1.37023925781250E-0002 
 2.64000000000000E+0002  1.22680664062500E-0002 -1.41296386718750E-0002 
 2.64500000000000E+0002  2.77709960937500E-0003 -1.31225585937500E-0002 
 2.65000000000000E+0002 -9.49096679687500E-0003 -1.16882324218750E-0002 
 2.65500000000000E+0002 -2.19116210937500E-0002 -7.84301757812500E-0003 
 2.66000000000000E+0002 -2.99072265625000E-0002 -3.38745117187500E-0003 
 2.66500000000000E+0002 -2.95410156250000E-0002 -2.68554687500000E-0003 
 2.67000000000000E+0002 -2.56347656250000E-0002 -1.01623535156250E-0002 
 2.67500000000000E+0002 -2.19116210937500E-0002 -2.16674804687500E-0002 
 2.68000000000000E+0002 -1.75170898437500E-0002 -3.11279296875000E-0002 
 2.68500000000000E+0002 -1.32446289062500E-0002 -3.81469726562500E-0002 
 2.69000000000000E+0002 -1.18103027343750E-0002 -4.14123535156250E-0002 
 2.69500000000000E+0002 -1.34887695312500E-0002 -4.27856445312500E-0002 
 2.70000000000000E+0002 -1.37939453125000E-0002 -4.25415039062500E-0002 
 2.70500000000000E+0002 -1.20239257812500E-0002 -4.49523925781250E-0002 
 2.71000000000000E+0002 -1.17797851562500E-0002 -5.17883300781250E-0002 
 2.71500000000000E+0002 -1.39770507812500E-0002 -5.81359863281250E-0002 
 2.72000000000000E+0002 -1.68762207031250E-0002 -6.25610351562500E-0002 
 2.72500000000000E+0002 -1.98669433593750E-0002 -6.23168945312500E-0002 
 2.73000000000000E+0002 -2.18811035156250E-0002 -5.77392578125000E-0002 
 2.73500000000000E+0002 -2.43225097656250E-0002 -5.18493652343750E-0002 
 2.74000000000000E+0002 -2.71606445312500E-0002 -4.71496582031250E-0002 
 2.74500000000000E+0002 -2.67944335937500E-0002 -4.46472167968750E-0002 
 2.75000000000000E+0002 -2.39562988281250E-0002 -4.39147949218750E-0002 
 2.75500000000000E+0002 -1.97448730468750E-0002 -4.38537597656250E-0002 
 2.76000000000000E+0002 -1.67236328125000E-0002 -4.78210449218750E-0002 
 2.76500000000000E+0002 -1.66931152343750E-0002 -5.40771484375000E-0002 
 2.77000000000000E+0002 -1.55944824218750E-0002 -5.66101074218750E-0002 
 2.77500000000000E+0002 -1.17187500000000E-0002 -5.40771484375000E-0002 
 2.78000000000000E+0002 -8.72802734375000E-0003 -5.09033203125000E-0002 
 2.78500000000000E+0002 -1.40991210937500E-0002 -4.55627441406250E-0002 
 2.79000000000000E+0002 -2.11486816406250E-0002 -3.31726074218750E-0002 
 2.79500000000000E+0002 -2.08740234375000E-0002 -1.99279785156250E-0002 
 2.80000000000000E+0002 -1.97448730468750E-0002 -1.56860351562500E-0002 
 2.80500000000000E+0002 -2.43225097656250E-0002 -1.97143554687500E-0002 
 2.81000000000000E+0002 -3.13720703125000E-0002 -2.61840820312500E-0002 
 2.81500000000000E+0002 -3.54003906250000E-0002 -3.28674316406250E-0002 
 2.82000000000000E+0002 -3.79028320312500E-0002 -3.72619628906250E-0002 
 2.82500000000000E+0002 -3.74145507812500E-0002 -3.67126464843750E-0002 
 2.83000000000000E+0002 -2.86865234375000E-0002 -3.62854003906250E-0002 
 2.83500000000000E+0002 -1.91345214843750E-0002 -3.79028320312500E-0002 
 2.84000000000000E+0002 -1.80969238281250E-0002 -3.85437011718750E-0002 
 2.84500000000000E+0002 -1.75170898437500E-0002 -4.03747558593750E-0002 
 2.85000000000000E+0002 -1.78222656250000E-0002 -4.84619140625000E-0002 
 2.85500000000000E+0002 -2.58178710937500E-0002 -5.30395507812500E-0002 
 2.86000000000000E+0002 -3.68957519531250E-0002 -4.76989746093750E-0002 
 2.86500000000000E+0002 -4.01000976562500E-0002 -3.94592285156250E-0002 
 2.87000000000000E+0002 -3.45458984375000E-0002 -3.58276367187500E-0002 
 2.87500000000000E+0002 -2.98461914062500E-0002 -3.54919433593750E-0002 
 2.88000000000000E+0002 -2.66723632812500E-0002 -3.53393554687500E-0002 
 2.88500000000000E+0002 -2.05078125000000E-0002 -4.24499511718750E-0002 
 2.89000000000000E+0002 -1.58691406250000E-0002 -5.57250976562500E-0002 
 2.89500000000000E+0002 -1.62658691406250E-0002 -6.58569335937500E-0002 
 2.90000000000000E+0002 -1.69372558593750E-0002 -6.82678222656250E-0002 
 2.90500000000000E+0002 -1.57470703125000E-0002 -6.54296875000000E-0002 
 2.91000000000000E+0002 -1.57775878906250E-0002 -6.03332519531250E-0002 
 2.91500000000000E+0002 -1.88598632812500E-0002 -5.37109375000000E-0002 
 2.92000000000000E+0002 -2.23693847656250E-0002 -4.54406738281250E-0002 
 2.92500000000000E+0002 -2.36816406250000E-0002 -3.55529785156250E-0002 
 2.93000000000000E+0002 -2.00805664062500E-0002 -2.62756347656250E-0002 
 2.93500000000000E+0002 -1.28479003906250E-0002 -1.88903808593750E-0002 
 2.94000000000000E+0002 -3.81469726562500E-0003 -1.30310058593750E-0002 
 2.94500000000000E+0002  5.92041015625000E-0003 -8.63647460937500E-0003 
 2.95000000000000E+0002  1.53808593750000E-0002 -5.37109375000000E-0003 
 2.95500000000000E+0002  2.35290527343750E-0002 -7.20214843750000E-0003 
 2.96000000000000E+0002  2.47497558593750E-0002 -1.62048339843750E-0002 
 2.96500000000000E+0002  1.56555175781250E-0002 -2.38037109375000E-0002 
 2.97000000000000E+0002  3.38745117187500E-0003 -2.46887207031250E-0002 
 2.97500000000000E+0002 -7.56835937500000E-0003 -2.13623046875000E-0002 
 2.98000000000000E+0002 -1.55029296875000E-0002 -2.01110839843750E-0002 
 2.98500000000000E+0002 -1.90734863281250E-0002 -2.12402343750000E-0002 
 2.99000000000000E+0002 -1.61132812500000E-0002 -2.11791992187500E-0002 
 2.99500000000000E+0002 -9.61303710937500E-0003 -2.48413085937500E-0002 
 3.00000000000000E+0002 -6.13403320312500E-0003 -3.31115722656250E-0002 
 3.00500000000000E+0002 -7.29370117187500E-0003 -4.11682128906250E-0002 
 3.01000000000000E+0002 -1.34277343750000E-0002 -4.36401367187500E-0002 
 3.01500000000000E+0002 -2.62756347656250E-0002 -4.07104492187500E-0002 
 3.02000000000000E+0002 -4.43725585937500E-0002 -3.13110351562500E-0002 
 3.02500000000000E+0002 -6.05468750000000E-0002 -1.72729492187500E-0002 
 3.03000000000000E+0002 -6.89697265625000E-0002 -3.81469726562500E-0003 
 3.03500000000000E+0002 -6.91528320312500E-0002  3.32641601562500E-0003 
 3.04000000000000E+0002 -6.17675781250000E-0002  1.83105468750000E-0003 
 3.04500000000000E+0002 -5.15747070312500E-0002 -6.86645507812500E-0003 
 3.05000000000000E+0002 -4.12292480468750E-0002 -1.72729492187500E-0002 
 3.05500000000000E+0002 -2.94494628906250E-0002 -2.46582031250000E-0002 
 3.06000000000000E+0002 -1.67236328125000E-0002 -2.87780761718750E-0002 
 3.06500000000000E+0002 -4.63867187500000E-0003 -3.35083007812500E-0002 
 3.07000000000000E+0002  2.16674804687500E-0003 -3.71093750000000E-0002 
 3.07500000000000E+0002  7.11059570312500E-0003 -3.70788574218750E-0002 
 3.08000000000000E+0002  1.41296386718750E-0002 -3.61022949218750E-0002 
 3.08500000000000E+0002  1.82495117187500E-0002 -3.75671386718750E-0002 
 3.09000000000000E+0002  1.17492675781250E-0002 -3.68041992187500E-0002 
 3.09500000000000E+0002 -7.32421875000000E-0004 -2.81677246093750E-0002 
 3.10000000000000E+0002 -1.37023925781250E-0002 -1.74255371093750E-0002 
 3.10500000000000E+0002 -2.77099609375000E-0002 -1.12915039062500E-0002 
 3.11000000000000E+0002 -4.43725585937500E-0002 -1.22070312500000E-0002 
 3.11500000000000E+0002 -5.74035644531250E-0002 -1.87377929687500E-0002 
 3.12000000000000E+0002 -5.96313476562500E-0002 -3.02734375000000E-0002 
 3.12500000000000E+0002 -5.36499023437500E-0002 -4.47998046875000E-0002 
 3.13000000000000E+0002 -4.57763671875000E-0002 -5.81054687500000E-0002 
 3.13500000000000E+0002 -3.91845703125000E-0002 -6.55822753906250E-0002 
 3.14000000000000E+0002 -3.60717773437500E-0002 -6.48803710937500E-0002 
 3.14500000000000E+0002 -3.31726074218750E-0002 -5.70373535156250E-0002 
 3.15000000000000E+0002 -3.22265625000000E-0002 -4.86755371093750E-0002 
 3.15500000000000E+0002 -3.37524414062500E-0002 -4.16870117187500E-0002 
 3.16000000000000E+0002 -3.32336425781250E-0002 -3.47290039062500E-0002 
 3.16500000000000E+0002 -2.96630859375000E-0002 -3.18603515625000E-0002 
 3.17000000000000E+0002 -2.53906250000000E-0002 -3.84521484375000E-0002 
 3.17500000000000E+0002 -2.41394042968750E-0002 -5.03540039062500E-0002 
 3.18000000000000E+0002 -2.47497558593750E-0002 -6.06994628906250E-0002 
 3.18500000000000E+0002 -2.26745605468750E-0002 -6.55517578125000E-0002 
 3.19000000000000E+0002 -1.85241699218750E-0002 -6.94274902343750E-0002 
 3.19500000000000E+0002 -1.43127441406250E-0002 -7.05871582031250E-0002 
 3.20000000000000E+0002 -1.11694335937500E-0002 -6.45751953125000E-0002 
 3.20500000000000E+0002 -7.38525390625000E-0003 -5.31616210937500E-0002 
 3.21000000000000E+0002 -3.66210937500000E-0003 -4.21752929687500E-0002 
 3.21500000000000E+0002 -2.47192382812500E-0003 -3.29895019531250E-0002 
 3.22000000000000E+0002 -3.17382812500000E-0003 -2.36816406250000E-0002 
 3.22500000000000E+0002 -4.73022460937500E-0003 -1.66320800781250E-0002 
 3.23000000000000E+0002 -4.85229492187500E-0003 -1.35498046875000E-0002 
 3.23500000000000E+0002 -4.45556640625000E-0003 -1.33972167968750E-0002 
 3.24000000000000E+0002 -4.69970703125000E-0003 -1.30615234375000E-0002 
 3.24500000000000E+0002 -4.36401367187500E-0003 -1.12609863281250E-0002 
 3.25000000000000E+0002 -1.15966796875000E-0003 -7.90405273437500E-0003 
 3.25500000000000E+0002  5.34057617187500E-0003 -7.32421875000000E-0003 
 3.26000000000000E+0002  9.88769531250000E-0003 -1.20544433593750E-0002 
 3.26500000000000E+0002  9.06372070312500E-0003 -1.55944824218750E-0002 
 3.27000000000000E+0002  7.87353515625000E-0003 -1.76391601562500E-0002 
 3.27500000000000E+0002  6.68334960937500E-0003 -2.29187011718750E-0002 
 3.28000000000000E+0002  7.62939453125000E-0004 -2.84729003906250E-0002 
 3.28500000000000E+0002 -9.67407226562500E-0003 -2.77099609375000E-0002 
 3.29000000000000E+0002 -1.87683105468750E-0002 -2.11181640625000E-0002 
 3.29500000000000E+0002 -2.65502929687500E-0002 -1.78833007812500E-0002 
 3.30000000000000E+0002 -3.64685058593750E-0002 -2.05688476562500E-0002 
 3.30500000000000E+0002 -4.66613769531250E-0002 -2.52685546875000E-0002 
 3.31000000000000E+0002 -5.23986816406250E-0002 -3.03955078125000E-0002 
 3.31500000000000E+0002 -5.43823242187500E-0002 -3.72924804687500E-0002 
 3.32000000000000E+0002 -5.52978515625000E-0002 -4.30908203125000E-0002 
 3.32500000000000E+0002 -5.49316406250000E-0002 -4.43115234375000E-0002 
 3.33000000000000E+0002 -5.49011230468750E-0002 -4.29382324218750E-0002 
 3.33500000000000E+0002 -5.42602539062500E-0002 -3.90625000000000E-0002 
 3.34000000000000E+0002 -5.07202148437500E-0002 -3.20434570312500E-0002 
 3.34500000000000E+0002 -4.17785644531250E-0002 -2.56042480468750E-0002 
 3.35000000000000E+0002 -3.22875976562500E-0002 -2.40478515625000E-0002 
 3.35500000000000E+0002 -2.62145996093750E-0002 -2.46887207031250E-0002 
 3.36000000000000E+0002 -1.94702148437500E-0002 -2.14843750000000E-0002 
 3.36500000000000E+0002 -1.13220214843750E-0002 -1.87072753906250E-0002 
 3.37000000000000E+0002 -6.80541992187500E-0003 -2.09655761718750E-0002 
 3.37500000000000E+0002 -9.97924804687500E-0003 -2.20947265625000E-0002 
 3.38000000000000E+0002 -1.50146484375000E-0002 -1.45568847656250E-0002 
 3.38500000000000E+0002 -1.37634277343750E-0002 -4.36401367187500E-0003 
 3.39000000000000E+0002 -1.09558105468750E-0002 -1.22070312500000E-0004 
 3.39500000000000E+0002 -1.29394531250000E-0002  5.49316406250000E-0004 
 3.40000000000000E+0002 -1.50756835937500E-0002  1.28173828125000E-0003 
 3.40500000000000E+0002 -1.22375488281250E-0002 -3.14331054687500E-0003 
 3.41000000000000E+0002 -9.85717773437500E-0003 -1.77612304687500E-0002 
 3.41500000000000E+0002 -1.49536132812500E-0002 -3.54919433593750E-0002 
 3.42000000000000E+0002 -2.48718261718750E-0002 -4.72106933593750E-0002 
 3.42500000000000E+0002 -3.14331054687500E-0002 -5.17883300781250E-0002 
 3.43000000000000E+0002 -3.24707031250000E-0002 -5.17272949218750E-0002 
 3.43500000000000E+0002 -3.00292968750000E-0002 -4.77294921875000E-0002 
 3.44000000000000E+0002 -2.35290527343750E-0002 -3.84216308593750E-0002 
 3.44500000000000E+0002 -1.38244628906250E-0002 -2.89916992187500E-0002 
 3.45000000000000E+0002 -4.33349609375000E-0003 -2.33154296875000E-0002 
 3.45500000000000E+0002 -3.66210937500000E-0004 -2.11486816406250E-0002 
 3.46000000000000E+0002 -2.74658203125000E-0004 -2.05078125000000E-0002 
 3.46500000000000E+0002 -7.32421875000000E-0004 -2.13317871093750E-0002 
 3.47000000000000E+0002  3.96728515625000E-0004 -2.35595703125000E-0002 
 3.47500000000000E+0002  3.84521484375000E-0003 -2.74353027343750E-0002 
 3.48000000000000E+0002  9.33837890625000E-0003 -3.22265625000000E-0002 
 3.48500000000000E+0002  1.29394531250000E-0002 -3.71398925781250E-0002 
 3.49000000000000E+0002  1.06811523437500E-0002 -3.98559570312500E-0002 
 3.49500000000000E+0002  2.71606445312500E-0003 -3.75976562500000E-0002 
 3.50000000000000E+0002 -6.89697265625000E-0003 -3.07922363281250E-0002 
 3.50500000000000E+0002 -1.39770507812500E-0002 -2.05078125000000E-0002 
 3.51000000000000E+0002 -1.82189941406250E-0002 -1.14135742187500E-0002 
 3.51500000000000E+0002 -2.09350585937500E-0002 -9.09423828125000E-0003 
 3.52000000000000E+0002 -2.22167968750000E-0002 -1.21154785156250E-0002 
 3.52500000000000E+0002 -2.09350585937500E-0002 -1.47399902343750E-0002 
 3.53000000000000E+0002 -1.91955566406250E-0002 -1.92565917968750E-0002 
 3.53500000000000E+0002 -2.36511230468750E-0002 -2.39257812500000E-0002 
 3.54000000000000E+0002 -3.24096679687500E-0002 -1.95312500000000E-0002 
 3.54500000000000E+0002 -3.50036621093750E-0002 -5.88989257812500E-0003 
 3.55000000000000E+0002 -2.98767089843750E-0002  2.99072265625000E-0003 
 3.55500000000000E+0002 -2.75878906250000E-0002  4.27246093750000E-0004 
 3.56000000000000E+0002 -2.92053222656250E-0002 -5.27954101562500E-0003 
 3.56500000000000E+0002 -2.81066894531250E-0002 -1.04980468750000E-0002 
 3.57000000000000E+0002 -2.45056152343750E-0002 -1.96228027343750E-0002 
 3.57500000000000E+0002 -2.80151367187500E-0002 -3.04870605468750E-0002 
 3.58000000000000E+0002 -3.91235351562500E-0002 -3.40881347656250E-0002 
 3.58500000000000E+0002 -4.91943359375000E-0002 -3.03039550781250E-0002 
 3.59000000000000E+0002 -5.45959472656250E-0002 -2.49023437500000E-0002 
 3.59500000000000E+0002 -5.53588867187500E-0002 -1.87377929687500E-0002 
 3.60000000000000E+0002 -5.25512695312500E-0002 -1.52893066406250E-0002 
 3.60500000000000E+0002 -4.91333007812500E-0002 -1.87683105468750E-0002 
 3.61000000000000E+0002 -4.43725585937500E-0002 -2.70080566406250E-0002 
 3.61500000000000E+0002 -3.82995605468750E-0002 -3.50036621093750E-0002 
 3.62000000000000E+0002 -3.31115722656250E-0002 -4.04663085937500E-0002 
 3.62500000000000E+0002 -3.03649902343750E-0002 -4.38842773437500E-0002 
 3.63000000000000E+0002 -2.87170410156250E-0002 -4.42199707031250E-0002 
 3.63500000000000E+0002 -2.87475585937500E-0002 -4.10156250000000E-0002 
 3.64000000000000E+0002 -2.95715332031250E-0002 -3.36303710937500E-0002 
 3.64500000000000E+0002 -2.75878906250000E-0002 -2.45056152343750E-0002 
 3.65000000000000E+0002 -2.45361328125000E-0002 -2.09655761718750E-0002 
 3.65500000000000E+0002 -2.58178710937500E-0002 -2.68554687500000E-0002 
 3.66000000000000E+0002 -3.03344726562500E-0002 -3.41186523437500E-0002 
 3.66500000000000E+0002 -3.29895019531250E-0002 -3.72924804687500E-0002 
 3.67000000000000E+0002 -3.50952148437500E-0002 -3.94897460937500E-0002 
 3.67500000000000E+0002 -4.11071777343750E-0002 -4.33349609375000E-0002 
 3.68000000000000E+0002 -4.88586425781250E-0002 -4.58374023437500E-0002 
 3.68500000000000E+0002 -5.15747070312500E-0002 -4.38232421875000E-0002 
 3.69000000000000E+0002 -4.84313964843750E-0002 -3.98864746093750E-0002 
 3.69500000000000E+0002 -4.41284179687500E-0002 -3.86047363281250E-0002 
 3.70000000000000E+0002 -4.23889160156250E-0002 -3.92761230468750E-0002 
 3.70500000000000E+0002 -4.29382324218750E-0002 -3.69873046875000E-0002 
 3.71000000000000E+0002 -4.10766601562500E-0002 -2.96325683593750E-0002 
 3.71500000000000E+0002 -3.45458984375000E-0002 -2.22167968750000E-0002 
 3.72000000000000E+0002 -2.33154296875000E-0002 -1.92260742187500E-0002 
 3.72500000000000E+0002 -1.16882324218750E-0002 -2.23388671875000E-0002 
 3.73000000000000E+0002 -4.63867187500000E-0003 -2.74658203125000E-0002 
 3.73500000000000E+0002  2.13623046875000E-0004 -3.28369140625000E-0002 
 3.74000000000000E+0002  3.66210937500000E-0003 -3.87573242187500E-0002 
 3.74500000000000E+0002  2.38037109375000E-0003 -4.11071777343750E-0002 
 3.75000000000000E+0002 -5.82885742187500E-0003 -3.60717773437500E-0002 
 3.75500000000000E+0002 -1.59912109375000E-0002 -2.48413085937500E-0002 
 3.76000000000000E+0002 -1.99279785156250E-0002 -1.40075683593750E-0002 
 3.76500000000000E+0002 -1.73034667968750E-0002 -7.17163085937500E-0003 
 3.77000000000000E+0002 -1.03149414062500E-0002 -1.89208984375000E-0003 
 3.77500000000000E+0002 -2.31933593750000E-0003  1.25122070312500E-0003 
 3.78000000000000E+0002  6.40869140625000E-0004  8.23974609375000E-0004 
 3.78500000000000E+0002 -1.98364257812500E-0003  2.01416015625000E-0003 
 3.79000000000000E+0002 -4.85229492187500E-0003  6.43920898437500E-0003 
 3.79500000000000E+0002 -8.30078125000000E-0003  9.09423828125000E-0003 
 3.80000000000000E+0002 -1.59912109375000E-0002  6.98852539062500E-0003 
 3.80500000000000E+0002 -2.50854492187500E-0002  2.96020507812500E-0003 
 3.81000000000000E+0002 -2.77099609375000E-0002  1.00708007812500E-0003 
 3.81500000000000E+0002 -2.16369628906250E-0002 -2.34985351562500E-0003 
 3.82000000000000E+0002 -1.56250000000000E-0002 -8.11767578125000E-0003 
 3.82500000000000E+0002 -1.51367187500000E-0002 -1.25122070312500E-0002 
 3.83000000000000E+0002 -1.73339843750000E-0002 -1.39770507812500E-0002 
 3.83500000000000E+0002 -1.85241699218750E-0002 -1.51062011718750E-0002 
 3.84000000000000E+0002 -1.68457031250000E-0002 -1.78527832031250E-0002 
 3.84500000000000E+0002 -1.20544433593750E-0002 -2.24304199218750E-0002 
 3.85000000000000E+0002 -5.43212890625000E-0003 -2.70080566406250E-0002 
 3.85500000000000E+0002  1.83105468750000E-0004 -2.98156738281250E-0002 
 3.86000000000000E+0002  5.03540039062500E-0003 -3.32641601562500E-0002 
 3.86500000000000E+0002  1.19628906250000E-0002 -3.89099121093750E-0002 
 3.87000000000000E+0002  1.59912109375000E-0002 -4.56237792968750E-0002 
 3.87500000000000E+0002  1.28479003906250E-0002 -4.83398437500000E-0002 
 3.88000000000000E+0002  7.38525390625000E-0003 -4.79125976562500E-0002 
 3.88500000000000E+0002  2.77709960937500E-0003 -4.36401367187500E-0002 
 3.89000000000000E+0002 -3.96728515625000E-0004 -3.59497070312500E-0002 
 3.89500000000000E+0002 -5.24902343750000E-0003 -2.79235839843750E-0002 
 3.90000000000000E+0002 -8.23974609375000E-0003 -2.22473144531250E-0002 
 3.90500000000000E+0002 -7.78198242187500E-0003 -2.26745605468750E-0002 
 3.91000000000000E+0002 -9.61303710937500E-0003 -2.41699218750000E-0002 
 3.91500000000000E+0002 -1.33056640625000E-0002 -2.56652832031250E-0002 
 3.92000000000000E+0002 -1.84326171875000E-0002 -3.13415527343750E-0002 
 3.92500000000000E+0002 -2.67333984375000E-0002 -3.76281738281250E-0002 
 3.93000000000000E+0002 -3.85131835937500E-0002 -3.85742187500000E-0002 
 3.93500000000000E+0002 -5.08117675781250E-0002 -3.60412597656250E-0002 
 3.94000000000000E+0002 -5.74340820312500E-0002 -3.61938476562500E-0002 
 3.94500000000000E+0002 -5.52673339843750E-0002 -3.98559570312500E-0002 
 3.95000000000000E+0002 -4.53186035156250E-0002 -3.95812988281250E-0002 
 3.95500000000000E+0002 -2.96630859375000E-0002 -3.55529785156250E-0002 
 3.96000000000000E+0002 -1.37939453125000E-0002 -3.28063964843750E-0002 
 3.96500000000000E+0002 -6.71386718750000E-0004 -3.21655273437500E-0002 
 3.97000000000000E+0002  8.97216796875000E-0003 -3.24401855468750E-0002 
 3.97500000000000E+0002  1.33056640625000E-0002 -3.68347167968750E-0002 
 3.98000000000000E+0002  7.17163085937500E-0003 -4.48913574218750E-0002 
 3.98500000000000E+0002 -2.86865234375000E-0003 -5.00793457031250E-0002 
 3.99000000000000E+0002 -8.33129882812500E-0003 -4.74853515625000E-0002 
 3.99500000000000E+0002 -9.12475585937500E-0003 -4.15039062500000E-0002 
