 0.00000000000000E+0000  3.07589721679688E+0001 -2.73098754882813E+0000 
 5.00000000000000E-0001  3.67133483886719E+0001 -3.53033447265625E+0000 
 1.00000000000000E+0000  3.97736511230469E+0001 -4.18258666992188E+0000 
 1.50000000000000E+0000  4.00881042480469E+0001 -4.62652587890625E+0000 
 2.00000000000000E+0000  3.96749572753906E+0001 -4.90646362304688E+0000 
 2.50000000000000E+0000  3.90957336425781E+0001 -5.03811645507813E+0000 
 3.00000000000000E+0000  3.83713378906250E+0001 -5.07608032226563E+0000 
 3.50000000000000E+0000  3.75128479003906E+0001 -5.06579589843750E+0000 
 4.00000000000000E+0000  3.65978698730469E+0001 -5.03646850585938E+0000 
 4.50000000000000E+0000  3.57082519531250E+0001 -5.02871704101563E+0000 
 5.00000000000000E+0000  3.48558959960938E+0001 -5.06527709960938E+0000 
 5.50000000000000E+0000  3.40262756347656E+0001 -5.10556030273438E+0000 
 6.00000000000000E+0000  3.32282409667969E+0001 -5.09744262695313E+0000 
 6.50000000000000E+0000  3.24384155273438E+0001 -5.04275512695313E+0000 
 7.00000000000000E+0000  3.16076660156250E+0001 -4.94519042968750E+0000 
 7.50000000000000E+0000  3.07409973144531E+0001 -4.80615234375000E+0000 
 8.00000000000000E+0000  2.98594055175781E+0001 -4.65777587890625E+0000 
 8.50000000000000E+0000  2.89499206542969E+0001 -4.53799438476563E+0000 
 9.00000000000000E+0000  2.79964904785156E+0001 -4.46237182617188E+0000 
 9.50000000000000E+0000  2.70075988769531E+0001 -4.42401123046875E+0000 
 1.00000000000000E+0001  2.59829406738281E+0001 -4.42062377929688E+0000 
 1.05000000000000E+0001  2.49040832519531E+0001 -4.43875122070313E+0000 
 1.10000000000000E+0001  2.37868652343750E+0001 -4.44750976562500E+0000 
 1.15000000000000E+0001  2.26631774902344E+0001 -4.43243408203125E+0000 
 1.20000000000000E+0001  2.15392150878906E+0001 -4.38720703125000E+0000 
 1.25000000000000E+0001  2.04268493652344E+0001 -4.30117797851563E+0000 
 1.30000000000000E+0001  1.93533935546875E+0001 -4.17575073242188E+0000 
 1.35000000000000E+0001  1.83269653320313E+0001 -4.01635742187500E+0000 
 1.40000000000000E+0001  1.73361816406250E+0001 -3.83117675781250E+0000 
 1.45000000000000E+0001  1.63823242187500E+0001 -3.62939453125000E+0000 
 1.50000000000000E+0001  1.54709167480468E+0001 -3.42703247070313E+0000 
 1.55000000000000E+0001  1.45915832519531E+0001 -3.23742675781250E+0000 
 1.60000000000000E+0001  1.37404785156250E+0001 -3.06866455078125E+0000 
 1.65000000000000E+0001  1.29267883300781E+0001 -2.92700195312500E+0000 
 1.70000000000000E+0001  1.21448364257812E+0001 -2.80526733398438E+0000 
 1.75000000000000E+0001  1.13815307617187E+0001 -2.68414306640625E+0000 
 1.80000000000000E+0001  1.06433105468750E+0001 -2.55355834960938E+0000 
 1.85000000000000E+0001  9.93319702148438E+0000 -2.41677856445313E+0000 
 1.90000000000000E+0001  9.23040771484375E+0000 -2.27014160156250E+0000 
 1.95000000000000E+0001  8.52551269531250E+0000 -2.11148071289063E+0000 
 2.00000000000000E+0001  7.83169555664063E+0000 -1.95281982421875E+0000 
 2.05000000000000E+0001  7.16354370117188E+0000 -1.80297851562500E+0000 
 2.10000000000000E+0001  6.52749633789063E+0000 -1.66336059570313E+0000 
 2.15000000000000E+0001  5.93408203125000E+0000 -1.53381347656250E+0000 
 2.20000000000000E+0001  5.40002441406250E+0000 -1.41369628906250E+0000 
 2.25000000000000E+0001  4.92468261718750E+0000 -1.29452514648438E+0000 
 2.30000000000000E+0001  4.49853515625000E+0000 -1.16546630859375E+0000 
 2.35000000000000E+0001  4.11950683593750E+0000 -1.03201293945313E+0000 
 2.40000000000000E+0001  3.77896118164063E+0000 -9.02526855468750E-0001 
 2.45000000000000E+0001  3.46978759765625E+0000 -7.74139404296875E-0001 
 2.50000000000000E+0001  3.18945312500000E+0000 -6.53900146484375E-0001 
 2.55000000000000E+0001  2.93847656250000E+0000 -5.53588867187500E-0001 
 2.60000000000000E+0001  2.71441650390625E+0000 -4.79766845703125E-0001 
 2.65000000000000E+0001  2.51196289062500E+0000 -4.30419921875000E-0001 
 2.70000000000000E+0001  2.32620239257813E+0000 -3.95904541015625E-0001 
 2.75000000000000E+0001  2.15380859375000E+0000 -3.66333007812500E-0001 
 2.80000000000000E+0001  1.98812866210938E+0000 -3.37585449218750E-0001 
 2.85000000000000E+0001  1.82470703125000E+0000 -3.09295654296875E-0001 
 2.90000000000000E+0001  1.66833496093750E+0000 -2.80731201171875E-0001 
 2.95000000000000E+0001  1.52194213867188E+0000 -2.49389648437500E-0001 
 3.00000000000000E+0001  1.38442993164063E+0000 -2.15637207031250E-0001 
 3.05000000000000E+0001  1.26031494140625E+0000 -1.82708740234375E-0001 
 3.10000000000000E+0001  1.15869140625000E+0000 -1.49932861328125E-0001 
 3.15000000000000E+0001  1.08578491210938E+0000 -1.10900878906250E-0001 
 3.20000000000000E+0001  1.03762817382813E+0000 -6.14929199218750E-0002 
 3.25000000000000E+0001  1.01202392578125E+0000 -3.29589843750000E-0003 
 3.30000000000000E+0001  1.00906372070313E+0000  6.00891113281250E-0002 
 3.35000000000000E+0001  1.02297973632813E+0000  1.22131347656250E-0001 
 3.40000000000000E+0001  1.04498291015625E+0000  1.80328369140625E-0001 
 3.45000000000000E+0001  1.07528686523438E+0000  2.28790283203125E-0001 
 3.50000000000000E+0001  1.11123657226563E+0000  2.59765625000000E-0001 
 3.55000000000000E+0001  1.14556884765625E+0000  2.72766113281250E-0001 
 3.60000000000000E+0001  1.17483520507813E+0000  2.67059326171875E-0001 
 3.65000000000000E+0001  1.20355224609375E+0000  2.44720458984375E-0001 
 3.70000000000000E+0001  1.22964477539063E+0000  2.10937500000000E-0001 
 3.75000000000000E+0001  1.24795532226563E+0000  1.72454833984375E-0001 
 3.80000000000000E+0001  1.25900268554688E+0000  1.36566162109375E-0001 
 3.85000000000000E+0001  1.26815795898438E+0000  1.09252929687500E-0001 
 3.90000000000000E+0001  1.27813720703125E+0000  9.27124023437500E-0002 
 3.95000000000000E+0001  1.28787231445313E+0000  8.88061523437500E-0002 
 4.00000000000000E+0001  1.29614257812500E+0000  9.45129394531250E-0002 
 4.05000000000000E+0001  1.30221557617188E+0000  1.03698730468750E-0001 
 4.10000000000000E+0001  1.30673217773438E+0000  1.14624023437500E-0001 
 4.15000000000000E+0001  1.31341552734375E+0000  1.24938964843750E-0001 
 4.20000000000000E+0001  1.32168579101563E+0000  1.33575439453125E-0001 
 4.25000000000000E+0001  1.33505249023438E+0000  1.39831542968750E-0001 
 4.30000000000000E+0001  1.36032104492188E+0000  1.45629882812500E-0001 
 4.35000000000000E+0001  1.39907836914063E+0000  1.52221679687500E-0001 
 4.40000000000000E+0001  1.44702148437500E+0000  1.58752441406250E-0001 
 4.45000000000000E+0001  1.50033569335938E+0000  1.62292480468750E-0001 
 4.50000000000000E+0001  1.55679321289063E+0000  1.62200927734375E-0001 
 4.55000000000000E+0001  1.60986328125000E+0000  1.60125732421875E-0001 
 4.60000000000000E+0001  1.65255737304688E+0000  1.59301757812500E-0001 
 4.65000000000000E+0001  1.68695068359375E+0000  1.56646728515625E-0001 
 4.70000000000000E+0001  1.71517944335938E+0000  1.49047851562500E-0001 
 4.75000000000000E+0001  1.73757934570313E+0000  1.38092041015625E-0001 
 4.80000000000000E+0001  1.75601196289063E+0000  1.25854492187500E-0001 
 4.85000000000000E+0001  1.77111816406250E+0000  1.11846923828125E-0001 
 4.90000000000000E+0001  1.77999877929688E+0000  9.72900390625000E-0002 
 4.95000000000000E+0001  1.78115844726563E+0000  8.60290527343750E-0002 
 5.00000000000000E+0001  1.77487182617188E+0000  7.75146484375000E-0002 
 5.05000000000000E+0001  1.76123046875000E+0000  6.95800781250000E-0002 
 5.10000000000000E+0001  1.74682617187500E+0000  6.28356933593750E-0002 
 5.15000000000000E+0001  1.73895263671875E+0000  5.70068359375000E-0002 
 5.20000000000000E+0001  1.73767089843750E+0000  4.83093261718750E-0002 
 5.25000000000000E+0001  1.73974609375000E+0000  3.74145507812500E-0002 
 5.30000000000000E+0001  1.74606323242188E+0000  2.99682617187500E-0002 
 5.35000000000000E+0001  1.75628662109375E+0000  2.65502929687500E-0002 
 5.40000000000000E+0001  1.75952148437500E+0000  2.58178710937500E-0002 
 5.45000000000000E+0001  1.75149536132813E+0000  2.73132324218750E-0002 
 5.50000000000000E+0001  1.74411010742188E+0000  3.09143066406250E-0002 
 5.55000000000000E+0001  1.74206542968750E+0000  3.09448242187500E-0002 
 5.60000000000000E+0001  1.73654174804688E+0000  2.84423828125000E-0002 
 5.65000000000000E+0001  1.72348022460938E+0000  2.88696289062500E-0002 
 5.70000000000000E+0001  1.71084594726563E+0000  3.32641601562500E-0002 
 5.75000000000000E+0001  1.70239257812500E+0000  4.08935546875000E-0002 
 5.80000000000000E+0001  1.69461059570313E+0000  5.37719726562500E-0002 
 5.85000000000000E+0001  1.68334960937500E+0000  7.17163085937500E-0002 
 5.90000000000000E+0001  1.67303466796875E+0000  8.94165039062500E-0002 
 5.95000000000000E+0001  1.66833496093750E+0000  1.00494384765625E-0001 
 6.00000000000000E+0001  1.66720581054688E+0000  9.94262695312500E-0002 
 6.05000000000000E+0001  1.66256713867188E+0000  8.89587402343750E-0002 
 6.10000000000000E+0001  1.65371704101563E+0000  7.78198242187500E-0002 
 6.15000000000000E+0001  1.64840698242188E+0000  6.88171386718750E-0002 
 6.20000000000000E+0001  1.64547729492188E+0000  5.88073730468750E-0002 
 6.25000000000000E+0001  1.63806152343750E+0000  4.96826171875000E-0002 
 6.30000000000000E+0001  1.62451171875000E+0000  4.66308593750000E-0002 
 6.35000000000000E+0001  1.61151123046875E+0000  4.58068847656250E-0002 
 6.40000000000000E+0001  1.59924316406250E+0000  3.96423339843750E-0002 
 6.45000000000000E+0001  1.58374023437500E+0000  3.35998535156250E-0002 
 6.50000000000000E+0001  1.56799316406250E+0000  3.22265625000000E-0002 
 6.55000000000000E+0001  1.55288696289063E+0000  3.14941406250000E-0002 
 6.60000000000000E+0001  1.53359985351563E+0000  2.94189453125000E-0002 
 6.65000000000000E+0001  1.50976562500000E+0000  3.21655273437500E-0002 
 6.70000000000000E+0001  1.48693847656250E+0000  4.08935546875000E-0002 
 6.75000000000000E+0001  1.47036743164063E+0000  5.00793457031250E-0002 
 6.80000000000000E+0001  1.45843505859375E+0000  6.18286132812500E-0002 
 6.85000000000000E+0001  1.45251464843750E+0000  7.70568847656250E-0002 
 6.90000000000000E+0001  1.45306396484375E+0000  8.85925292968750E-0002 
 6.95000000000000E+0001  1.45816040039063E+0000  9.39025878906250E-0002 
 7.00000000000000E+0001  1.46392822265625E+0000  9.40551757812500E-0002 
 7.05000000000000E+0001  1.46603393554688E+0000  8.79516601562500E-0002 
 7.10000000000000E+0001  1.46170043945313E+0000  7.40356445312500E-0002 
 7.15000000000000E+0001  1.45068359375000E+0000  6.14929199218750E-0002 
 7.20000000000000E+0001  1.43994140625000E+0000  5.70983886718750E-0002 
 7.25000000000000E+0001  1.42904663085938E+0000  5.65795898437500E-0002 
 7.30000000000000E+0001  1.41528320312500E+0000  5.77392578125000E-0002 
 7.35000000000000E+0001  1.40219116210938E+0000  6.22253417968750E-0002 
 7.40000000000000E+0001  1.39392089843750E+0000  6.89392089843750E-0002 
 7.45000000000000E+0001  1.39221191406250E+0000  7.15942382812500E-0002 
 7.50000000000000E+0001  1.39215087890625E+0000  6.81152343750000E-0002 
 7.55000000000000E+0001  1.39221191406250E+0000  6.21032714843750E-0002 
 7.60000000000000E+0001  1.39437866210938E+0000  5.53588867187500E-0002 
 7.65000000000000E+0001  1.39871215820313E+0000  5.14526367187500E-0002 
 7.70000000000000E+0001  1.40573120117188E+0000  5.31311035156250E-0002 
 7.75000000000000E+0001  1.41043090820313E+0000  5.50842285156250E-0002 
 7.80000000000000E+0001  1.41119384765625E+0000  5.54504394531250E-0002 
 7.85000000000000E+0001  1.40908813476563E+0000  5.63049316406250E-0002 
 7.90000000000000E+0001  1.40481567382813E+0000  6.03027343750000E-0002 
 7.95000000000000E+0001  1.39553833007813E+0000  6.88781738281250E-0002 
 8.00000000000000E+0001  1.38494873046875E+0000  8.16650390625000E-0002 
 8.05000000000000E+0001  1.37826538085938E+0000  9.41772460937500E-0002 
 8.10000000000000E+0001  1.37640380859375E+0000  1.04125976562500E-0001 
 8.15000000000000E+0001  1.37442016601563E+0000  1.10076904296875E-0001 
 8.20000000000000E+0001  1.36874389648438E+0000  1.15386962890625E-0001 
 8.25000000000000E+0001  1.36355590820313E+0000  1.18621826171875E-0001 
 8.30000000000000E+0001  1.36062622070313E+0000  1.14044189453125E-0001 
 8.35000000000000E+0001  1.35867309570313E+0000  1.05316162109375E-0001 
 8.40000000000000E+0001  1.35787963867188E+0000  9.98229980468750E-0002 
 8.45000000000000E+0001  1.35852050781250E+0000  9.71679687500000E-0002 
 8.50000000000000E+0001  1.36032104492188E+0000  9.18579101562500E-0002 
 8.55000000000000E+0001  1.35855102539063E+0000  8.20617675781250E-0002 
 8.60000000000000E+0001  1.35177612304688E+0000  7.12280273437500E-0002 
 8.65000000000000E+0001  1.34240722656250E+0000  6.44836425781250E-0002 
 8.70000000000000E+0001  1.33447265625000E+0000  6.25305175781250E-0002 
 8.75000000000000E+0001  1.33071899414063E+0000  6.28662109375000E-0002 
 8.80000000000000E+0001  1.33261108398438E+0000  6.22253417968750E-0002 
 8.85000000000000E+0001  1.33651733398438E+0000  6.44531250000000E-0002 
 8.90000000000000E+0001  1.33651733398438E+0000  7.54394531250000E-0002 
 8.95000000000000E+0001  1.33233642578125E+0000  9.03320312500000E-0002 
 9.00000000000000E+0001  1.32556152343750E+0000  9.98229980468750E-0002 
 9.05000000000000E+0001  1.31689453125000E+0000  1.01531982421875E-0001 
 9.10000000000000E+0001  1.31063842773438E+0000  9.99145507812500E-0002 
 9.15000000000000E+0001  1.30920410156250E+0000  9.52148437500000E-0002 
 9.20000000000000E+0001  1.30749511718750E+0000  8.93249511718750E-0002 
 9.25000000000000E+0001  1.30371093750000E+0000  8.76464843750000E-0002 
 9.30000000000000E+0001  1.29913330078125E+0000  9.11254882812500E-0002 
 9.35000000000000E+0001  1.29385375976563E+0000  9.61914062500000E-0002 
 9.40000000000000E+0001  1.28771972656250E+0000  9.87548828125000E-0002 
 9.45000000000000E+0001  1.28332519531250E+0000  1.01074218750000E-0001 
 9.50000000000000E+0001  1.28536987304688E+0000  1.01715087890625E-0001 
 9.55000000000000E+0001  1.29089355468750E+0000  9.77783203125000E-0002 
 9.60000000000000E+0001  1.29617309570313E+0000  8.99353027343750E-0002 
 9.65000000000000E+0001  1.29687500000000E+0000  8.45947265625000E-0002 
 9.70000000000000E+0001  1.29385375976563E+0000  8.41369628906250E-0002 
 9.75000000000000E+0001  1.28768920898438E+0000  8.40759277343750E-0002 
 9.80000000000000E+0001  1.27954101562500E+0000  8.32214355468750E-0002 
 9.85000000000000E+0001  1.27288818359375E+0000  8.09936523437500E-0002 
 9.90000000000000E+0001  1.26739501953125E+0000  7.66296386718750E-0002 
 9.95000000000000E+0001  1.26162719726563E+0000  7.21130371093750E-0002 
 1.00000000000000E+0002  1.25714111328125E+0000  7.22961425781250E-0002 
 1.00500000000000E+0002  1.25439453125000E+0000  7.75756835937500E-0002 
 1.01000000000000E+0002  1.25357055664063E+0000  8.39233398437500E-0002 
 1.01500000000000E+0002  1.25259399414063E+0000  8.98132324218750E-0002 
 1.02000000000000E+0002  1.25131225585938E+0000  9.87243652343750E-0002 
 1.02500000000000E+0002  1.24966430664063E+0000  1.09100341796875E-0001 
 1.03000000000000E+0002  1.24685668945313E+0000  1.14868164062500E-0001 
 1.03500000000000E+0002  1.23791503906250E+0000  1.12915039062500E-0001 
 1.04000000000000E+0002  1.21963500976563E+0000  1.08093261718750E-0001 
 1.04500000000000E+0002  1.19781494140625E+0000  1.06048583984375E-0001 
 1.05000000000000E+0002  1.17810058593750E+0000  1.04675292968750E-0001 
 1.05500000000000E+0002  1.16567993164063E+0000  1.04156494140625E-0001 
 1.06000000000000E+0002  1.16494750976563E+0000  1.06628417968750E-0001 
 1.06500000000000E+0002  1.17514038085938E+0000  1.10870361328125E-0001 
 1.07000000000000E+0002  1.18939208984375E+0000  1.11328125000000E-0001 
 1.07500000000000E+0002  1.19830322265625E+0000  1.08032226562500E-0001 
 1.08000000000000E+0002  1.20083618164063E+0000  1.04736328125000E-0001 
 1.08500000000000E+0002  1.19711303710938E+0000  1.01470947265625E-0001 
 1.09000000000000E+0002  1.18603515625000E+0000  9.50927734375000E-0002 
 1.09500000000000E+0002  1.17303466796875E+0000  9.06982421875000E-0002 
 1.10000000000000E+0002  1.16525268554688E+0000  9.34143066406250E-0002 
 1.10500000000000E+0002  1.16394042968750E+0000  1.01287841796875E-0001 
 1.11000000000000E+0002  1.16653442382813E+0000  1.04675292968750E-0001 
 1.11500000000000E+0002  1.16833496093750E+0000  1.01837158203125E-0001 
 1.12000000000000E+0002  1.16513061523438E+0000  9.76257324218750E-0002 
 1.12500000000000E+0002  1.15917968750000E+0000  9.55505371093750E-0002 
 1.13000000000000E+0002  1.15322875976563E+0000  8.99963378906250E-0002 
 1.13500000000000E+0002  1.14688110351563E+0000  8.14208984375000E-0002 
 1.14000000000000E+0002  1.14001464843750E+0000  7.76672363281250E-0002 
 1.14500000000000E+0002  1.13693237304688E+0000  8.20922851562500E-0002 
 1.15000000000000E+0002  1.13928222656250E+0000  9.05761718750000E-0002 
 1.15500000000000E+0002  1.14312744140625E+0000  9.59472656250000E-0002 
 1.16000000000000E+0002  1.14437866210938E+0000  9.68017578125000E-0002 
 1.16500000000000E+0002  1.14260864257813E+0000  9.31396484375000E-0002 
 1.17000000000000E+0002  1.13839721679688E+0000  8.48083496093750E-0002 
 1.17500000000000E+0002  1.12954711914063E+0000  7.40661621093750E-0002 
 1.18000000000000E+0002  1.11706542968750E+0000  6.71997070312500E-0002 
 1.18500000000000E+0002  1.10821533203125E+0000  6.54602050781250E-0002 
 1.19000000000000E+0002  1.10482788085938E+0000  6.67724609375000E-0002 
 1.19500000000000E+0002  1.10443115234375E+0000  7.17773437500000E-0002 
 1.20000000000000E+0002  1.10330200195313E+0000  7.90710449218750E-0002 
 1.20500000000000E+0002  1.09951782226563E+0000  8.66088867187500E-0002 
 1.21000000000000E+0002  1.09533691406250E+0000  9.06372070312500E-0002 
 1.21500000000000E+0002  1.09078979492188E+0000  9.41772460937500E-0002 
 1.22000000000000E+0002  1.08831787109375E+0000  1.01287841796875E-0001 
 1.22500000000000E+0002  1.08996582031250E+0000  1.10931396484375E-0001 
 1.23000000000000E+0002  1.09552001953125E+0000  1.25030517578125E-0001 
 1.23500000000000E+0002  1.10702514648438E+0000  1.40747070312500E-0001 
 1.24000000000000E+0002  1.11843872070313E+0000  1.49627685546875E-0001 
 1.24500000000000E+0002  1.12167358398438E+0000  1.49566650390625E-0001 
 1.25000000000000E+0002  1.11706542968750E+0000  1.45019531250000E-0001 
 1.25500000000000E+0002  1.11041259765625E+0000  1.39068603515625E-0001 
 1.26000000000000E+0002  1.10299682617188E+0000  1.29730224609375E-0001 
 1.26500000000000E+0002  1.09259033203125E+0000  1.19018554687500E-0001 
 1.27000000000000E+0002  1.08557128906250E+0000  1.12701416015625E-0001 
 1.27500000000000E+0002  1.08950805664063E+0000  1.11877441406250E-0001 
 1.28000000000000E+0002  1.09701538085938E+0000  1.07849121093750E-0001 
 1.28500000000000E+0002  1.09744262695313E+0000  9.81750488281250E-0002 
 1.29000000000000E+0002  1.09210205078125E+0000  8.69140625000000E-0002 
 1.29500000000000E+0002  1.08645629882813E+0000  7.75756835937500E-0002 
 1.30000000000000E+0002  1.07827758789063E+0000  7.36694335937500E-0002 
 1.30500000000000E+0002  1.06195068359375E+0000  7.64465332031250E-0002 
 1.31000000000000E+0002  1.04437255859375E+0000  8.49609375000000E-0002 
 1.31500000000000E+0002  1.03323364257813E+0000  9.39636230468750E-0002 
 1.32000000000000E+0002  1.02947998046875E+0000  1.00524902343750E-0001 
 1.32500000000000E+0002  1.03118896484375E+0000  1.02203369140625E-0001 
 1.33000000000000E+0002  1.03851318359375E+0000  9.70764160156250E-0002 
 1.33500000000000E+0002  1.05081176757813E+0000  8.57543945312500E-0002 
 1.34000000000000E+0002  1.06289672851563E+0000  7.46765136718750E-0002 
 1.34500000000000E+0002  1.07244873046875E+0000  6.75048828125000E-0002 
 1.35000000000000E+0002  1.07806396484375E+0000  6.30493164062500E-0002 
 1.35500000000000E+0002  1.07565307617188E+0000  5.94787597656250E-0002 
 1.36000000000000E+0002  1.06463623046875E+0000  6.02416992187500E-0002 
 1.36500000000000E+0002  1.05014038085938E+0000  6.50329589843750E-0002 
 1.37000000000000E+0002  1.03411865234375E+0000  7.05566406250000E-0002 
 1.37500000000000E+0002  1.01568603515625E+0000  7.81250000000000E-0002 
 1.38000000000000E+0002  9.98260498046875E-0001  9.25598144531250E-0002 
 1.38500000000000E+0002  9.85382080078125E-0001  1.09130859375000E-0001 
 1.39000000000000E+0002  9.74426269531250E-0001  1.20483398437500E-0001 
 1.39500000000000E+0002  9.65850830078125E-0001  1.25823974609375E-0001 
 1.40000000000000E+0002  9.64996337890625E-0001  1.28570556640625E-0001 
 1.40500000000000E+0002  9.72473144531250E-0001  1.25793457031250E-0001 
 1.41000000000000E+0002  9.79583740234375E-0001  1.15783691406250E-0001 
 1.41500000000000E+0002  9.82879638671875E-0001  1.00372314453125E-0001 
 1.42000000000000E+0002  9.83428955078125E-0001  8.60290527343750E-0002 
 1.42500000000000E+0002  9.84344482421875E-0001  7.75146484375000E-0002 
 1.43000000000000E+0002  9.84283447265625E-0001  7.17468261718750E-0002 
 1.43500000000000E+0002  9.81811523437500E-0001  6.71386718750000E-0002 
 1.44000000000000E+0002  9.79278564453125E-0001  6.60705566406250E-0002 
 1.44500000000000E+0002  9.81323242187500E-0001  7.14721679687500E-0002 
 1.45000000000000E+0002  9.85931396484375E-0001  8.20312500000000E-0002 
 1.45500000000000E+0002  9.89776611328125E-0001  9.15527343750000E-0002 
 1.46000000000000E+0002  9.92187500000000E-0001  1.00494384765625E-0001 
 1.46500000000000E+0002  9.92034912109375E-0001  1.06384277343750E-0001 
 1.47000000000000E+0002  9.88494873046875E-0001  1.06994628906250E-0001 
 1.47500000000000E+0002  9.85626220703125E-0001  1.04217529296875E-0001 
 1.48000000000000E+0002  9.84527587890625E-0001  9.72595214843750E-0002 
 1.48500000000000E+0002  9.81384277343750E-0001  8.62426757812500E-0002 
 1.49000000000000E+0002  9.75402832031250E-0001  7.74230957031250E-0002 
 1.49500000000000E+0002  9.70611572265625E-0001  7.43103027343750E-0002 
 1.50000000000000E+0002  9.66308593750000E-0001  7.34558105468750E-0002 
 1.50500000000000E+0002  9.57733154296875E-0001  7.39746093750000E-0002 
 1.51000000000000E+0002  9.51416015625000E-0001  8.15734863281250E-0002 
 1.51500000000000E+0002  9.49890136718750E-0001  9.49707031250000E-0002 
 1.52000000000000E+0002  9.48181152343750E-0001  1.11511230468750E-0001 
 1.52500000000000E+0002  9.47784423828125E-0001  1.27746582031250E-0001 
 1.53000000000000E+0002  9.52819824218750E-0001  1.39831542968750E-0001 
 1.53500000000000E+0002  9.59655761718750E-0001  1.45263671875000E-0001 
 1.54000000000000E+0002  9.59503173828125E-0001  1.42211914062500E-0001 
 1.54500000000000E+0002  9.51995849609375E-0001  1.31835937500000E-0001 
 1.55000000000000E+0002  9.45220947265625E-0001  1.16088867187500E-0001 
 1.55500000000000E+0002  9.41406250000000E-0001  9.88769531250000E-0002 
 1.56000000000000E+0002  9.36584472656250E-0001  8.70971679687500E-0002 
 1.56500000000000E+0002  9.33258056640625E-0001  8.33435058593750E-0002 
 1.57000000000000E+0002  9.33074951171875E-0001  8.32519531250000E-0002 
 1.57500000000000E+0002  9.34661865234375E-0001  8.51440429687500E-0002 
 1.58000000000000E+0002  9.34783935546875E-0001  8.71887207031250E-0002 
 1.58500000000000E+0002  9.28588867187500E-0001  8.96606445312500E-0002 
 1.59000000000000E+0002  9.17572021484375E-0001  9.38110351562500E-0002 
 1.59500000000000E+0002  9.04815673828125E-0001  9.68627929687500E-0002 
 1.60000000000000E+0002  8.95019531250000E-0001  1.00708007812500E-0001 
 1.60500000000000E+0002  8.91235351562500E-0001  1.06170654296875E-0001 
 1.61000000000000E+0002  8.89007568359375E-0001  1.11022949218750E-0001 
 1.61500000000000E+0002  8.85192871093750E-0001  1.14166259765625E-0001 
 1.62000000000000E+0002  8.80126953125000E-0001  1.13739013671875E-0001 
 1.62500000000000E+0002  8.72985839843750E-0001  1.11175537109375E-0001 
 1.63000000000000E+0002  8.64410400390625E-0001  1.07147216796875E-0001 
 1.63500000000000E+0002  8.56323242187500E-0001  1.04034423828125E-0001 
 1.64000000000000E+0002  8.53149414062500E-0001  1.02355957031250E-0001 
 1.64500000000000E+0002  8.54461669921875E-0001  1.02661132812500E-0001 
 1.65000000000000E+0002  8.59130859375000E-0001  1.06903076171875E-0001 
 1.65500000000000E+0002  8.64440917968750E-0001  1.15447998046875E-0001 
 1.66000000000000E+0002  8.65661621093750E-0001  1.23992919921875E-0001 
 1.66500000000000E+0002  8.62487792968750E-0001  1.32751464843750E-0001 
 1.67000000000000E+0002  8.61938476562500E-0001  1.39160156250000E-0001 
 1.67500000000000E+0002  8.65356445312500E-0001  1.41052246093750E-0001 
 1.68000000000000E+0002  8.67401123046875E-0001  1.39068603515625E-0001 
 1.68500000000000E+0002  8.68316650390625E-0001  1.32385253906250E-0001 
 1.69000000000000E+0002  8.65783691406250E-0001  1.21185302734375E-0001 
 1.69500000000000E+0002  8.55712890625000E-0001  1.08764648437500E-0001 
 1.70000000000000E+0002  8.39569091796875E-0001  9.93347167968750E-0002 
 1.70500000000000E+0002  8.21411132812500E-0001  9.30480957031250E-0002 
 1.71000000000000E+0002  8.03894042968750E-0001  8.95080566406250E-0002 
 1.71500000000000E+0002  7.91992187500000E-0001  9.06372070312500E-0002 
 1.72000000000000E+0002  7.92572021484375E-0001  9.46655273437500E-0002 
 1.72500000000000E+0002  8.01177978515625E-0001  9.41772460937500E-0002 
 1.73000000000000E+0002  8.07708740234375E-0001  9.35058593750000E-0002 
 1.73500000000000E+0002  8.15185546875000E-0001  9.65881347656250E-0002 
 1.74000000000000E+0002  8.27239990234375E-0001  9.91516113281250E-0002 
 1.74500000000000E+0002  8.39935302734375E-0001  9.97009277343750E-0002 
 1.75000000000000E+0002  8.46557617187500E-0001  9.91516113281250E-0002 
 1.75500000000000E+0002  8.48205566406250E-0001  9.78088378906250E-0002 
 1.76000000000000E+0002  8.48205566406250E-0001  9.20715332031250E-0002 
 1.76500000000000E+0002  8.44360351562500E-0001  8.27331542968750E-0002 
 1.77000000000000E+0002  8.34442138671875E-0001  7.53479003906250E-0002 
 1.77500000000000E+0002  8.21350097656250E-0001  7.36083984375000E-0002 
 1.78000000000000E+0002  8.11950683593750E-0001  7.83691406250000E-0002 
 1.78500000000000E+0002  8.08319091796875E-0001  8.54797363281250E-0002 
 1.79000000000000E+0002  8.05999755859375E-0001  9.31701660156250E-0002 
 1.79500000000000E+0002  8.05023193359375E-0001  9.88464355468750E-0002 
 1.80000000000000E+0002  8.04199218750000E-0001  1.01013183593750E-0001 
 1.80500000000000E+0002  8.02825927734375E-0001  1.02203369140625E-0001 
 1.81000000000000E+0002  8.00933837890625E-0001  1.03729248046875E-0001 
 1.81500000000000E+0002  7.97576904296875E-0001  1.08581542968750E-0001 
 1.82000000000000E+0002  7.96508789062500E-0001  1.16882324218750E-0001 
 1.82500000000000E+0002  7.97271728515625E-0001  1.26495361328125E-0001 
 1.83000000000000E+0002  7.99194335937500E-0001  1.34368896484375E-0001 
 1.83500000000000E+0002  7.99530029296875E-0001  1.37420654296875E-0001 
 1.84000000000000E+0002  7.95440673828125E-0001  1.35925292968750E-0001 
 1.84500000000000E+0002  7.87322998046875E-0001  1.30371093750000E-0001 
 1.85000000000000E+0002  7.77465820312500E-0001  1.22406005859375E-0001 
 1.85500000000000E+0002  7.68890380859375E-0001  1.12487792968750E-0001 
 1.86000000000000E+0002  7.63214111328125E-0001  1.01043701171875E-0001 
 1.86500000000000E+0002  7.60345458984375E-0001  9.08813476562500E-0002 
 1.87000000000000E+0002  7.61566162109375E-0001  8.23059082031250E-0002 
 1.87500000000000E+0002  7.60955810546875E-0001  7.45849609375000E-0002 
 1.88000000000000E+0002  7.50549316406250E-0001  7.45239257812500E-0002 
 1.88500000000000E+0002  7.34863281250000E-0001  8.51745605468750E-0002 
 1.89000000000000E+0002  7.25952148437500E-0001  9.89685058593750E-0002 
 1.89500000000000E+0002  7.22869873046875E-0001  1.06567382812500E-0001 
 1.90000000000000E+0002  7.19970703125000E-0001  1.13800048828125E-0001 
 1.90500000000000E+0002  7.23754882812500E-0001  1.20697021484375E-0001 
 1.91000000000000E+0002  7.36755371093750E-0001  1.17736816406250E-0001 
 1.91500000000000E+0002  7.49114990234375E-0001  1.03912353515625E-0001 
 1.92000000000000E+0002  7.53845214843750E-0001  9.19494628906250E-0002 
 1.92500000000000E+0002  7.56561279296875E-0001  8.87145996093750E-0002 
 1.93000000000000E+0002  7.58300781250000E-0001  8.72802734375000E-0002 
 1.93500000000000E+0002  7.57415771484375E-0001  8.52355957031250E-0002 
 1.94000000000000E+0002  7.54516601562500E-0001  8.69140625000000E-0002 
 1.94500000000000E+0002  7.50335693359375E-0001  9.30175781250000E-0002 
 1.95000000000000E+0002  7.43988037109375E-0001  1.00158691406250E-0001 
 1.95500000000000E+0002  7.38983154296875E-0001  1.05926513671875E-0001 
 1.96000000000000E+0002  7.37243652343750E-0001  1.11358642578125E-0001 
 1.96500000000000E+0002  7.38281250000000E-0001  1.18286132812500E-0001 
 1.97000000000000E+0002  7.39776611328125E-0001  1.23016357421875E-0001 
 1.97500000000000E+0002  7.41333007812500E-0001  1.23687744140625E-0001 
 1.98000000000000E+0002  7.41424560546875E-0001  1.21398925781250E-0001 
 1.98500000000000E+0002  7.39044189453125E-0001  1.14837646484375E-0001 
 1.99000000000000E+0002  7.33520507812500E-0001  1.04217529296875E-0001 
 1.99500000000000E+0002  7.24487304687500E-0001  9.29260253906250E-0002 
 2.00000000000000E+0002  7.14630126953125E-0001  8.71276855468750E-0002 
 2.00500000000000E+0002  7.07214355468750E-0001  8.71276855468750E-0002 
 2.01000000000000E+0002  7.01721191406250E-0001  8.80126953125000E-0002 
 2.01500000000000E+0002  6.95465087890625E-0001  8.61206054687500E-0002 
 2.02000000000000E+0002  6.89514160156250E-0001  8.37402343750000E-0002 
 2.02500000000000E+0002  6.86859130859375E-0001  8.18786621093750E-0002 
 2.03000000000000E+0002  6.85058593750000E-0001  7.99255371093750E-0002 
 2.03500000000000E+0002  6.81518554687500E-0001  7.83691406250000E-0002 
 2.04000000000000E+0002  6.77490234375000E-0001  7.96203613281250E-0002 
 2.04500000000000E+0002  6.75323486328125E-0001  8.47167968750000E-0002 
 2.05000000000000E+0002  6.74102783203125E-0001  9.55505371093750E-0002 
 2.05500000000000E+0002  6.77825927734375E-0001  1.07208251953125E-0001 
 2.06000000000000E+0002  6.86645507812500E-0001  1.15447998046875E-0001 
 2.06500000000000E+0002  6.98913574218750E-0001  1.20574951171875E-0001 
 2.07000000000000E+0002  7.11486816406250E-0001  1.23565673828125E-0001 
 2.07500000000000E+0002  7.19757080078125E-0001  1.23626708984375E-0001 
 2.08000000000000E+0002  7.21191406250000E-0001  1.19842529296875E-0001 
 2.08500000000000E+0002  7.12860107421875E-0001  1.13494873046875E-0001 
 2.09000000000000E+0002  7.00408935546875E-0001  1.09252929687500E-0001 
 2.09500000000000E+0002  6.89117431640625E-0001  1.06872558593750E-0001 
 2.10000000000000E+0002  6.78741455078125E-0001  1.05255126953125E-0001 
 2.10500000000000E+0002  6.69891357421875E-0001  1.03820800781250E-0001 
 2.11000000000000E+0002  6.64825439453125E-0001  1.01806640625000E-0001 
 2.11500000000000E+0002  6.64367675781250E-0001  9.88464355468750E-0002 
 2.12000000000000E+0002  6.67633056640625E-0001  9.13696289062500E-0002 
 2.12500000000000E+0002  6.68518066406250E-0001  7.83996582031250E-0002 
 2.13000000000000E+0002  6.66625976562500E-0001  6.69250488281250E-0002 
 2.13500000000000E+0002  6.67907714843750E-0001  5.90209960937500E-0002 
 2.14000000000000E+0002  6.72607421875000E-0001  5.18798828125000E-0002 
 2.14500000000000E+0002  6.75384521484375E-0001  4.59899902343750E-0002 
 2.15000000000000E+0002  6.72607421875000E-0001  4.68139648437500E-0002 
 2.15500000000000E+0002  6.66351318359375E-0001  5.70983886718750E-0002 
 2.16000000000000E+0002  6.59088134765625E-0001  7.01293945312500E-0002 
 2.16500000000000E+0002  6.51672363281250E-0001  8.27026367187500E-0002 
 2.17000000000000E+0002  6.45477294921875E-0001  9.40856933593750E-0002 
 2.17500000000000E+0002  6.43280029296875E-0001  1.02539062500000E-0001 
 2.18000000000000E+0002  6.45568847656250E-0001  1.02935791015625E-0001 
 2.18500000000000E+0002  6.51092529296875E-0001  9.67712402343750E-0002 
 2.19000000000000E+0002  6.55487060546875E-0001  9.37805175781250E-0002 
 2.19500000000000E+0002  6.57531738281250E-0001  9.47570800781250E-0002 
 2.20000000000000E+0002  6.56219482421875E-0001  9.70458984375000E-0002 
 2.20500000000000E+0002  6.50268554687500E-0001  1.00189208984375E-0001 
 2.21000000000000E+0002  6.41845703125000E-0001  1.04339599609375E-0001 
 2.21500000000000E+0002  6.32995605468750E-0001  1.05804443359375E-0001 
 2.22000000000000E+0002  6.26037597656250E-0001  1.03546142578125E-0001 
 2.22500000000000E+0002  6.26098632812500E-0001  1.02264404296875E-0001 
 2.23000000000000E+0002  6.32293701171875E-0001  1.01623535156250E-0001 
 2.23500000000000E+0002  6.38519287109375E-0001  1.01104736328125E-0001 
 2.24000000000000E+0002  6.39404296875000E-0001  1.02569580078125E-0001 
 2.24500000000000E+0002  6.36779785156250E-0001  1.04736328125000E-0001 
 2.25000000000000E+0002  6.35559082031250E-0001  1.03576660156250E-0001 
 2.25500000000000E+0002  6.30096435546875E-0001  9.52758789062500E-0002 
 2.26000000000000E+0002  6.20941162109375E-0001  8.61511230468750E-0002 
 2.26500000000000E+0002  6.14685058593750E-0001  7.98339843750000E-0002 
 2.27000000000000E+0002  6.14013671875000E-0001  7.75756835937500E-0002 
 2.27500000000000E+0002  6.17736816406250E-0001  8.14514160156250E-0002 
 2.28000000000000E+0002  6.22467041015625E-0001  8.93859863281250E-0002 
 2.28500000000000E+0002  6.25000000000000E-0001  9.69543457031250E-0002 
 2.29000000000000E+0002  6.24420166015625E-0001  1.00311279296875E-0001 
 2.29500000000000E+0002  6.20819091796875E-0001  9.93652343750000E-0002 
 2.30000000000000E+0002  6.16851806640625E-0001  9.55810546875000E-0002 
 2.30500000000000E+0002  6.12365722656250E-0001  8.97216796875000E-0002 
 2.31000000000000E+0002  6.09436035156250E-0001  8.58764648437500E-0002 
 2.31500000000000E+0002  6.09283447265625E-0001  8.53576660156250E-0002 
 2.32000000000000E+0002  6.08886718750000E-0001  8.60900878906250E-0002 
 2.32500000000000E+0002  6.08703613281250E-0001  8.63342285156250E-0002 
 2.33000000000000E+0002  6.10504150390625E-0001  8.34960937500000E-0002 
 2.33500000000000E+0002  6.11938476562500E-0001  7.65380859375000E-0002 
 2.34000000000000E+0002  6.10992431640625E-0001  6.66809082031250E-0002 
 2.34500000000000E+0002  6.09161376953125E-0001  5.71899414062500E-0002 
 2.35000000000000E+0002  6.07543945312500E-0001  5.17578125000000E-0002 
 2.35500000000000E+0002  6.02478027343750E-0001  5.40161132812500E-0002 
 2.36000000000000E+0002  5.95733642578125E-0001  6.24389648437500E-0002 
 2.36500000000000E+0002  5.88562011718750E-0001  7.29064941406250E-0002 
 2.37000000000000E+0002  5.78826904296875E-0001  8.33129882812500E-0002 
 2.37500000000000E+0002  5.69763183593750E-0001  9.34753417968750E-0002 
 2.38000000000000E+0002  5.66772460937500E-0001  9.83886718750000E-0002 
 2.38500000000000E+0002  5.69366455078125E-0001  9.57031250000000E-0002 
 2.39000000000000E+0002  5.75408935546875E-0001  9.25903320312500E-0002 
 2.39500000000000E+0002  5.84777832031250E-0001  9.46350097656250E-0002 
 2.40000000000000E+0002  5.96679687500000E-0001  9.67102050781250E-0002 
 2.40500000000000E+0002  6.05224609375000E-0001  9.91516113281250E-0002 
 2.41000000000000E+0002  6.08428955078125E-0001  1.04614257812500E-0001 
 2.41500000000000E+0002  6.04675292968750E-0001  1.10137939453125E-0001 
 2.42000000000000E+0002  5.93505859375000E-0001  1.09619140625000E-0001 
 2.42500000000000E+0002  5.77270507812500E-0001  1.06719970703125E-0001 
 2.43000000000000E+0002  5.64514160156250E-0001  1.05499267578125E-0001 
 2.43500000000000E+0002  5.59204101562500E-0001  1.05377197265625E-0001 
 2.44000000000000E+0002  5.60668945312500E-0001  1.03363037109375E-0001 
 2.44500000000000E+0002  5.65704345703125E-0001  1.01165771484375E-0001 
 2.45000000000000E+0002  5.70037841796875E-0001  1.01501464843750E-0001 
 2.45500000000000E+0002  5.71807861328125E-0001  1.00799560546875E-0001 
 2.46000000000000E+0002  5.69305419921875E-0001  9.57641601562500E-0002 
 2.46500000000000E+0002  5.62957763671875E-0001  8.70666503906250E-0002 
 2.47000000000000E+0002  5.55755615234375E-0001  7.92846679687500E-0002 
 2.47500000000000E+0002  5.51330566406250E-0001  7.19909667968750E-0002 
 2.48000000000000E+0002  5.48553466796875E-0001  6.14318847656250E-0002 
 2.48500000000000E+0002  5.44555664062500E-0001  5.00183105468750E-0002 
 2.49000000000000E+0002  5.41809082031250E-0001  4.08935546875000E-0002 
 2.49500000000000E+0002  5.40435791015625E-0001  3.49731445312500E-0002 
 2.50000000000000E+0002  5.38970947265625E-0001  3.22265625000000E-0002 
 2.50500000000000E+0002  5.39428710937500E-0001  3.56750488281250E-0002 
 2.51000000000000E+0002  5.44189453125000E-0001  4.42199707031250E-0002 
 2.51500000000000E+0002  5.50018310546875E-0001  5.49926757812500E-0002 
 2.52000000000000E+0002  5.51116943359375E-0001  6.91223144531250E-0002 
 2.52500000000000E+0002  5.50506591796875E-0001  8.46252441406250E-0002 
 2.53000000000000E+0002  5.52032470703125E-0001  9.24377441406250E-0002 
 2.53500000000000E+0002  5.52795410156250E-0001  8.76159667968750E-0002 
 2.54000000000000E+0002  5.49316406250000E-0001  7.58666992187500E-0002 
 2.54500000000000E+0002  5.42938232421875E-0001  6.61315917968750E-0002 
 2.55000000000000E+0002  5.39947509765625E-0001  5.81970214843750E-0002 
 2.55500000000000E+0002  5.40161132812500E-0001  5.28869628906250E-0002 
 2.56000000000000E+0002  5.38787841796875E-0001  5.24902343750000E-0002 
 2.56500000000000E+0002  5.34576416015625E-0001  5.96313476562500E-0002 
 2.57000000000000E+0002  5.34484863281250E-0001  7.03430175781250E-0002 
 2.57500000000000E+0002  5.37475585937500E-0001  7.87353515625000E-0002 
 2.58000000000000E+0002  5.39520263671875E-0001  8.36181640625000E-0002 
 2.58500000000000E+0002  5.39123535156250E-0001  8.48388671875000E-0002 
 2.59000000000000E+0002  5.35369873046875E-0001  8.23059082031250E-0002 
 2.59500000000000E+0002  5.30670166015625E-0001  7.77893066406250E-0002 
 2.60000000000000E+0002  5.29327392578125E-0001  7.50427246093750E-0002 
 2.60500000000000E+0002  5.30975341796875E-0001  7.37609863281250E-0002 
 2.61000000000000E+0002  5.31158447265625E-0001  7.00073242187500E-0002 
 2.61500000000000E+0002  5.28411865234375E-0001  6.43310546875000E-0002 
 2.62000000000000E+0002  5.26397705078125E-0001  6.19812011718750E-0002 
 2.62500000000000E+0002  5.26214599609375E-0001  6.33239746093750E-0002 
 2.63000000000000E+0002  5.23132324218750E-0001  6.40258789062500E-0002 
 2.63500000000000E+0002  5.16204833984375E-0001  6.61315917968750E-0002 
 2.64000000000000E+0002  5.05920410156250E-0001  7.36389160156250E-0002 
 2.64500000000000E+0002  4.97711181640625E-0001  8.51745605468750E-0002 
 2.65000000000000E+0002  4.97222900390625E-0001  9.52758789062500E-0002 
 2.65500000000000E+0002  5.00854492187500E-0001  9.81445312500000E-0002 
 2.66000000000000E+0002  5.01647949218750E-0001  9.33227539062500E-0002 
 2.66500000000000E+0002  4.98474121093750E-0001  8.37707519531250E-0002 
 2.67000000000000E+0002  4.94812011718750E-0001  7.32421875000000E-0002 
 2.67500000000000E+0002  4.89257812500000E-0001  6.54907226562500E-0002 
 2.68000000000000E+0002  4.78820800781250E-0001  6.08215332031250E-0002 
 2.68500000000000E+0002  4.68566894531250E-0001  5.98449707031250E-0002 
 2.69000000000000E+0002  4.63256835937500E-0001  6.55212402343750E-0002 
 2.69500000000000E+0002  4.64416503906250E-0001  7.96508789062500E-0002 
 2.70000000000000E+0002  4.70245361328125E-0001  9.58862304687500E-0002 
 2.70500000000000E+0002  4.75982666015625E-0001  1.06262207031250E-0001 
 2.71000000000000E+0002  4.76470947265625E-0001  1.11724853515625E-0001 
 2.71500000000000E+0002  4.73815917968750E-0001  1.14776611328125E-0001 
 2.72000000000000E+0002  4.72869873046875E-0001  1.09588623046875E-0001 
 2.72500000000000E+0002  4.72778320312500E-0001  9.61914062500000E-0002 
 2.73000000000000E+0002  4.69757080078125E-0001  8.35876464843750E-0002 
 2.73500000000000E+0002  4.67834472656250E-0001  7.62329101562500E-0002 
 2.74000000000000E+0002  4.70062255859375E-0001  7.15942382812500E-0002 
 2.74500000000000E+0002  4.72808837890625E-0001  7.07702636718750E-0002 
 2.75000000000000E+0002  4.73693847656250E-0001  7.80334472656250E-0002 
 2.75500000000000E+0002  4.74975585937500E-0001  8.82873535156250E-0002 
 2.76000000000000E+0002  4.76318359375000E-0001  9.78698730468750E-0002 
 2.76500000000000E+0002  4.73754882812500E-0001  1.05346679687500E-0001 
 2.77000000000000E+0002  4.66888427734375E-0001  1.08398437500000E-0001 
 2.77500000000000E+0002  4.59289550781250E-0001  1.06414794921875E-0001 
 2.78000000000000E+0002  4.51171875000000E-0001  1.03088378906250E-0001 
 2.78500000000000E+0002  4.43847656250000E-0001  1.04095458984375E-0001 
 2.79000000000000E+0002  4.40490722656250E-0001  1.05407714843750E-0001 
 2.79500000000000E+0002  4.42230224609375E-0001  1.04339599609375E-0001 
 2.80000000000000E+0002  4.46105957031250E-0001  1.01989746093750E-0001 
 2.80500000000000E+0002  4.47937011718750E-0001  9.87243652343750E-0002 
 2.81000000000000E+0002  4.47937011718750E-0001  9.26513671875000E-0002 
 2.81500000000000E+0002  4.47967529296875E-0001  8.17565917968750E-0002 
 2.82000000000000E+0002  4.49462890625000E-0001  7.04345703125000E-0002 
 2.82500000000000E+0002  4.50592041015625E-0001  6.51245117187500E-0002 
 2.83000000000000E+0002  4.52911376953125E-0001  6.60705566406250E-0002 
 2.83500000000000E+0002  4.59564208984375E-0001  6.87255859375000E-0002 
 2.84000000000000E+0002  4.70581054687500E-0001  6.92443847656250E-0002 
 2.84500000000000E+0002  4.81628417968750E-0001  6.56738281250000E-0002 
 2.85000000000000E+0002  4.86572265625000E-0001  6.29272460937500E-0002 
 2.85500000000000E+0002  4.85046386718750E-0001  6.39038085937500E-0002 
 2.86000000000000E+0002  4.79736328125000E-0001  6.65893554687500E-0002 
 2.86500000000000E+0002  4.70947265625000E-0001  6.63146972656250E-0002 
 2.87000000000000E+0002  4.59899902343750E-0001  6.45141601562500E-0002 
 2.87500000000000E+0002  4.50653076171875E-0001  6.30493164062500E-0002 
 2.88000000000000E+0002  4.45892333984375E-0001  6.13708496093750E-0002 
 2.88500000000000E+0002  4.44915771484375E-0001  5.82580566406250E-0002 
 2.89000000000000E+0002  4.45129394531250E-0001  5.61828613281250E-0002 
 2.89500000000000E+0002  4.45465087890625E-0001  5.65490722656250E-0002 
 2.90000000000000E+0002  4.43664550781250E-0001  5.88684082031250E-0002 
 2.90500000000000E+0002  4.36737060546875E-0001  5.95397949218750E-0002 
 2.91000000000000E+0002  4.25903320312500E-0001  5.65490722656250E-0002 
 2.91500000000000E+0002  4.14154052734375E-0001  4.97436523437500E-0002 
 2.92000000000000E+0002  4.01153564453125E-0001  4.17175292968750E-0002 
 2.92500000000000E+0002  3.87725830078125E-0001  3.70483398437500E-0002 
 2.93000000000000E+0002  3.77624511718750E-0001  3.67126464843750E-0002 
 2.93500000000000E+0002  3.75915527343750E-0001  4.06799316406250E-0002 
 2.94000000000000E+0002  3.84582519531250E-0001  4.96520996093750E-0002 
 2.94500000000000E+0002  3.98864746093750E-0001  5.75256347656250E-0002 
 2.95000000000000E+0002  4.12658691406250E-0001  6.21032714843750E-0002 
 2.95500000000000E+0002  4.22332763671875E-0001  6.52160644531250E-0002 
 2.96000000000000E+0002  4.27398681640625E-0001  6.59484863281250E-0002 
 2.96500000000000E+0002  4.28253173828125E-0001  6.36901855468750E-0002 
 2.97000000000000E+0002  4.27093505859375E-0001  6.03027343750000E-0002 
 2.97500000000000E+0002  4.27856445312500E-0001  5.75256347656250E-0002 
 2.98000000000000E+0002  4.29809570312500E-0001  5.61828613281250E-0002 
 2.98500000000000E+0002  4.30084228515625E-0001  5.31005859375000E-0002 
 2.99000000000000E+0002  4.28192138671875E-0001  4.81567382812500E-0002 
 2.99500000000000E+0002  4.22576904296875E-0001  4.33044433593750E-0002 
 3.00000000000000E+0002  4.10766601562500E-0001  4.03747558593750E-0002 
 3.00500000000000E+0002  3.96148681640625E-0001  4.23889160156250E-0002 
 3.01000000000000E+0002  3.84704589843750E-0001  4.69970703125000E-0002 
 3.01500000000000E+0002  3.78967285156250E-0001  5.46264648437500E-0002 
 3.02000000000000E+0002  3.79119873046875E-0001  6.39953613281250E-0002 
 3.02500000000000E+0002  3.82476806640625E-0001  7.13806152343750E-0002 
 3.03000000000000E+0002  3.86047363281250E-0001  7.57446289062500E-0002 
 3.03500000000000E+0002  3.90686035156250E-0001  7.92846679687500E-0002 
 3.04000000000000E+0002  3.97186279296875E-0001  8.05053710937500E-0002 
 3.04500000000000E+0002  4.02587890625000E-0001  7.90405273437500E-0002 
 3.05000000000000E+0002  4.01214599609375E-0001  7.79724121093750E-0002 
 3.05500000000000E+0002  3.97277832031250E-0001  7.60803222656250E-0002 
 3.06000000000000E+0002  3.92700195312500E-0001  6.86340332031250E-0002 
 3.06500000000000E+0002  3.83575439453125E-0001  5.97839355468750E-0002 
 3.07000000000000E+0002  3.72406005859375E-0001  5.37109375000000E-0002 
 3.07500000000000E+0002  3.64593505859375E-0001  4.71496582031250E-0002 
 3.08000000000000E+0002  3.61907958984375E-0001  4.32128906250000E-0002 
 3.08500000000000E+0002  3.64654541015625E-0001  4.54711914062500E-0002 
 3.09000000000000E+0002  3.72009277343750E-0001  5.20629882812500E-0002 
 3.09500000000000E+0002  3.82110595703125E-0001  5.57250976562500E-0002 
 3.10000000000000E+0002  3.93829345703125E-0001  5.61523437500000E-0002 
 3.10500000000000E+0002  4.06677246093750E-0001  5.78918457031250E-0002 
 3.11000000000000E+0002  4.18060302734375E-0001  5.70068359375000E-0002 
 3.11500000000000E+0002  4.22973632812500E-0001  5.13000488281250E-0002 
 3.12000000000000E+0002  4.19464111328125E-0001  4.64172363281250E-0002 
 3.12500000000000E+0002  4.11132812500000E-0001  4.58679199218750E-0002 
 3.13000000000000E+0002  3.97918701171875E-0001  4.87670898437500E-0002 
 3.13500000000000E+0002  3.82446289062500E-0001  5.52978515625000E-0002 
 3.14000000000000E+0002  3.67431640625000E-0001  6.43920898437500E-0002 
 3.14500000000000E+0002  3.57025146484375E-0001  7.34252929687500E-0002 
 3.15000000000000E+0002  3.52508544921875E-0001  7.88574218750000E-0002 
 3.15500000000000E+0002  3.53576660156250E-0001  7.89794921875000E-0002 
 3.16000000000000E+0002  3.56323242187500E-0001  7.27844238281250E-0002 
 3.16500000000000E+0002  3.55194091796875E-0001  6.09130859375000E-0002 
 3.17000000000000E+0002  3.48114013671875E-0001  4.71801757812500E-0002 
 3.17500000000000E+0002  3.40728759765625E-0001  3.79028320312500E-0002 
 3.18000000000000E+0002  3.39569091796875E-0001  3.35693359375000E-0002 
 3.18500000000000E+0002  3.43383789062500E-0001  3.33862304687500E-0002 
 3.19000000000000E+0002  3.46374511718750E-0001  3.73535156250000E-0002 
 3.19500000000000E+0002  3.48327636718750E-0001  4.17175292968750E-0002 
 3.20000000000000E+0002  3.48724365234375E-0001  4.13208007812500E-0002 
 3.20500000000000E+0002  3.44390869140625E-0001  4.28466796875000E-0002 
 3.21000000000000E+0002  3.39874267578125E-0001  5.06591796875000E-0002 
 3.21500000000000E+0002  3.36456298828125E-0001  5.84106445312500E-0002 
 3.22000000000000E+0002  3.33160400390625E-0001  6.45141601562500E-0002 
 3.22500000000000E+0002  3.32214355468750E-0001  7.46154785156250E-0002 
 3.23000000000000E+0002  3.36456298828125E-0001  8.54797363281250E-0002 
 3.23500000000000E+0002  3.42498779296875E-0001  8.81958007812500E-0002 
 3.24000000000000E+0002  3.43048095703125E-0001  8.19091796875000E-0002 
 3.24500000000000E+0002  3.43566894531250E-0001  7.44323730468750E-0002 
 3.25000000000000E+0002  3.48358154296875E-0001  6.44531250000000E-0002 
 3.25500000000000E+0002  3.51837158203125E-0001  5.27648925781250E-0002 
 3.26000000000000E+0002  3.49731445312500E-0001  4.49218750000000E-0002 
 3.26500000000000E+0002  3.46160888671875E-0001  4.17480468750000E-0002 
 3.27000000000000E+0002  3.42620849609375E-0001  3.97644042968750E-0002 
 3.27500000000000E+0002  3.36059570312500E-0001  3.90625000000000E-0002 
 3.28000000000000E+0002  3.29193115234375E-0001  4.00695800781250E-0002 
 3.28500000000000E+0002  3.28552246093750E-0001  4.19921875000000E-0002 
 3.29000000000000E+0002  3.35906982421875E-0001  4.37011718750000E-0002 
 3.29500000000000E+0002  3.44970703125000E-0001  4.34265136718750E-0002 
 3.30000000000000E+0002  3.52203369140625E-0001  3.89099121093750E-0002 
 3.30500000000000E+0002  3.56414794921875E-0001  3.38745117187500E-0002 
 3.31000000000000E+0002  3.56475830078125E-0001  2.98767089843750E-0002 
 3.31500000000000E+0002  3.53637695312500E-0001  2.44750976562500E-0002 
 3.32000000000000E+0002  3.49578857421875E-0001  1.78222656250000E-0002 
 3.32500000000000E+0002  3.49700927734375E-0001  1.66931152343750E-0002 
 3.33000000000000E+0002  3.55895996093750E-0001  2.05688476562500E-0002 
 3.33500000000000E+0002  3.62915039062500E-0001  2.31628417968750E-0002 
 3.34000000000000E+0002  3.66973876953125E-0001  2.39562988281250E-0002 
 3.34500000000000E+0002  3.67950439453125E-0001  2.38647460937500E-0002 
 3.35000000000000E+0002  3.67736816406250E-0001  2.18505859375000E-0002 
 3.35500000000000E+0002  3.64410400390625E-0001  1.32446289062500E-0002 
 3.36000000000000E+0002  3.55041503906250E-0001  2.07519531250000E-0003 
 3.36500000000000E+0002  3.44390869140625E-0001 -3.78417968750000E-0003 
 3.37000000000000E+0002  3.36486816406250E-0001 -5.79833984375000E-0004 
 3.37500000000000E+0002  3.29437255859375E-0001  5.00488281250000E-0003 
 3.38000000000000E+0002  3.21105957031250E-0001  1.09558105468750E-0002 
 3.38500000000000E+0002  3.13598632812500E-0001  1.95617675781250E-0002 
 3.39000000000000E+0002  3.11157226562500E-0001  3.14941406250000E-0002 
 3.39500000000000E+0002  3.16619873046875E-0001  4.04357910156250E-0002 
 3.40000000000000E+0002  3.28033447265625E-0001  4.51049804687500E-0002 
 3.40500000000000E+0002  3.42651367187500E-0001  4.73022460937500E-0002 
 3.41000000000000E+0002  3.55804443359375E-0001  4.66613769531250E-0002 
 3.41500000000000E+0002  3.61145019531250E-0001  4.21142578125000E-0002 
 3.42000000000000E+0002  3.59100341796875E-0001  3.98254394531250E-0002 
 3.42500000000000E+0002  3.55560302734375E-0001  4.20837402343750E-0002 
 3.43000000000000E+0002  3.53973388671875E-0001  4.83093261718750E-0002 
 3.43500000000000E+0002  3.51165771484375E-0001  5.88684082031250E-0002 
 3.44000000000000E+0002  3.47229003906250E-0001  7.15026855468750E-0002 
 3.44500000000000E+0002  3.43414306640625E-0001  8.16040039062500E-0002 
 3.45000000000000E+0002  3.40423583984375E-0001  8.56628417968750E-0002 
 3.45500000000000E+0002  3.34747314453125E-0001  8.21838378906250E-0002 
 3.46000000000000E+0002  3.22448730468750E-0001  7.16552734375000E-0002 
 3.46500000000000E+0002  3.05389404296875E-0001  5.71594238281250E-0002 
 3.47000000000000E+0002  2.91534423828125E-0001  4.42504882812500E-0002 
 3.47500000000000E+0002  2.86224365234375E-0001  3.26843261718750E-0002 
 3.48000000000000E+0002  2.85614013671875E-0001  1.85852050781250E-0002 
 3.48500000000000E+0002  2.82043457031250E-0001  6.92749023437500E-0003 
 3.49000000000000E+0002  2.78503417968750E-0001  2.04467773437500E-0003 
 3.49500000000000E+0002  2.79815673828125E-0001  3.50952148437500E-0003 
 3.50000000000000E+0002  2.86285400390625E-0001  7.90405273437500E-0003 
 3.50500000000000E+0002  2.91687011718750E-0001  1.44348144531250E-0002 
 3.51000000000000E+0002  2.94250488281250E-0001  2.08740234375000E-0002 
 3.51500000000000E+0002  2.98248291015625E-0001  2.14233398437500E-0002 
 3.52000000000000E+0002  3.07067871093750E-0001  1.30004882812500E-0002 
 3.52500000000000E+0002  3.14453125000000E-0001  6.10351562500000E-0004 
 3.53000000000000E+0002  3.12469482421875E-0001 -7.44628906250000E-0003 
 3.53500000000000E+0002  3.03985595703125E-0001 -9.64355468750000E-0003 
 3.54000000000000E+0002  2.99987792968750E-0001 -7.96508789062500E-0003 
 3.54500000000000E+0002  2.98065185546875E-0001 -4.24194335937500E-0003 
 3.55000000000000E+0002  2.90313720703125E-0001  4.24194335937500E-0003 
 3.55500000000000E+0002  2.80395507812500E-0001  1.48315429687500E-0002 
 3.56000000000000E+0002  2.77923583984375E-0001  1.96228027343750E-0002 
 3.56500000000000E+0002  2.81036376953125E-0001  1.87988281250000E-0002 
 3.57000000000000E+0002  2.80822753906250E-0001  1.74865722656250E-0002 
 3.57500000000000E+0002  2.75146484375000E-0001  2.21862792968750E-0002 
 3.58000000000000E+0002  2.72064208984375E-0001  3.21960449218750E-0002 
 3.58500000000000E+0002  2.75939941406250E-0001  4.25109863281250E-0002 
 3.59000000000000E+0002  2.83294677734375E-0001  5.14526367187500E-0002 
 3.59500000000000E+0002  2.88787841796875E-0001  5.83801269531250E-0002 
 3.60000000000000E+0002  2.94372558593750E-0001  6.27136230468750E-0002 
 3.60500000000000E+0002  3.03955078125000E-0001  6.11572265625000E-0002 
 3.61000000000000E+0002  3.12530517578125E-0001  5.55419921875000E-0002 
 3.61500000000000E+0002  3.14544677734375E-0001  4.85534667968750E-0002 
 3.62000000000000E+0002  3.10760498046875E-0001  4.18701171875000E-0002 
 3.62500000000000E+0002  3.06732177734375E-0001  3.43933105468750E-0002 
 3.63000000000000E+0002  3.00567626953125E-0001  2.71911621093750E-0002 
 3.63500000000000E+0002  2.89154052734375E-0001  2.45971679687500E-0002 
 3.64000000000000E+0002  2.78869628906250E-0001  2.63977050781250E-0002 
 3.64500000000000E+0002  2.75787353515625E-0001  2.95715332031250E-0002 
 3.65000000000000E+0002  2.76672363281250E-0001  3.47595214843750E-0002 
 3.65500000000000E+0002  2.75817871093750E-0001  4.04968261718750E-0002 
 3.66000000000000E+0002  2.73193359375000E-0001  4.37622070312500E-0002 
 3.66500000000000E+0002  2.71453857421875E-0001  3.88488769531250E-0002 
 3.67000000000000E+0002  2.68310546875000E-0001  2.69470214843750E-0002 
 3.67500000000000E+0002  2.60986328125000E-0001  1.31225585937500E-0002 
 3.68000000000000E+0002  2.53753662109375E-0001  3.38745117187500E-0003 
 3.68500000000000E+0002  2.53845214843750E-0001 -1.06811523437500E-0003 
 3.69000000000000E+0002  2.58575439453125E-0001 -1.61743164062500E-0003 
 3.69500000000000E+0002  2.64709472656250E-0001  3.11279296875000E-0003 
 3.70000000000000E+0002  2.71179199218750E-0001  1.29699707031250E-0002 
 3.70500000000000E+0002  2.75360107421875E-0001  2.50244140625000E-0002 
 3.71000000000000E+0002  2.75695800781250E-0001  3.61633300781250E-0002 
 3.71500000000000E+0002  2.72705078125000E-0001  4.93164062500000E-0002 
 3.72000000000000E+0002  2.72460937500000E-0001  6.10656738281250E-0002 
 3.72500000000000E+0002  2.74932861328125E-0001  6.14013671875000E-0002 
 3.73000000000000E+0002  2.73101806640625E-0001  5.10559082031250E-0002 
 3.73500000000000E+0002  2.70019531250000E-0001  3.92150878906250E-0002 
 3.74000000000000E+0002  2.71270751953125E-0001  2.67333984375000E-0002 
 3.74500000000000E+0002  2.74749755859375E-0001  1.24816894531250E-0002 
 3.75000000000000E+0002  2.74688720703125E-0001  1.12915039062500E-0003 
 3.75500000000000E+0002  2.69775390625000E-0001  3.05175781250000E-0005 
 3.76000000000000E+0002  2.64526367187500E-0001  5.43212890625000E-0003 
 3.76500000000000E+0002  2.60040283203125E-0001  1.03149414062500E-0002 
 3.77000000000000E+0002  2.53967285156250E-0001  1.48925781250000E-0002 
 3.77500000000000E+0002  2.48779296875000E-0001  1.91345214843750E-0002 
 3.78000000000000E+0002  2.47650146484375E-0001  2.02026367187500E-0002 
 3.78500000000000E+0002  2.49938964843750E-0001  1.58996582031250E-0002 
 3.79000000000000E+0002  2.50488281250000E-0001  9.64355468750000E-0003 
 3.79500000000000E+0002  2.50244140625000E-0001  6.98852539062500E-0003 
 3.80000000000000E+0002  2.53662109375000E-0001  6.19506835937500E-0003 
 3.80500000000000E+0002  2.58972167968750E-0001  5.31005859375000E-0003 
 3.81000000000000E+0002  2.62695312500000E-0001  5.76782226562500E-0003 
 3.81500000000000E+0002  2.66143798828125E-0001  8.72802734375000E-0003 
 3.82000000000000E+0002  2.69256591796875E-0001  1.10473632812500E-0002 
 3.82500000000000E+0002  2.68524169921875E-0001  1.27868652343750E-0002 
 3.83000000000000E+0002  2.64221191406250E-0001  1.43432617187500E-0002 
 3.83500000000000E+0002  2.58850097656250E-0001  1.70288085937500E-0002 
 3.84000000000000E+0002  2.52502441406250E-0001  2.03247070312500E-0002 
 3.84500000000000E+0002  2.46673583984375E-0001  2.73437500000000E-0002 
 3.85000000000000E+0002  2.44537353515625E-0001  3.57666015625000E-0002 
 3.85500000000000E+0002  2.44171142578125E-0001  4.13208007812500E-0002 
 3.86000000000000E+0002  2.40753173828125E-0001  4.45861816406250E-0002 
 3.86500000000000E+0002  2.35504150390625E-0001  4.83398437500000E-0002 
 3.87000000000000E+0002  2.33032226562500E-0001  5.34667968750000E-0002 
 3.87500000000000E+0002  2.34313964843750E-0001  5.51757812500000E-0002 
 3.88000000000000E+0002  2.35107421875000E-0001  5.32531738281250E-0002 
 3.88500000000000E+0002  2.35473632812500E-0001  5.14831542968750E-0002 
 3.89000000000000E+0002  2.39013671875000E-0001  5.12695312500000E-0002 
 3.89500000000000E+0002  2.44689941406250E-0001  5.14526367187500E-0002 
 3.90000000000000E+0002  2.49572753906250E-0001  5.34973144531250E-0002 
 3.90500000000000E+0002  2.52593994140625E-0001  5.83801269531250E-0002 
 3.91000000000000E+0002  2.53173828125000E-0001  6.20727539062500E-0002 
 3.91500000000000E+0002  2.50427246093750E-0001  6.28662109375000E-0002 
 3.92000000000000E+0002  2.47070312500000E-0001  6.22253417968750E-0002 
 3.92500000000000E+0002  2.47253417968750E-0001  5.89904785156250E-0002 
 3.93000000000000E+0002  2.51892089843750E-0001  5.13000488281250E-0002 
 3.93500000000000E+0002  2.56164550781250E-0001  4.22668457031250E-0002 
 3.94000000000000E+0002  2.61383056640625E-0001  3.79028320312500E-0002 
 3.94500000000000E+0002  2.69287109375000E-0001  3.25622558593750E-0002 
 3.95000000000000E+0002  2.73529052734375E-0001  2.05383300781250E-0002 
 3.95500000000000E+0002  2.70385742187500E-0001  7.56835937500000E-0003 
 3.96000000000000E+0002  2.62512207031250E-0001  6.10351562500000E-0004 
 3.96500000000000E+0002  2.55584716796875E-0001 -3.35693359375000E-0003 
 3.97000000000000E+0002  2.49481201171875E-0001 -7.20214843750000E-0003 
 3.97500000000000E+0002  2.45269775390625E-0001 -6.46972656250000E-0003 
 3.98000000000000E+0002  2.44628906250000E-0001 -2.22778320312500E-0003 
 3.98500000000000E+0002  2.29431152343750E-0001  9.76562500000000E-0004 
 3.99000000000000E+0002  1.94763183593750E-0001  1.89208984375000E-0003 
 3.99500000000000E+0002  1.54144287109375E-0001  1.86157226562500E-0003 
