 0.00000000000000E+0000  1.65709838867188E+0001 -1.13872985839843E+0001 
 5.00000000000000E-0001  1.53381652832031E+0001 -9.99899291992188E+0000 
 1.00000000000000E+0000  1.07115478515625E+0001 -5.92276000976563E+0000 
 1.50000000000000E+0000  5.03930664062500E+0000 -1.46704101562500E+0000 
 2.00000000000000E+0000  2.05792236328125E+0000  3.34930419921875E-0001 
 2.50000000000000E+0000  1.02600097656250E+0000  6.63513183593750E-0001 
 3.00000000000000E+0000  6.94061279296875E-0001  6.16607666015625E-0001 
 3.50000000000000E+0000  5.18890380859375E-0001  4.79003906250000E-0001 
 4.00000000000000E+0000  3.84582519531250E-0001  3.25134277343750E-0001 
 4.50000000000000E+0000  2.95684814453125E-0001  1.09130859375000E-0001 
 5.00000000000000E+0000  2.37884521484375E-0001 -2.08374023437500E-0001 
 5.50000000000000E+0000  2.18933105468750E-0001 -5.47180175781250E-0001 
 6.00000000000000E+0000  2.58666992187500E-0001 -8.00018310546875E-0001 
 6.50000000000000E+0000  3.01757812500000E-0001 -9.26818847656250E-0001 
 7.00000000000000E+0000  2.76519775390625E-0001 -8.86016845703125E-0001 
 7.50000000000000E+0000  1.94244384765625E-0001 -6.72424316406250E-0001 
 8.00000000000000E+0000  6.76269531250000E-0002 -3.76159667968750E-0001 
 8.50000000000000E+0000 -1.03546142578125E-0001 -7.56225585937500E-0002 
 9.00000000000000E+0000 -2.62207031250000E-0001  1.87805175781250E-0001 
 9.50000000000000E+0000 -3.47229003906250E-0001  3.54248046875000E-0001 
 1.00000000000000E+0001 -3.57543945312500E-0001  3.83880615234375E-0001 
 1.05000000000000E+0001 -3.16589355468750E-0001  3.19976806640625E-0001 
 1.10000000000000E+0001 -2.30957031250000E-0001  2.29644775390625E-0001 
 1.15000000000000E+0001 -1.27624511718750E-0001  1.32812500000000E-0001 
 1.20000000000000E+0001 -4.25720214843750E-0002  4.45251464843750E-0002 
 1.25000000000000E+0001  2.70080566406250E-0002 -1.98059082031250E-0002 
 1.30000000000000E+0001  8.19091796875000E-0002 -8.10241699218750E-0002 
 1.35000000000000E+0001  1.08245849609375E-0001 -1.53350830078125E-0001 
 1.40000000000000E+0001  1.13098144531250E-0001 -2.26379394531250E-0001 
 1.45000000000000E+0001  1.09344482421875E-0001 -2.95288085937500E-0001 
 1.50000000000000E+0001  8.31909179687500E-0002 -3.62365722656250E-0001 
 1.55000000000000E+0001  1.91345214843750E-0002 -4.02587890625000E-0001 
 1.60000000000000E+0001 -5.48095703125000E-0002 -3.80279541015625E-0001 
 1.65000000000000E+0001 -1.10015869140625E-0001 -3.00354003906250E-0001 
 1.70000000000000E+0001 -1.51031494140625E-0001 -1.81304931640625E-0001 
 1.75000000000000E+0001 -1.68548583984375E-0001 -3.67431640625000E-0002 
 1.80000000000000E+0001 -1.44134521484375E-0001  1.11572265625000E-0001 
 1.85000000000000E+0001 -8.23364257812500E-0002  2.36724853515625E-0001 
 1.90000000000000E+0001 -2.13623046875000E-0004  3.19641113281250E-0001 
 1.95000000000000E+0001  9.82971191406250E-0002  3.54339599609375E-0001 
 2.00000000000000E+0001  2.09655761718750E-0001  3.39721679687500E-0001 
 2.05000000000000E+0001  3.15917968750000E-0001  2.81188964843750E-0001 
 2.10000000000000E+0001  4.13299560546875E-0001  1.87957763671875E-0001 
 2.15000000000000E+0001  5.02471923828125E-0001  6.37817382812500E-0002 
 2.20000000000000E+0001  5.57128906250000E-0001 -6.76879882812500E-0002 
 2.25000000000000E+0001  5.57495117187500E-0001 -1.73095703125000E-0001 
 2.30000000000000E+0001  5.10681152343750E-0001 -2.38769531250000E-0001 
 2.35000000000000E+0001  4.26940917968750E-0001 -2.66540527343750E-0001 
 2.40000000000000E+0001  2.99835205078125E-0001 -2.55157470703125E-0001 
 2.45000000000000E+0001  1.37084960937500E-0001 -2.04956054687500E-0001 
 2.50000000000000E+0001 -3.50952148437500E-0002 -1.32873535156250E-0001 
 2.55000000000000E+0001 -1.96624755859375E-0001 -6.16760253906250E-0002 
 2.60000000000000E+0001 -3.40728759765625E-0001 -3.35693359375000E-0003 
 2.65000000000000E+0001 -4.55749511718750E-0001  4.68750000000000E-0002 
 2.70000000000000E+0001 -5.24169921875000E-0001  9.98535156250000E-0002 
 2.75000000000000E+0001 -5.39337158203125E-0001  1.59545898437500E-0001 
 2.80000000000000E+0001 -5.02197265625000E-0001  2.23693847656250E-0001 
 2.85000000000000E+0001 -4.15557861328125E-0001  2.78686523437500E-0001 
 2.90000000000000E+0001 -2.99255371093750E-0001  3.17016601562500E-0001 
 2.95000000000000E+0001 -1.71997070312500E-0001  3.35784912109375E-0001 
 3.00000000000000E+0001 -4.81567382812500E-0002  3.17993164062500E-0001 
 3.05000000000000E+0001  5.51147460937500E-0002  2.56225585937500E-0001 
 3.10000000000000E+0001  1.26098632812500E-0001  1.63055419921875E-0001 
 3.15000000000000E+0001  1.63146972656250E-0001  5.97229003906250E-0002 
 3.20000000000000E+0001  1.75292968750000E-0001 -3.90014648437500E-0002 
 3.25000000000000E+0001  1.67999267578125E-0001 -1.23596191406250E-0001 
 3.30000000000000E+0001  1.42059326171875E-0001 -1.81488037109375E-0001 
 3.35000000000000E+0001  1.01806640625000E-0001 -2.13653564453125E-0001 
 3.40000000000000E+0001  5.11474609375000E-0002 -2.29553222656250E-0001 
 3.45000000000000E+0001 -5.55419921875000E-0003 -2.36328125000000E-0001 
 3.50000000000000E+0001 -6.57958984375000E-0002 -2.35229492187500E-0001 
 3.55000000000000E+0001 -1.23321533203125E-0001 -2.22534179687500E-0001 
 3.60000000000000E+0001 -1.65466308593750E-0001 -1.96105957031250E-0001 
 3.65000000000000E+0001 -1.85882568359375E-0001 -1.52679443359375E-0001 
 3.70000000000000E+0001 -1.85363769531250E-0001 -9.07287597656250E-0002 
 3.75000000000000E+0001 -1.66473388671875E-0001 -1.69982910156250E-0002 
 3.80000000000000E+0001 -1.36413574218750E-0001  5.86547851562500E-0002 
 3.85000000000000E+0001 -1.03637695312500E-0001  1.25366210937500E-0001 
 3.90000000000000E+0001 -7.05566406250000E-0002  1.77490234375000E-0001 
 3.95000000000000E+0001 -3.47595214843750E-0002  2.08251953125000E-0001 
 4.00000000000000E+0001  3.29589843750000E-0003  2.14569091796875E-0001 
 4.05000000000000E+0001  3.90319824218750E-0002  2.02117919921875E-0001 
 4.10000000000000E+0001  7.15637207031250E-0002  1.74835205078125E-0001 
 4.15000000000000E+0001  9.56115722656250E-0002  1.31256103515625E-0001 
 4.20000000000000E+0001  1.04064941406250E-0001  7.54699707031250E-0002 
 4.25000000000000E+0001  9.83581542968750E-0002  2.19726562500000E-0002 
 4.30000000000000E+0001  8.77990722656250E-0002 -1.84020996093750E-0002 
 4.35000000000000E+0001  7.57751464843750E-0002 -4.66003417968750E-0002 
 4.40000000000000E+0001  6.21643066406250E-0002 -6.69860839843750E-0002 
 4.45000000000000E+0001  5.00183105468750E-0002 -7.71789550781250E-0002 
 4.50000000000000E+0001  4.17480468750000E-0002 -7.56835937500000E-0002 
 4.55000000000000E+0001  3.24096679687500E-0002 -7.13500976562500E-0002 
 4.60000000000000E+0001  1.44958496093750E-0002 -7.07092285156250E-0002 
 4.65000000000000E+0001 -1.05285644531250E-0002 -6.90612792968750E-0002 
 4.70000000000000E+0001 -3.28979492187500E-0002 -5.85937500000000E-0002 
 4.75000000000000E+0001 -4.68750000000000E-0002 -4.80041503906250E-0002 
 4.80000000000000E+0001 -5.81359863281250E-0002 -4.44946289062500E-0002 
 4.85000000000000E+0001 -6.54907226562500E-0002 -4.31213378906250E-0002 
 4.90000000000000E+0001 -6.44226074218750E-0002 -4.29992675781250E-0002 
 4.95000000000000E+0001 -5.76477050781250E-0002 -4.38842773437500E-0002 
 5.00000000000000E+0001 -4.73022460937500E-0002 -4.46472167968750E-0002 
 5.05000000000000E+0001 -3.72009277343750E-0002 -4.05883789062500E-0002 
 5.10000000000000E+0001 -2.96936035156250E-0002 -3.03039550781250E-0002 
 5.15000000000000E+0001 -2.69470214843750E-0002 -1.37939453125000E-0002 
 5.20000000000000E+0001 -3.10058593750000E-0002  6.53076171875000E-0003 
 5.25000000000000E+0001 -3.52478027343750E-0002  2.89916992187500E-0002 
 5.30000000000000E+0001 -3.46984863281250E-0002  4.85534667968750E-0002 
 5.35000000000000E+0001 -2.88391113281250E-0002  6.35375976562500E-0002 
 5.40000000000000E+0001 -1.81884765625000E-0002  7.05871582031250E-0002 
 5.45000000000000E+0001 -3.69262695312500E-0003  6.82678222656250E-0002 
 5.50000000000000E+0001  1.30920410156250E-0002  6.07604980468750E-0002 
 5.55000000000000E+0001  3.06091308593750E-0002  4.81872558593750E-0002 
 5.60000000000000E+0001  4.42504882812500E-0002  3.10974121093750E-0002 
 5.65000000000000E+0001  5.35278320312500E-0002  1.56250000000000E-0002 
 5.70000000000000E+0001  6.17370605468750E-0002  4.45556640625000E-0003 
 5.75000000000000E+0001  6.74438476562500E-0002 -7.44628906250000E-0003 
 5.80000000000000E+0001  7.08618164062500E-0002 -2.42004394531250E-0002 
 5.85000000000000E+0001  7.07397460937500E-0002 -4.48303222656250E-0002 
 5.90000000000000E+0001  6.41784667968750E-0002 -6.15844726562500E-0002 
 5.95000000000000E+0001  5.07507324218750E-0002 -7.30590820312500E-0002 
 6.00000000000000E+0001  3.35388183593750E-0002 -7.98950195312500E-0002 
 6.05000000000000E+0001  1.39465332031250E-0002 -7.69653320312500E-0002 
 6.10000000000000E+0001 -5.55419921875000E-0003 -6.21643066406250E-0002 
 6.15000000000000E+0001 -2.55126953125000E-0002 -3.91235351562500E-0002 
 6.20000000000000E+0001 -4.26940917968750E-0002 -1.37634277343750E-0002 
 6.25000000000000E+0001 -5.26428222656250E-0002  1.22375488281250E-0002 
 6.30000000000000E+0001 -5.42297363281250E-0002  3.56750488281250E-0002 
 6.35000000000000E+0001 -4.90417480468750E-0002  5.09643554687500E-0002 
 6.40000000000000E+0001 -4.18395996093750E-0002  5.76171875000000E-0002 
 6.45000000000000E+0001 -3.14941406250000E-0002  6.13708496093750E-0002 
 6.50000000000000E+0001 -1.56860351562500E-0002  6.09741210937500E-0002 
 6.55000000000000E+0001  3.08227539062500E-0003  5.57861328125000E-0002 
 6.60000000000000E+0001  2.16979980468750E-0002  4.52880859375000E-0002 
 6.65000000000000E+0001  3.80859375000000E-0002  3.05786132812500E-0002 
 6.70000000000000E+0001  5.27343750000000E-0002  1.21765136718750E-0002 
 6.75000000000000E+0001  6.35375976562500E-0002 -7.62939453125000E-0003 
 6.80000000000000E+0001  6.89392089843750E-0002 -2.65197753906250E-0002 
 6.85000000000000E+0001  6.76574707031250E-0002 -4.07104492187500E-0002 
 6.90000000000000E+0001  5.86242675781250E-0002 -4.72106933593750E-0002 
 6.95000000000000E+0001  4.37622070312500E-0002 -4.87060546875000E-0002 
 7.00000000000000E+0001  2.72521972656250E-0002 -5.13000488281250E-0002 
 7.05000000000000E+0001  1.00402832031250E-0002 -5.41381835937500E-0002 
 7.10000000000000E+0001 -6.80541992187500E-0003 -5.53588867187500E-0002 
 7.15000000000000E+0001 -1.89819335937500E-0002 -5.56030273437500E-0002 
 7.20000000000000E+0001 -2.43530273437500E-0002 -5.35888671875000E-0002 
 7.25000000000000E+0001 -2.34680175781250E-0002 -4.65698242187500E-0002 
 7.30000000000000E+0001 -2.15759277343750E-0002 -3.33862304687500E-0002 
 7.35000000000000E+0001 -2.16979980468750E-0002 -2.02026367187500E-0002 
 7.40000000000000E+0001 -2.63977050781250E-0002 -1.07421875000000E-0002 
 7.45000000000000E+0001 -3.58276367187500E-0002 -6.65283203125000E-0003 
 7.50000000000000E+0001 -4.57458496093750E-0002 -5.98144531250000E-0003 
 7.55000000000000E+0001 -5.23986816406250E-0002 -5.67626953125000E-0003 
 7.60000000000000E+0001 -4.91027832031250E-0002 -2.28881835937500E-0003 
 7.65000000000000E+0001 -3.51257324218750E-0002 -1.03759765625000E-0003 
 7.70000000000000E+0001 -1.97753906250000E-0002 -1.03759765625000E-0003 
 7.75000000000000E+0001 -5.70678710937500E-0003  1.98364257812500E-0003 
 7.80000000000000E+0001  6.40869140625000E-0003  7.47680664062500E-0003 
 7.85000000000000E+0001  1.30615234375000E-0002  8.08715820312500E-0003 
 7.90000000000000E+0001  9.03320312500000E-0003  2.71606445312500E-0003 
 7.95000000000000E+0001  1.00708007812500E-0003 -2.53295898437500E-0003 
 8.00000000000000E+0001 -2.89916992187500E-0003 -8.17871093750000E-0003 
 8.05000000000000E+0001 -6.74438476562500E-0003 -1.64489746093750E-0002 
 8.10000000000000E+0001 -1.11694335937500E-0002 -2.42309570312500E-0002 
 8.15000000000000E+0001 -1.46484375000000E-0002 -2.96325683593750E-0002 
 8.20000000000000E+0001 -1.89208984375000E-0002 -3.26538085937500E-0002 
 8.25000000000000E+0001 -2.49023437500000E-0002 -3.32946777343750E-0002 
 8.30000000000000E+0001 -3.00598144531250E-0002 -3.25317382812500E-0002 
 8.35000000000000E+0001 -3.33557128906250E-0002 -3.22570800781250E-0002 
 8.40000000000000E+0001 -3.51867675781250E-0002 -3.22875976562500E-0002 
 8.45000000000000E+0001 -3.60107421875000E-0002 -3.36608886718750E-0002 
 8.50000000000000E+0001 -3.56140136718750E-0002 -3.58276367187500E-0002 
 8.55000000000000E+0001 -3.40576171875000E-0002 -3.65905761718750E-0002 
 8.60000000000000E+0001 -2.98156738281250E-0002 -3.58276367187500E-0002 
 8.65000000000000E+0001 -2.33459472656250E-0002 -3.75671386718750E-0002 
 8.70000000000000E+0001 -2.14233398437500E-0002 -4.05578613281250E-0002 
 8.75000000000000E+0001 -2.15454101562500E-0002 -4.05273437500000E-0002 
 8.80000000000000E+0001 -2.09655761718750E-0002 -3.91845703125000E-0002 
 8.85000000000000E+0001 -2.31018066406250E-0002 -3.76586914062500E-0002 
 8.90000000000000E+0001 -2.57873535156250E-0002 -3.34167480468750E-0002 
 8.95000000000000E+0001 -2.37731933593750E-0002 -2.74658203125000E-0002 
 9.00000000000000E+0001 -2.01721191406250E-0002 -2.20336914062500E-0002 
 9.05000000000000E+0001 -1.37329101562500E-0002 -1.97448730468750E-0002 
 9.10000000000000E+0001 -2.59399414062500E-0003 -2.27355957031250E-0002 
 9.15000000000000E+0001  1.30310058593750E-0002 -3.01818847656250E-0002 
 9.20000000000000E+0001  2.61230468750000E-0002 -3.72619628906250E-0002 
 9.25000000000000E+0001  3.28979492187500E-0002 -3.75976562500000E-0002 
 9.30000000000000E+0001  3.77502441406250E-0002 -3.19519042968750E-0002 
 9.35000000000000E+0001  4.08935546875000E-0002 -2.60925292968750E-0002 
 9.40000000000000E+0001  3.70788574218750E-0002 -2.05993652343750E-0002 
 9.45000000000000E+0001  2.57873535156250E-0002 -1.41296386718750E-0002 
 9.50000000000000E+0001  1.34277343750000E-0002 -9.39941406250000E-0003 
 9.55000000000000E+0001  6.07299804687500E-0003 -1.17797851562500E-0002 
 9.60000000000000E+0001  6.10351562500000E-0004 -1.80053710937500E-0002 
 9.65000000000000E+0001 -6.74438476562500E-0003 -1.89514160156250E-0002 
 9.70000000000000E+0001 -1.38244628906250E-0002 -1.37634277343750E-0002 
 9.75000000000000E+0001 -1.79138183593750E-0002 -7.29370117187500E-0003 
 9.80000000000000E+0001 -1.60827636718750E-0002 -2.65502929687500E-0003 
 9.85000000000000E+0001 -1.07116699218750E-0002 -1.86157226562500E-0003 
 9.90000000000000E+0001 -9.21630859375000E-0003 -5.40161132812500E-0003 
 9.95000000000000E+0001 -1.33056640625000E-0002 -7.90405273437500E-0003 
 1.00000000000000E+0002 -1.60827636718750E-0002 -9.09423828125000E-0003 
 1.00500000000000E+0002 -1.51672363281250E-0002 -1.40686035156250E-0002 
 1.01000000000000E+0002 -1.38244628906250E-0002 -2.14538574218750E-0002 
 1.01500000000000E+0002 -9.82666015625000E-0003 -2.54516601562500E-0002 
 1.02000000000000E+0002 -2.10571289062500E-0003 -2.93273925781250E-0002 
 1.02500000000000E+0002  6.01196289062500E-0003 -3.62548828125000E-0002 
 1.03000000000000E+0002  7.93457031250000E-0003 -4.49829101562500E-0002 
 1.03500000000000E+0002  3.47900390625000E-0003 -5.36193847656250E-0002 
 1.04000000000000E+0002 -6.77490234375000E-0003 -6.27746582031250E-0002 
 1.04500000000000E+0002 -2.15759277343750E-0002 -6.88476562500000E-0002 
 1.05000000000000E+0002 -3.32031250000000E-0002 -6.96105957031250E-0002 
 1.05500000000000E+0002 -3.89404296875000E-0002 -6.73828125000000E-0002 
 1.06000000000000E+0002 -4.00695800781250E-0002 -6.31103515625000E-0002 
 1.06500000000000E+0002 -3.95812988281250E-0002 -5.92956542968750E-0002 
 1.07000000000000E+0002 -4.01000976562500E-0002 -5.53894042968750E-0002 
 1.07500000000000E+0002 -4.35485839843750E-0002 -5.05371093750000E-0002 
 1.08000000000000E+0002 -4.66003417968750E-0002 -4.79736328125000E-0002 
 1.08500000000000E+0002 -4.51354980468750E-0002 -5.21545410156250E-0002 
 1.09000000000000E+0002 -3.97644042968750E-0002 -5.80139160156250E-0002 
 1.09500000000000E+0002 -3.40576171875000E-0002 -5.56030273437500E-0002 
 1.10000000000000E+0002 -2.99987792968750E-0002 -4.69360351562500E-0002 
 1.10500000000000E+0002 -2.82592773437500E-0002 -3.70788574218750E-0002 
 1.11000000000000E+0002 -2.59094238281250E-0002 -2.60009765625000E-0002 
 1.11500000000000E+0002 -2.15759277343750E-0002 -1.39465332031250E-0002 
 1.12000000000000E+0002 -1.74560546875000E-0002 -6.65283203125000E-0003 
 1.12500000000000E+0002 -1.48315429687500E-0002 -8.85009765625000E-0003 
 1.13000000000000E+0002 -1.20544433593750E-0002 -1.69067382812500E-0002 
 1.13500000000000E+0002 -6.34765625000000E-0003 -2.64587402343750E-0002 
 1.14000000000000E+0002 -1.03759765625000E-0003 -3.60412597656250E-0002 
 1.14500000000000E+0002 -4.57763671875000E-0004 -4.28771972656250E-0002 
 1.15000000000000E+0002 -5.34057617187500E-0003 -4.47692871093750E-0002 
 1.15500000000000E+0002 -1.09252929687500E-0002 -4.23889160156250E-0002 
 1.16000000000000E+0002 -1.37329101562500E-0002 -4.07104492187500E-0002 
 1.16500000000000E+0002 -1.82800292968750E-0002 -3.91235351562500E-0002 
 1.17000000000000E+0002 -2.50854492187500E-0002 -3.49121093750000E-0002 
 1.17500000000000E+0002 -3.13415527343750E-0002 -3.06396484375000E-0002 
 1.18000000000000E+0002 -3.60412597656250E-0002 -2.61230468750000E-0002 
 1.18500000000000E+0002 -4.19006347656250E-0002 -1.95617675781250E-0002 
 1.19000000000000E+0002 -4.87365722656250E-0002 -1.66320800781250E-0002 
 1.19500000000000E+0002 -5.21545410156250E-0002 -2.28881835937500E-0002 
 1.20000000000000E+0002 -5.12390136718750E-0002 -3.65600585937500E-0002 
 1.20500000000000E+0002 -4.84008789062500E-0002 -4.72717285156250E-0002 
 1.21000000000000E+0002 -4.58374023437500E-0002 -5.12084960937500E-0002 
 1.21500000000000E+0002 -4.15649414062500E-0002 -4.90417480468750E-0002 
 1.22000000000000E+0002 -3.46374511718750E-0002 -3.94897460937500E-0002 
 1.22500000000000E+0002 -2.70385742187500E-0002 -2.24609375000000E-0002 
 1.23000000000000E+0002 -2.20642089843750E-0002 -1.80053710937500E-0003 
 1.23500000000000E+0002 -1.81274414062500E-0002  1.71508789062500E-0002 
 1.24000000000000E+0002 -1.11694335937500E-0002  2.78320312500000E-0002 
 1.24500000000000E+0002 -3.78417968750000E-0003  2.71911621093750E-0002 
 1.25000000000000E+0002 -1.15966796875000E-0003  1.82800292968750E-0002 
 1.25500000000000E+0002 -3.05175781250000E-0003  5.95092773437500E-0003 
 1.26000000000000E+0002 -5.49316406250000E-0003 -9.76562500000000E-0003 
 1.26500000000000E+0002 -7.50732421875000E-0003 -2.42004394531250E-0002 
 1.27000000000000E+0002 -4.94384765625000E-0003 -3.36608886718750E-0002 
 1.27500000000000E+0002  3.26538085937500E-0003 -3.86657714843750E-0002 
 1.28000000000000E+0002  1.44958496093750E-0002 -4.12597656250000E-0002 
 1.28500000000000E+0002  2.42919921875000E-0002 -4.18701171875000E-0002 
 1.29000000000000E+0002  3.06091308593750E-0002 -4.07104492187500E-0002 
 1.29500000000000E+0002  3.37219238281250E-0002 -3.79638671875000E-0002 
 1.30000000000000E+0002  3.29589843750000E-0002 -3.40576171875000E-0002 
 1.30500000000000E+0002  2.72521972656250E-0002 -2.85949707031250E-0002 
 1.31000000000000E+0002  1.79138183593750E-0002 -2.21862792968750E-0002 
 1.31500000000000E+0002  1.04064941406250E-0002 -1.58996582031250E-0002 
 1.32000000000000E+0002  5.76782226562500E-0003 -1.33666992187500E-0002 
 1.32500000000000E+0002 -2.34985351562500E-0003 -1.87683105468750E-0002 
 1.33000000000000E+0002 -1.68762207031250E-0002 -2.72521972656250E-0002 
 1.33500000000000E+0002 -3.02734375000000E-0002 -3.21655273437500E-0002 
 1.34000000000000E+0002 -4.06799316406250E-0002 -3.21960449218750E-0002 
 1.34500000000000E+0002 -4.91638183593750E-0002 -2.80456542968750E-0002 
 1.35000000000000E+0002 -5.34973144531250E-0002 -1.68762207031250E-0002 
 1.35500000000000E+0002 -5.03234863281250E-0002 -3.23486328125000E-0003 
 1.36000000000000E+0002 -4.41284179687500E-0002  6.62231445312500E-0003 
 1.36500000000000E+0002 -3.97949218750000E-0002  1.24511718750000E-0002 
 1.37000000000000E+0002 -3.25927734375000E-0002  1.58386230468750E-0002 
 1.37500000000000E+0002 -2.22167968750000E-0002  1.38244628906250E-0002 
 1.38000000000000E+0002 -1.31530761718750E-0002  5.73730468750000E-0003 
 1.38500000000000E+0002 -8.17871093750000E-0003 -5.61523437500000E-0003 
 1.39000000000000E+0002 -4.82177734375000E-0003 -1.87377929687500E-0002 
 1.39500000000000E+0002 -2.89916992187500E-0003 -3.16162109375000E-0002 
 1.40000000000000E+0002 -4.39453125000000E-0003 -4.31518554687500E-0002 
 1.40500000000000E+0002 -1.04064941406250E-0002 -5.03540039062500E-0002 
 1.41000000000000E+0002 -1.58996582031250E-0002 -5.26123046875000E-0002 
 1.41500000000000E+0002 -1.86767578125000E-0002 -5.05371093750000E-0002 
 1.42000000000000E+0002 -1.79748535156250E-0002 -4.38232421875000E-0002 
 1.42500000000000E+0002 -1.54724121093750E-0002 -3.87573242187500E-0002 
 1.43000000000000E+0002 -1.31225585937500E-0002 -3.53393554687500E-0002 
 1.43500000000000E+0002 -9.30786132812500E-0003 -3.31115722656250E-0002 
 1.44000000000000E+0002 -3.38745117187500E-0003 -3.39050292968750E-0002 
 1.44500000000000E+0002  3.26538085937500E-0003 -3.61633300781250E-0002 
 1.45000000000000E+0002  7.50732421875000E-0003 -3.97033691406250E-0002 
 1.45500000000000E+0002  9.03320312500000E-0003 -3.99780273437500E-0002 
 1.46000000000000E+0002  7.14111328125000E-0003 -4.02832031250000E-0002 
 1.46500000000000E+0002 -1.70898437500000E-0003 -4.25415039062500E-0002 
 1.47000000000000E+0002 -1.47399902343750E-0002 -4.45556640625000E-0002 
 1.47500000000000E+0002 -2.60925292968750E-0002 -4.56542968750000E-0002 
 1.48000000000000E+0002 -3.19519042968750E-0002 -4.59594726562500E-0002 
 1.48500000000000E+0002 -3.17077636718750E-0002 -4.71496582031250E-0002 
 1.49000000000000E+0002 -2.97851562500000E-0002 -4.72412109375000E-0002 
 1.49500000000000E+0002 -2.56652832031250E-0002 -4.08935546875000E-0002 
 1.50000000000000E+0002 -2.07519531250000E-0002 -3.11279296875000E-0002 
 1.50500000000000E+0002 -1.68457031250000E-0002 -2.19726562500000E-0002 
 1.51000000000000E+0002 -1.35498046875000E-0002 -1.79138183593750E-0002 
 1.51500000000000E+0002 -1.00708007812500E-0002 -1.80969238281250E-0002 
 1.52000000000000E+0002 -4.91333007812500E-0003 -1.98974609375000E-0002 
 1.52500000000000E+0002  3.66210937500000E-0004 -2.30712890625000E-0002 
 1.53000000000000E+0002  4.66918945312500E-0003 -2.43835449218750E-0002 
 1.53500000000000E+0002  5.55419921875000E-0003 -2.22473144531250E-0002 
 1.54000000000000E+0002  0.00000000000000E+0000 -1.57165527343750E-0002 
 1.54500000000000E+0002 -9.03320312500000E-0003 -6.53076171875000E-0003 
 1.55000000000000E+0002 -1.79748535156250E-0002  4.88281250000000E-0004 
 1.55500000000000E+0002 -2.54211425781250E-0002  2.80761718750000E-0003 
 1.56000000000000E+0002 -3.04565429687500E-0002 -1.40380859375000E-0003 
 1.56500000000000E+0002 -3.08837890625000E-0002 -1.01623535156250E-0002 
 1.57000000000000E+0002 -2.42004394531250E-0002 -2.11486816406250E-0002 
 1.57500000000000E+0002 -1.47094726562500E-0002 -3.16467285156250E-0002 
 1.58000000000000E+0002 -4.69970703125000E-0003 -3.81469726562500E-0002 
 1.58500000000000E+0002  7.17163085937500E-0003 -4.01306152343750E-0002 
 1.59000000000000E+0002  1.87072753906250E-0002 -3.64074707031250E-0002 
 1.59500000000000E+0002  2.47802734375000E-0002 -2.71301269531250E-0002 
 1.60000000000000E+0002  2.27355957031250E-0002 -1.59606933593750E-0002 
 1.60500000000000E+0002  1.79138183593750E-0002 -8.78906250000000E-0003 
 1.61000000000000E+0002  1.21154785156250E-0002 -7.53784179687500E-0003 
 1.61500000000000E+0002  2.28881835937500E-0003 -1.14135742187500E-0002 
 1.62000000000000E+0002 -8.39233398437500E-0003 -1.90429687500000E-0002 
 1.62500000000000E+0002 -1.50756835937500E-0002 -3.00292968750000E-0002 
 1.63000000000000E+0002 -1.81884765625000E-0002 -4.02832031250000E-0002 
 1.63500000000000E+0002 -2.69470214843750E-0002 -4.96826171875000E-0002 
 1.64000000000000E+0002 -4.16870117187500E-0002 -5.68542480468750E-0002 
 1.64500000000000E+0002 -5.38024902343750E-0002 -6.13098144531250E-0002 
 1.65000000000000E+0002 -6.03332519531250E-0002 -6.32019042968750E-0002 
 1.65500000000000E+0002 -6.06384277343750E-0002 -6.07604980468750E-0002 
 1.66000000000000E+0002 -5.26733398437500E-0002 -5.51757812500000E-0002 
 1.66500000000000E+0002 -3.54309082031250E-0002 -4.73632812500000E-0002 
 1.67000000000000E+0002 -1.34277343750000E-0002 -3.94287109375000E-0002 
 1.67500000000000E+0002  4.05883789062500E-0003 -3.26232910156250E-0002 
 1.68000000000000E+0002  1.21154785156250E-0002 -2.77099609375000E-0002 
 1.68500000000000E+0002  1.19934082031250E-0002 -2.68859863281250E-0002 
 1.69000000000000E+0002  8.45336914062500E-0003 -2.99682617187500E-0002 
 1.69500000000000E+0002  4.69970703125000E-0003 -3.65600585937500E-0002 
 1.70000000000000E+0002  1.22070312500000E-0004 -4.56237792968750E-0002 
 1.70500000000000E+0002 -5.52368164062500E-0003 -5.26428222656250E-0002 
 1.71000000000000E+0002 -9.58251953125000E-0003 -5.74951171875000E-0002 
 1.71500000000000E+0002 -1.34582519531250E-0002 -6.18286132812500E-0002 
 1.72000000000000E+0002 -1.91040039062500E-0002 -6.39343261718750E-0002 
 1.72500000000000E+0002 -2.49023437500000E-0002 -6.19201660156250E-0002 
 1.73000000000000E+0002 -3.10668945312500E-0002 -5.36804199218750E-0002 
 1.73500000000000E+0002 -3.48815917968750E-0002 -4.22058105468750E-0002 
 1.74000000000000E+0002 -3.76892089843750E-0002 -3.03039550781250E-0002 
 1.74500000000000E+0002 -3.93066406250000E-0002 -1.72729492187500E-0002 
 1.75000000000000E+0002 -4.05273437500000E-0002 -3.35693359375000E-0003 
 1.75500000000000E+0002 -4.18090820312500E-0002  6.74438476562500E-0003 
 1.76000000000000E+0002 -3.97949218750000E-0002  7.04956054687500E-0003 
 1.76500000000000E+0002 -3.53393554687500E-0002 -3.05175781250000E-0004 
 1.77000000000000E+0002 -3.25317382812500E-0002 -6.22558593750000E-0003 
 1.77500000000000E+0002 -3.19213867187500E-0002 -1.01013183593750E-0002 
 1.78000000000000E+0002 -2.92968750000000E-0002 -1.09252929687500E-0002 
 1.78500000000000E+0002 -2.19726562500000E-0002 -8.48388671875000E-0003 
 1.79000000000000E+0002 -1.55944824218750E-0002 -4.33349609375000E-0003 
 1.79500000000000E+0002 -1.26342773437500E-0002 -4.88281250000000E-0004 
 1.80000000000000E+0002 -1.10168457031250E-0002 -1.73950195312500E-0003 
 1.80500000000000E+0002 -1.11999511718750E-0002 -9.46044921875000E-0003 
 1.81000000000000E+0002 -1.80664062500000E-0002 -1.91650390625000E-0002 
 1.81500000000000E+0002 -2.64282226562500E-0002 -2.56042480468750E-0002 
 1.82000000000000E+0002 -2.71301269531250E-0002 -2.69165039062500E-0002 
 1.82500000000000E+0002 -2.19116210937500E-0002 -2.65502929687500E-0002 
 1.83000000000000E+0002 -1.56860351562500E-0002 -2.35595703125000E-0002 
 1.83500000000000E+0002 -5.46264648437500E-0003 -1.76696777343750E-0002 
 1.84000000000000E+0002  6.22558593750000E-0003 -1.73034667968750E-0002 
 1.84500000000000E+0002  8.08715820312500E-0003 -2.39562988281250E-0002 
 1.85000000000000E+0002 -1.43432617187500E-0003 -3.03955078125000E-0002 
 1.85500000000000E+0002 -1.30004882812500E-0002 -2.99682617187500E-0002 
 1.86000000000000E+0002 -2.27050781250000E-0002 -2.91748046875000E-0002 
 1.86500000000000E+0002 -3.36608886718750E-0002 -3.09143066406250E-0002 
 1.87000000000000E+0002 -3.95202636718750E-0002 -2.50549316406250E-0002 
 1.87500000000000E+0002 -3.44543457031250E-0002 -1.39160156250000E-0002 
 1.88000000000000E+0002 -2.68554687500000E-0002 -5.12695312500000E-0003 
 1.88500000000000E+0002 -2.11181640625000E-0002 -1.22070312500000E-0003 
 1.89000000000000E+0002 -1.79443359375000E-0002  1.25122070312500E-0003 
 1.89500000000000E+0002 -1.99279785156250E-0002  8.48388671875000E-0003 
 1.90000000000000E+0002 -2.57568359375000E-0002  1.48010253906250E-0002 
 1.90500000000000E+0002 -3.06396484375000E-0002  1.60827636718750E-0002 
 1.91000000000000E+0002 -3.01513671875000E-0002  1.27258300781250E-0002 
 1.91500000000000E+0002 -2.59704589843750E-0002  1.14440917968750E-0002 
 1.92000000000000E+0002 -1.85241699218750E-0002  1.17187500000000E-0002 
 1.92500000000000E+0002 -9.00268554687500E-0003  8.11767578125000E-0003 
 1.93000000000000E+0002 -1.64794921875000E-0003  4.57763671875000E-0004 
 1.93500000000000E+0002  3.05175781250000E-0005 -7.65991210937500E-0003 
 1.94000000000000E+0002 -2.74658203125000E-0003 -1.30004882812500E-0002 
 1.94500000000000E+0002 -7.29370117187500E-0003 -1.92260742187500E-0002 
 1.95000000000000E+0002 -1.12915039062500E-0002 -2.53295898437500E-0002 
 1.95500000000000E+0002 -1.47705078125000E-0002 -2.64892578125000E-0002 
 1.96000000000000E+0002 -2.10876464843750E-0002 -2.13623046875000E-0002 
 1.96500000000000E+0002 -2.73132324218750E-0002 -1.09252929687500E-0002 
 1.97000000000000E+0002 -3.11584472656250E-0002 -2.41088867187500E-0003 
 1.97500000000000E+0002 -3.67126464843750E-0002  3.44848632812500E-0003 
 1.98000000000000E+0002 -4.27246093750000E-0002  9.61303710937500E-0003 
 1.98500000000000E+0002 -4.37316894531250E-0002  1.28479003906250E-0002 
 1.99000000000000E+0002 -3.73535156250000E-0002  8.72802734375000E-0003 
 1.99500000000000E+0002 -3.17382812500000E-0002 -1.95312500000000E-0003 
 2.00000000000000E+0002 -3.26538085937500E-0002 -1.28173828125000E-0002 
 2.00500000000000E+0002 -3.53698730468750E-0002 -2.23693847656250E-0002 
 2.01000000000000E+0002 -3.85437011718750E-0002 -3.46069335937500E-0002 
 2.01500000000000E+0002 -4.42504882812500E-0002 -4.55017089843750E-0002 
 2.02000000000000E+0002 -4.93774414062500E-0002 -5.03540039062500E-0002 
 2.02500000000000E+0002 -4.85229492187500E-0002 -5.07812500000000E-0002 
 2.03000000000000E+0002 -4.16870117187500E-0002 -5.03234863281250E-0002 
 2.03500000000000E+0002 -3.34167480468750E-0002 -5.02929687500000E-0002 
 2.04000000000000E+0002 -2.76184082031250E-0002 -4.71191406250000E-0002 
 2.04500000000000E+0002 -2.56652832031250E-0002 -4.06188964843750E-0002 
 2.05000000000000E+0002 -2.93579101562500E-0002 -3.18603515625000E-0002 
 2.05500000000000E+0002 -3.49426269531250E-0002 -2.06604003906250E-0002 
 2.06000000000000E+0002 -3.76892089843750E-0002 -1.02233886718750E-0002 
 2.06500000000000E+0002 -3.88183593750000E-0002 -3.29589843750000E-0003 
 2.07000000000000E+0002 -4.06188964843750E-0002 -2.62451171875000E-0003 
 2.07500000000000E+0002 -4.24804687500000E-0002 -7.23266601562500E-0003 
 2.08000000000000E+0002 -4.06188964843750E-0002 -1.49230957031250E-0002 
 2.08500000000000E+0002 -3.49426269531250E-0002 -2.16064453125000E-0002 
 2.09000000000000E+0002 -2.78930664062500E-0002 -2.49328613281250E-0002 
 2.09500000000000E+0002 -2.12402343750000E-0002 -2.55432128906250E-0002 
 2.10000000000000E+0002 -1.40686035156250E-0002 -2.66418457031250E-0002 
 2.10500000000000E+0002 -7.53784179687500E-0003 -2.98767089843750E-0002 
 2.11000000000000E+0002 -4.79125976562500E-0003 -3.28979492187500E-0002 
 2.11500000000000E+0002 -7.04956054687500E-0003 -3.45458984375000E-0002 
 2.12000000000000E+0002 -9.67407226562500E-0003 -3.37524414062500E-0002 
 2.12500000000000E+0002 -9.97924804687500E-0003 -2.93273925781250E-0002 
 2.13000000000000E+0002 -7.44628906250000E-0003 -2.18811035156250E-0002 
 2.13500000000000E+0002 -4.11987304687500E-0003 -1.32141113281250E-0002 
 2.14000000000000E+0002 -2.89916992187500E-0003 -7.96508789062500E-0003 
 2.14500000000000E+0002 -6.77490234375000E-0003 -7.81250000000000E-0003 
 2.15000000000000E+0002 -1.44653320312500E-0002 -1.37329101562500E-0002 
 2.15500000000000E+0002 -2.35900878906250E-0002 -2.50854492187500E-0002 
 2.16000000000000E+0002 -3.38745117187500E-0002 -4.01000976562500E-0002 
 2.16500000000000E+0002 -4.22973632812500E-0002 -5.38024902343750E-0002 
 2.17000000000000E+0002 -4.19921875000000E-0002 -6.12792968750000E-0002 
 2.17500000000000E+0002 -3.05175781250000E-0002 -6.56738281250000E-0002 
 2.18000000000000E+0002 -1.53503417968750E-0002 -7.12890625000000E-0002 
 2.18500000000000E+0002 -3.47900390625000E-0003 -7.14721679687500E-0002 
 2.19000000000000E+0002  4.76074218750000E-0003 -6.61621093750000E-0002 
 2.19500000000000E+0002  6.34765625000000E-0003 -6.14624023437500E-0002 
 2.20000000000000E+0002  4.88281250000000E-0004 -6.16760253906250E-0002 
 2.20500000000000E+0002 -9.36889648437500E-0003 -6.58569335937500E-0002 
 2.21000000000000E+0002 -1.85546875000000E-0002 -7.11975097656250E-0002 
 2.21500000000000E+0002 -2.50244140625000E-0002 -7.58666992187500E-0002 
 2.22000000000000E+0002 -2.70080566406250E-0002 -7.92846679687500E-0002 
 2.22500000000000E+0002 -2.33764648437500E-0002 -7.83996582031250E-0002 
 2.23000000000000E+0002 -1.62353515625000E-0002 -7.31811523437500E-0002 
 2.23500000000000E+0002 -1.05590820312500E-0002 -6.39953613281250E-0002 
 2.24000000000000E+0002 -8.57543945312500E-0003 -5.41992187500000E-0002 
 2.24500000000000E+0002 -1.05590820312500E-0002 -4.53491210937500E-0002 
 2.25000000000000E+0002 -1.20239257812500E-0002 -4.00085449218750E-0002 
 2.25500000000000E+0002 -1.28173828125000E-0002 -3.99169921875000E-0002 
 2.26000000000000E+0002 -1.30920410156250E-0002 -4.50439453125000E-0002 
 2.26500000000000E+0002 -1.36718750000000E-0002 -4.86145019531250E-0002 
 2.27000000000000E+0002 -1.15051269531250E-0002 -4.86450195312500E-0002 
 2.27500000000000E+0002 -5.82885742187500E-0003 -4.66003417968750E-0002 
 2.28000000000000E+0002 -3.87573242187500E-0003 -4.33044433593750E-0002 
 2.28500000000000E+0002 -7.29370117187500E-0003 -3.46679687500000E-0002 
 2.29000000000000E+0002 -1.18713378906250E-0002 -2.62756347656250E-0002 
 2.29500000000000E+0002 -1.47399902343750E-0002 -1.98974609375000E-0002 
 2.30000000000000E+0002 -1.33056640625000E-0002 -1.59912109375000E-0002 
 2.30500000000000E+0002 -1.00708007812500E-0002 -1.77612304687500E-0002 
 2.31000000000000E+0002 -8.27026367187500E-0003 -2.53601074218750E-0002 
 2.31500000000000E+0002 -6.19506835937500E-0003 -3.28063964843750E-0002 
 2.32000000000000E+0002 -4.27246093750000E-0003 -3.54003906250000E-0002 
 2.32500000000000E+0002 -3.05175781250000E-0004 -3.65905761718750E-0002 
 2.33000000000000E+0002  2.53295898437500E-0003 -3.71398925781250E-0002 
 2.33500000000000E+0002  3.90625000000000E-0003 -3.26538085937500E-0002 
 2.34000000000000E+0002  5.43212890625000E-0003 -2.38952636718750E-0002 
 2.34500000000000E+0002  6.19506835937500E-0003 -1.84631347656250E-0002 
 2.35000000000000E+0002  2.44140625000000E-0003 -1.72729492187500E-0002 
 2.35500000000000E+0002 -3.47900390625000E-0003 -1.81884765625000E-0002 
 2.36000000000000E+0002 -1.02539062500000E-0002 -2.36511230468750E-0002 
 2.36500000000000E+0002 -1.92260742187500E-0002 -3.35388183593750E-0002 
 2.37000000000000E+0002 -2.85339355468750E-0002 -4.28161621093750E-0002 
 2.37500000000000E+0002 -3.31115722656250E-0002 -5.05065917968750E-0002 
 2.38000000000000E+0002 -3.16162109375000E-0002 -5.69458007812500E-0002 
 2.38500000000000E+0002 -2.83813476562500E-0002 -6.08215332031250E-0002 
 2.39000000000000E+0002 -2.47192382812500E-0002 -6.07299804687500E-0002 
 2.39500000000000E+0002 -1.87377929687500E-0002 -5.65795898437500E-0002 
 2.40000000000000E+0002 -1.33361816406250E-0002 -4.98657226562500E-0002 
 2.40500000000000E+0002 -1.04064941406250E-0002 -4.20837402343750E-0002 
 2.41000000000000E+0002 -1.11999511718750E-0002 -3.84216308593750E-0002 
 2.41500000000000E+0002 -1.67846679687500E-0002 -3.86352539062500E-0002 
 2.42000000000000E+0002 -2.41699218750000E-0002 -3.71398925781250E-0002 
 2.42500000000000E+0002 -2.74658203125000E-0002 -3.45764160156250E-0002 
 2.43000000000000E+0002 -2.55126953125000E-0002 -3.51562500000000E-0002 
 2.43500000000000E+0002 -2.44750976562500E-0002 -3.47900390625000E-0002 
 2.44000000000000E+0002 -2.25524902343750E-0002 -3.11584472656250E-0002 
 2.44500000000000E+0002 -1.87377929687500E-0002 -2.79846191406250E-0002 
 2.45000000000000E+0002 -1.42822265625000E-0002 -2.82287597656250E-0002 
 2.45500000000000E+0002 -1.27258300781250E-0002 -3.08227539062500E-0002 
 2.46000000000000E+0002 -1.43432617187500E-0002 -3.45153808593750E-0002 
 2.46500000000000E+0002 -2.18811035156250E-0002 -3.79638671875000E-0002 
 2.47000000000000E+0002 -3.32946777343750E-0002 -3.59802246093750E-0002 
 2.47500000000000E+0002 -4.15649414062500E-0002 -2.94799804687500E-0002 
 2.48000000000000E+0002 -4.22363281250000E-0002 -2.28576660156250E-0002 
 2.48500000000000E+0002 -3.80859375000000E-0002 -1.71813964843750E-0002 
 2.49000000000000E+0002 -3.09448242187500E-0002 -1.34582519531250E-0002 
 2.49500000000000E+0002 -2.31628417968750E-0002 -1.44042968750000E-0002 
 2.50000000000000E+0002 -1.73339843750000E-0002 -1.89819335937500E-0002 
 2.50500000000000E+0002 -1.47705078125000E-0002 -2.23999023437500E-0002 
 2.51000000000000E+0002 -1.52893066406250E-0002 -2.63977050781250E-0002 
 2.51500000000000E+0002 -1.77917480468750E-0002 -3.35693359375000E-0002 
 2.52000000000000E+0002 -2.01110839843750E-0002 -4.14733886718750E-0002 
 2.52500000000000E+0002 -2.04162597656250E-0002 -4.64172363281250E-0002 
 2.53000000000000E+0002 -2.01721191406250E-0002 -4.71801757812500E-0002 
 2.53500000000000E+0002 -2.07824707031250E-0002 -4.34265136718750E-0002 
 2.54000000000000E+0002 -1.86157226562500E-0002 -3.74755859375000E-0002 
 2.54500000000000E+0002 -1.34887695312500E-0002 -3.19519042968750E-0002 
 2.55000000000000E+0002 -8.27026367187500E-0003 -2.83508300781250E-0002 
 2.55500000000000E+0002 -3.41796875000000E-0003 -2.55432128906250E-0002 
 2.56000000000000E+0002  2.83813476562500E-0003 -2.60925292968750E-0002 
 2.56500000000000E+0002  5.61523437500000E-0003 -2.96936035156250E-0002 
 2.57000000000000E+0002 -1.43432617187500E-0003 -2.89001464843750E-0002 
 2.57500000000000E+0002 -1.44958496093750E-0002 -1.79443359375000E-0002 
 2.58000000000000E+0002 -2.15148925781250E-0002 -7.32421875000000E-0004 
 2.58500000000000E+0002 -1.90124511718750E-0002  1.12304687500000E-0002 
 2.59000000000000E+0002 -1.30310058593750E-0002  1.44958496093750E-0002 
 2.59500000000000E+0002 -6.71386718750000E-0003  1.01928710937500E-0002 
 2.60000000000000E+0002  1.37329101562500E-0003 -6.10351562500000E-0004 
 2.60500000000000E+0002  7.69042968750000E-0003 -1.58386230468750E-0002 
 2.61000000000000E+0002  7.96508789062500E-0003 -2.95410156250000E-0002 
 2.61500000000000E+0002  3.05175781250000E-0003 -3.47900390625000E-0002 
 2.62000000000000E+0002 -3.81469726562500E-0003 -2.91442871093750E-0002 
 2.62500000000000E+0002 -8.48388671875000E-0003 -1.60522460937500E-0002 
 2.63000000000000E+0002 -1.16271972656250E-0002 -3.50952148437500E-0003 
 2.63500000000000E+0002 -1.65405273437500E-0002  4.33349609375000E-0003 
 2.64000000000000E+0002 -2.29187011718750E-0002  9.42993164062500E-0003 
 2.64500000000000E+0002 -2.68249511718750E-0002  1.37023925781250E-0002 
 2.65000000000000E+0002 -2.71911621093750E-0002  1.41296386718750E-0002 
 2.65500000000000E+0002 -2.72827148437500E-0002  1.05895996093750E-0002 
 2.66000000000000E+0002 -2.70385742187500E-0002  5.43212890625000E-0003 
 2.66500000000000E+0002 -2.46887207031250E-0002  1.61743164062500E-0003 
 2.67000000000000E+0002 -2.34680175781250E-0002 -1.43432617187500E-0003 
 2.67500000000000E+0002 -2.70690917968750E-0002 -4.08935546875000E-0003 
 2.68000000000000E+0002 -2.89916992187500E-0002 -7.04956054687500E-0003 
 2.68500000000000E+0002 -2.84423828125000E-0002 -8.51440429687500E-0003 
 2.69000000000000E+0002 -3.09753417968750E-0002 -5.34057617187500E-0003 
 2.69500000000000E+0002 -3.78112792968750E-0002  1.70898437500000E-0003 
 2.70000000000000E+0002 -4.23278808593750E-0002  6.59179687500000E-0003 
 2.70500000000000E+0002 -4.24804687500000E-0002  7.90405273437500E-0003 
 2.71000000000000E+0002 -4.33959960937500E-0002  9.49096679687500E-0003 
 2.71500000000000E+0002 -4.66613769531250E-0002  8.57543945312500E-0003 
 2.72000000000000E+0002 -4.86755371093750E-0002  2.74658203125000E-0003 
 2.72500000000000E+0002 -4.58679199218750E-0002 -4.85229492187500E-0003 
 2.73000000000000E+0002 -4.13208007812500E-0002 -9.55200195312500E-0003 
 2.73500000000000E+0002 -3.84826660156250E-0002 -9.46044921875000E-0003 
 2.74000000000000E+0002 -3.62854003906250E-0002 -6.98852539062500E-0003 
 2.74500000000000E+0002 -3.35693359375000E-0002 -3.72314453125000E-0003 
 2.75000000000000E+0002 -3.09448242187500E-0002 -1.03759765625000E-0003 
 2.75500000000000E+0002 -3.10668945312500E-0002  1.25122070312500E-0003 
 2.76000000000000E+0002 -3.43627929687500E-0002  2.31933593750000E-0003 
 2.76500000000000E+0002 -3.85437011718750E-0002  3.05175781250000E-0005 
 2.77000000000000E+0002 -4.29382324218750E-0002 -4.69970703125000E-0003 
 2.77500000000000E+0002 -4.54101562500000E-0002 -4.79125976562500E-0003 
 2.78000000000000E+0002 -3.99475097656250E-0002 -1.89208984375000E-0003 
 2.78500000000000E+0002 -3.18908691406250E-0002 -4.36401367187500E-0003 
 2.79000000000000E+0002 -3.06701660156250E-0002 -1.03149414062500E-0002 
 2.79500000000000E+0002 -3.14941406250000E-0002 -1.27258300781250E-0002 
 2.80000000000000E+0002 -2.60925292968750E-0002 -1.34277343750000E-0002 
 2.80500000000000E+0002 -1.69982910156250E-0002 -1.81274414062500E-0002 
 2.81000000000000E+0002 -1.22070312500000E-0002 -2.20947265625000E-0002 
 2.81500000000000E+0002 -1.00402832031250E-0002 -2.07824707031250E-0002 
 2.82000000000000E+0002 -8.57543945312500E-0003 -1.95312500000000E-0002 
 2.82500000000000E+0002 -1.33666992187500E-0002 -2.16369628906250E-0002 
 2.83000000000000E+0002 -2.43225097656250E-0002 -2.55432128906250E-0002 
 2.83500000000000E+0002 -3.66821289062500E-0002 -2.88391113281250E-0002 
 2.84000000000000E+0002 -4.68444824218750E-0002 -2.97241210937500E-0002 
 2.84500000000000E+0002 -5.22766113281250E-0002 -2.98767089843750E-0002 
 2.85000000000000E+0002 -5.14831542968750E-0002 -3.12500000000000E-0002 
 2.85500000000000E+0002 -4.89807128906250E-0002 -3.57666015625000E-0002 
 2.86000000000000E+0002 -4.85839843750000E-0002 -3.75976562500000E-0002 
 2.86500000000000E+0002 -4.64477539062500E-0002 -3.47900390625000E-0002 
 2.87000000000000E+0002 -3.91235351562500E-0002 -3.25317382812500E-0002 
 2.87500000000000E+0002 -3.15551757812500E-0002 -3.46984863281250E-0002 
 2.88000000000000E+0002 -2.81677246093750E-0002 -3.62243652343750E-0002 
 2.88500000000000E+0002 -2.70385742187500E-0002 -3.70178222656250E-0002 
 2.89000000000000E+0002 -2.55126953125000E-0002 -3.61328125000000E-0002 
 2.89500000000000E+0002 -2.55126953125000E-0002 -3.67431640625000E-0002 
 2.90000000000000E+0002 -2.90222167968750E-0002 -4.03137207031250E-0002 
 2.90500000000000E+0002 -3.44848632812500E-0002 -4.27856445312500E-0002 
 2.91000000000000E+0002 -3.51867675781250E-0002 -4.20837402343750E-0002 
 2.91500000000000E+0002 -3.49121093750000E-0002 -3.97033691406250E-0002 
 2.92000000000000E+0002 -3.59497070312500E-0002 -3.85742187500000E-0002 
 2.92500000000000E+0002 -3.81469726562500E-0002 -3.98559570312500E-0002 
 2.93000000000000E+0002 -3.83605957031250E-0002 -4.02221679687500E-0002 
 2.93500000000000E+0002 -3.44238281250000E-0002 -4.12597656250000E-0002 
 2.94000000000000E+0002 -2.68249511718750E-0002 -4.41589355468750E-0002 
 2.94500000000000E+0002 -1.83105468750000E-0002 -4.79736328125000E-0002 
 2.95000000000000E+0002 -1.08032226562500E-0002 -5.02014160156250E-0002 
 2.95500000000000E+0002 -5.73730468750000E-0003 -4.63256835937500E-0002 
 2.96000000000000E+0002  1.80053710937500E-0003 -3.63769531250000E-0002 
 2.96500000000000E+0002  1.35192871093750E-0002 -2.68249511718750E-0002 
 2.97000000000000E+0002  2.67639160156250E-0002 -1.84326171875000E-0002 
 2.97500000000000E+0002  3.96423339843750E-0002 -7.69042968750000E-0003 
 2.98000000000000E+0002  5.01403808593750E-0002 -3.66210937500000E-0004 
 2.98500000000000E+0002  4.97741699218750E-0002 -1.55639648437500E-0003 
 2.99000000000000E+0002  3.33251953125000E-0002 -2.86865234375000E-0003 
 2.99500000000000E+0002  8.39233398437500E-0003  8.85009765625000E-0004 
 3.00000000000000E+0002 -1.55944824218750E-0002  3.84521484375000E-0003 
 3.00500000000000E+0002 -3.38745117187500E-0002  0.00000000000000E+0000 
 3.01000000000000E+0002 -4.26635742187500E-0002 -7.53784179687500E-0003 
 3.01500000000000E+0002 -4.14733886718750E-0002 -1.58386230468750E-0002 
 3.02000000000000E+0002 -3.74450683593750E-0002 -2.53295898437500E-0002 
 3.02500000000000E+0002 -3.85742187500000E-0002 -3.18298339843750E-0002 
 3.03000000000000E+0002 -4.32739257812500E-0002 -3.45153808593750E-0002 
 3.03500000000000E+0002 -4.89807128906250E-0002 -3.73840332031250E-0002 
 3.04000000000000E+0002 -5.67932128906250E-0002 -4.05578613281250E-0002 
 3.04500000000000E+0002 -6.36596679687500E-0002 -4.26025390625000E-0002 
 3.05000000000000E+0002 -6.15539550781250E-0002 -4.29382324218750E-0002 
 3.05500000000000E+0002 -5.19104003906250E-0002 -4.19921875000000E-0002 
 3.06000000000000E+0002 -4.12597656250000E-0002 -3.73535156250000E-0002 
 3.06500000000000E+0002 -3.25012207031250E-0002 -2.94494628906250E-0002 
 3.07000000000000E+0002 -2.56042480468750E-0002 -2.30102539062500E-0002 
 3.07500000000000E+0002 -2.18200683593750E-0002 -1.87377929687500E-0002 
 3.08000000000000E+0002 -2.50244140625000E-0002 -1.76696777343750E-0002 
 3.08500000000000E+0002 -3.33251953125000E-0002 -1.90429687500000E-0002 
 3.09000000000000E+0002 -4.04663085937500E-0002 -2.27661132812500E-0002 
 3.09500000000000E+0002 -4.54406738281250E-0002 -2.57568359375000E-0002 
 3.10000000000000E+0002 -4.87365722656250E-0002 -2.63977050781250E-0002 
 3.10500000000000E+0002 -4.58679199218750E-0002 -2.73132324218750E-0002 
 3.11000000000000E+0002 -3.64990234375000E-0002 -3.26843261718750E-0002 
 3.11500000000000E+0002 -2.70690917968750E-0002 -3.91235351562500E-0002 
 3.12000000000000E+0002 -2.12402343750000E-0002 -4.01916503906250E-0002 
 3.12500000000000E+0002 -1.51672363281250E-0002 -3.42102050781250E-0002 
 3.13000000000000E+0002 -8.97216796875000E-0003 -2.44445800781250E-0002 
 3.13500000000000E+0002 -6.53076171875000E-0003 -1.30310058593750E-0002 
 3.14000000000000E+0002 -9.36889648437500E-0003  1.31225585937500E-0003 
 3.14500000000000E+0002 -1.26647949218750E-0002  1.46179199218750E-0002 
 3.15000000000000E+0002 -1.81274414062500E-0002  2.21862792968750E-0002 
 3.15500000000000E+0002 -2.77099609375000E-0002  2.30712890625000E-0002 
 3.16000000000000E+0002 -3.93676757812500E-0002  1.95922851562500E-0002 
 3.16500000000000E+0002 -4.84008789062500E-0002  1.32446289062500E-0002 
 3.17000000000000E+0002 -5.26733398437500E-0002  4.54711914062500E-0003 
 3.17500000000000E+0002 -5.08422851562500E-0002 -4.73022460937500E-0003 
 3.18000000000000E+0002 -4.39147949218750E-0002 -1.24816894531250E-0002 
 3.18500000000000E+0002 -3.81469726562500E-0002 -1.62963867187500E-0002 
 3.19000000000000E+0002 -3.57666015625000E-0002 -1.67236328125000E-0002 
 3.19500000000000E+0002 -3.44543457031250E-0002 -1.56250000000000E-0002 
 3.20000000000000E+0002 -3.14331054687500E-0002 -1.67846679687500E-0002 
 3.20500000000000E+0002 -3.25317382812500E-0002 -2.02331542968750E-0002 
 3.21000000000000E+0002 -3.83911132812500E-0002 -2.14233398437500E-0002 
 3.21500000000000E+0002 -3.94287109375000E-0002 -2.02636718750000E-0002 
 3.22000000000000E+0002 -3.25927734375000E-0002 -2.11486816406250E-0002 
 3.22500000000000E+0002 -2.60925292968750E-0002 -2.33459472656250E-0002 
 3.23000000000000E+0002 -2.57263183593750E-0002 -2.51464843750000E-0002 
 3.23500000000000E+0002 -2.66723632812500E-0002 -2.45971679687500E-0002 
 3.24000000000000E+0002 -2.23693847656250E-0002 -2.14233398437500E-0002 
 3.24500000000000E+0002 -1.77307128906250E-0002 -1.66015625000000E-0002 
 3.25000000000000E+0002 -1.80053710937500E-0002 -8.14819335937500E-0003 
 3.25500000000000E+0002 -2.10876464843750E-0002  2.31933593750000E-0003 
 3.26000000000000E+0002 -2.11486816406250E-0002  1.03149414062500E-0002 
 3.26500000000000E+0002 -2.01416015625000E-0002  1.03454589843750E-0002 
 3.27000000000000E+0002 -2.51159667968750E-0002  9.15527343750000E-0005 
 3.27500000000000E+0002 -3.62854003906250E-0002 -1.64794921875000E-0002 
 3.28000000000000E+0002 -4.77600097656250E-0002 -3.37219238281250E-0002 
 3.28500000000000E+0002 -5.56640625000000E-0002 -4.44946289062500E-0002 
 3.29000000000000E+0002 -6.05773925781250E-0002 -4.58374023437500E-0002 
 3.29500000000000E+0002 -6.33850097656250E-0002 -4.08935546875000E-0002 
 3.30000000000000E+0002 -6.35070800781250E-0002 -3.47900390625000E-0002 
 3.30500000000000E+0002 -6.13403320312500E-0002 -2.67639160156250E-0002 
 3.31000000000000E+0002 -5.77392578125000E-0002 -1.68762207031250E-0002 
 3.31500000000000E+0002 -5.40771484375000E-0002 -1.36718750000000E-0002 
 3.32000000000000E+0002 -5.15441894531250E-0002 -2.00805664062500E-0002 
 3.32500000000000E+0002 -4.89196777343750E-0002 -3.02124023437500E-0002 
 3.33000000000000E+0002 -4.58679199218750E-0002 -3.76586914062500E-0002 
 3.33500000000000E+0002 -4.20532226562500E-0002 -4.33959960937500E-0002 
 3.34000000000000E+0002 -3.64685058593750E-0002 -4.89807128906250E-0002 
 3.34500000000000E+0002 -3.08227539062500E-0002 -5.24291992187500E-0002 
 3.35000000000000E+0002 -2.79235839843750E-0002 -5.21850585937500E-0002 
 3.35500000000000E+0002 -2.90527343750000E-0002 -5.11169433593750E-0002 
 3.36000000000000E+0002 -3.05480957031250E-0002 -4.86450195312500E-0002 
 3.36500000000000E+0002 -3.21960449218750E-0002 -4.35791015625000E-0002 
 3.37000000000000E+0002 -3.61938476562500E-0002 -3.51867675781250E-0002 
 3.37500000000000E+0002 -3.90319824218750E-0002 -2.70385742187500E-0002 
 3.38000000000000E+0002 -3.68652343750000E-0002 -2.05078125000000E-0002 
 3.38500000000000E+0002 -3.05480957031250E-0002 -1.38854980468750E-0002 
 3.39000000000000E+0002 -2.53295898437500E-0002 -1.03759765625000E-0002 
 3.39500000000000E+0002 -2.15148925781250E-0002 -1.27563476562500E-0002 
 3.40000000000000E+0002 -1.76696777343750E-0002 -1.97143554687500E-0002 
 3.40500000000000E+0002 -1.49536132812500E-0002 -2.59704589843750E-0002 
 3.41000000000000E+0002 -1.61743164062500E-0002 -2.98461914062500E-0002 
 3.41500000000000E+0002 -2.21252441406250E-0002 -2.87780761718750E-0002 
 3.42000000000000E+0002 -2.96936035156250E-0002 -2.54516601562500E-0002 
 3.42500000000000E+0002 -3.57971191406250E-0002 -2.28881835937500E-0002 
 3.43000000000000E+0002 -4.00390625000000E-0002 -2.17590332031250E-0002 
 3.43500000000000E+0002 -4.16870117187500E-0002 -2.17285156250000E-0002 
 3.44000000000000E+0002 -3.86047363281250E-0002 -2.45666503906250E-0002 
 3.44500000000000E+0002 -3.11889648437500E-0002 -3.28063964843750E-0002 
 3.45000000000000E+0002 -2.11486816406250E-0002 -4.46472167968750E-0002 
 3.45500000000000E+0002 -9.39941406250000E-0003 -5.34057617187500E-0002 
 3.46000000000000E+0002  1.22070312500000E-0003 -6.00585937500000E-0002 
 3.46500000000000E+0002  3.87573242187500E-0003 -6.79321289062500E-0002 
 3.47000000000000E+0002 -2.19726562500000E-0003 -7.23876953125000E-0002 
 3.47500000000000E+0002 -1.12915039062500E-0002 -6.72607421875000E-0002 
 3.48000000000000E+0002 -1.84020996093750E-0002 -5.56030273437500E-0002 
 3.48500000000000E+0002 -2.58789062500000E-0002 -4.41284179687500E-0002 
 3.49000000000000E+0002 -3.26843261718750E-0002 -3.43627929687500E-0002 
 3.49500000000000E+0002 -3.74755859375000E-0002 -2.58483886718750E-0002 
 3.50000000000000E+0002 -3.88793945312500E-0002 -1.99279785156250E-0002 
 3.50500000000000E+0002 -3.66210937500000E-0002 -1.90429687500000E-0002 
 3.51000000000000E+0002 -3.36914062500000E-0002 -2.30712890625000E-0002 
 3.51500000000000E+0002 -3.17993164062500E-0002 -2.50549316406250E-0002 
 3.52000000000000E+0002 -3.16772460937500E-0002 -2.27050781250000E-0002 
 3.52500000000000E+0002 -2.85034179687500E-0002 -1.84020996093750E-0002 
 3.53000000000000E+0002 -1.99279785156250E-0002 -1.93176269531250E-0002 
 3.53500000000000E+0002 -1.41296386718750E-0002 -2.57263183593750E-0002 
 3.54000000000000E+0002 -1.14746093750000E-0002 -3.20434570312500E-0002 
 3.54500000000000E+0002 -7.84301757812500E-0003 -3.58581542968750E-0002 
 3.55000000000000E+0002 -5.61523437500000E-0003 -3.81164550781250E-0002 
 3.55500000000000E+0002 -8.88061523437500E-0003 -3.74145507812500E-0002 
 3.56000000000000E+0002 -1.60522460937500E-0002 -3.11889648437500E-0002 
 3.56500000000000E+0002 -2.12097167968750E-0002 -2.03857421875000E-0002 
 3.57000000000000E+0002 -2.55737304687500E-0002 -1.18103027343750E-0002 
 3.57500000000000E+0002 -3.10363769531250E-0002 -8.78906250000000E-0003 
 3.58000000000000E+0002 -3.47900390625000E-0002 -8.48388671875000E-0003 
 3.58500000000000E+0002 -3.40576171875000E-0002 -7.17163085937500E-0003 
 3.59000000000000E+0002 -3.21655273437500E-0002 -6.19506835937500E-0003 
 3.59500000000000E+0002 -3.19213867187500E-0002 -6.04248046875000E-0003 
 3.60000000000000E+0002 -3.49731445312500E-0002 -8.33129882812500E-0003 
 3.60500000000000E+0002 -3.94287109375000E-0002 -1.26953125000000E-0002 
 3.61000000000000E+0002 -4.24499511718750E-0002 -1.82495117187500E-0002 
 3.61500000000000E+0002 -4.14123535156250E-0002 -2.19726562500000E-0002 
 3.62000000000000E+0002 -3.71398925781250E-0002 -2.16674804687500E-0002 
 3.62500000000000E+0002 -3.21960449218750E-0002 -1.99584960937500E-0002 
 3.63000000000000E+0002 -2.81372070312500E-0002 -1.79748535156250E-0002 
 3.63500000000000E+0002 -2.26135253906250E-0002 -1.40075683593750E-0002 
 3.64000000000000E+0002 -1.72424316406250E-0002 -8.17871093750000E-0003 
 3.64500000000000E+0002 -1.44348144531250E-0002 -3.96728515625000E-0003 
 3.65000000000000E+0002 -1.39465332031250E-0002 -5.37109375000000E-0003 
 3.65500000000000E+0002 -1.21765136718750E-0002 -9.79614257812500E-0003 
 3.66000000000000E+0002 -9.64355468750000E-0003 -1.57165527343750E-0002 
 3.66500000000000E+0002 -1.12915039062500E-0002 -2.20336914062500E-0002 
 3.67000000000000E+0002 -1.46789550781250E-0002 -2.74353027343750E-0002 
 3.67500000000000E+0002 -1.95922851562500E-0002 -3.31726074218750E-0002 
 3.68000000000000E+0002 -2.59094238281250E-0002 -3.80554199218750E-0002 
 3.68500000000000E+0002 -3.28979492187500E-0002 -3.93676757812500E-0002 
 3.69000000000000E+0002 -3.57360839843750E-0002 -3.40881347656250E-0002 
 3.69500000000000E+0002 -3.52478027343750E-0002 -2.93579101562500E-0002 
 3.70000000000000E+0002 -3.60717773437500E-0002 -2.87780761718750E-0002 
 3.70500000000000E+0002 -3.79943847656250E-0002 -2.74963378906250E-0002 
 3.71000000000000E+0002 -3.57971191406250E-0002 -2.37426757812500E-0002 
 3.71500000000000E+0002 -3.07312011718750E-0002 -2.41394042968750E-0002 
 3.72000000000000E+0002 -2.63671875000000E-0002 -2.99377441406250E-0002 
 3.72500000000000E+0002 -2.49328613281250E-0002 -3.49731445312500E-0002 
 3.73000000000000E+0002 -2.60314941406250E-0002 -3.34472656250000E-0002 
 3.73500000000000E+0002 -2.71301269531250E-0002 -2.89916992187500E-0002 
 3.74000000000000E+0002 -2.88696289062500E-0002 -2.62451171875000E-0002 
 3.74500000000000E+0002 -3.12805175781250E-0002 -2.46887207031250E-0002 
 3.75000000000000E+0002 -3.27758789062500E-0002 -2.35595703125000E-0002 
 3.75500000000000E+0002 -2.95715332031250E-0002 -2.38037109375000E-0002 
 3.76000000000000E+0002 -2.17590332031250E-0002 -2.76794433593750E-0002 
 3.76500000000000E+0002 -1.62963867187500E-0002 -3.74755859375000E-0002 
 3.77000000000000E+0002 -1.80053710937500E-0002 -4.76989746093750E-0002 
 3.77500000000000E+0002 -2.28881835937500E-0002 -5.23071289062500E-0002 
 3.78000000000000E+0002 -2.75268554687500E-0002 -5.10253906250000E-0002 
 3.78500000000000E+0002 -3.22265625000000E-0002 -4.63256835937500E-0002 
 3.79000000000000E+0002 -3.79333496093750E-0002 -4.07714843750000E-0002 
 3.79500000000000E+0002 -4.17480468750000E-0002 -3.46679687500000E-0002 
 3.80000000000000E+0002 -4.16870117187500E-0002 -2.85949707031250E-0002 
 3.80500000000000E+0002 -4.20227050781250E-0002 -2.65502929687500E-0002 
 3.81000000000000E+0002 -4.59594726562500E-0002 -3.14941406250000E-0002 
 3.81500000000000E+0002 -5.05981445312500E-0002 -4.10156250000000E-0002 
 3.82000000000000E+0002 -5.27038574218750E-0002 -5.05371093750000E-0002 
 3.82500000000000E+0002 -5.51147460937500E-0002 -5.71594238281250E-0002 
 3.83000000000000E+0002 -5.69458007812500E-0002 -5.60607910156250E-0002 
 3.83500000000000E+0002 -5.07202148437500E-0002 -4.66918945312500E-0002 
 3.84000000000000E+0002 -3.43627929687500E-0002 -3.56750488281250E-0002 
 3.84500000000000E+0002 -1.75170898437500E-0002 -2.95104980468750E-0002 
 3.85000000000000E+0002 -8.75854492187500E-0003 -2.49023437500000E-0002 
 3.85500000000000E+0002 -3.54003906250000E-0003 -1.83715820312500E-0002 
 3.86000000000000E+0002 -1.52587890625000E-0004 -1.77001953125000E-0002 
 3.86500000000000E+0002 -6.13403320312500E-0003 -2.27966308593750E-0002 
 3.87000000000000E+0002 -1.88598632812500E-0002 -2.50549316406250E-0002 
 3.87500000000000E+0002 -2.80761718750000E-0002 -1.80969238281250E-0002 
 3.88000000000000E+0002 -2.67944335937500E-0002 -9.91821289062500E-0003 
 3.88500000000000E+0002 -1.91955566406250E-0002 -1.15966796875000E-0002 
 3.89000000000000E+0002 -1.47094726562500E-0002 -1.99279785156250E-0002 
 3.89500000000000E+0002 -1.48925781250000E-0002 -2.88391113281250E-0002 
 3.90000000000000E+0002 -1.62658691406250E-0002 -3.82690429687500E-0002 
 3.90500000000000E+0002 -1.91345214843750E-0002 -5.05371093750000E-0002 
 3.91000000000000E+0002 -2.25219726562500E-0002 -6.33544921875000E-0002 
 3.91500000000000E+0002 -2.94494628906250E-0002 -7.17773437500000E-0002 
 3.92000000000000E+0002 -3.54614257812500E-0002 -7.40966796875000E-0002 
 3.92500000000000E+0002 -3.81774902343750E-0002 -7.37915039062500E-0002 
 3.93000000000000E+0002 -4.19311523437500E-0002 -7.22961425781250E-0002 
 3.93500000000000E+0002 -4.80346679687500E-0002 -7.09228515625000E-0002 
 3.94000000000000E+0002 -5.30090332031250E-0002 -6.93969726562500E-0002 
 3.94500000000000E+0002 -5.42602539062500E-0002 -6.54602050781250E-0002 
 3.95000000000000E+0002 -5.13305664062500E-0002 -5.86242675781250E-0002 
 3.95500000000000E+0002 -4.59899902343750E-0002 -5.28869628906250E-0002 
 3.96000000000000E+0002 -4.06494140625000E-0002 -4.87365722656250E-0002 
 3.96500000000000E+0002 -3.68041992187500E-0002 -4.30297851562500E-0002 
 3.97000000000000E+0002 -3.26232910156250E-0002 -3.50952148437500E-0002 
 3.97500000000000E+0002 -2.74047851562500E-0002 -2.76794433593750E-0002 
 3.98000000000000E+0002 -2.42614746093750E-0002 -2.06909179687500E-0002 
 3.98500000000000E+0002 -2.17590332031250E-0002 -1.30920410156250E-0002 
 3.99000000000000E+0002 -1.63879394531250E-0002 -7.04956054687500E-0003 
 3.99500000000000E+0002 -1.06811523437500E-0002 -3.63159179687500E-0003 
