 0.00000000000000E+0000  3.08107299804688E+0001 -3.53225708007813E+0000 
 5.00000000000000E-0001  3.67658691406250E+0001 -4.51208496093750E+0000 
 1.00000000000000E+0000  3.98143615722656E+0001 -5.26846313476563E+0000 
 1.50000000000000E+0000  4.01087036132813E+0001 -5.73785400390625E+0000 
 2.00000000000000E+0000  3.96852722167969E+0001 -6.02246093750000E+0000 
 2.50000000000000E+0000  3.91129455566406E+0001 -6.15155029296875E+0000 
 3.00000000000000E+0000  3.84077148437500E+0001 -6.17559814453125E+0000 
 3.50000000000000E+0000  3.75743103027344E+0001 -6.14453125000000E+0000 
 4.00000000000000E+0000  3.66865844726563E+0001 -6.09863281250000E+0000 
 4.50000000000000E+0000  3.58154602050781E+0001 -6.08102416992188E+0000 
 5.00000000000000E+0000  3.49682617187500E+0001 -6.10687255859375E+0000 
 5.50000000000000E+0000  3.41340637207031E+0001 -6.13195800781250E+0000 
 6.00000000000000E+0000  3.33314819335938E+0001 -6.10638427734375E+0000 
 6.50000000000000E+0000  3.25426940917969E+0001 -6.03350830078125E+0000 
 7.00000000000000E+0000  3.17211303710938E+0001 -5.91815185546875E+0000 
 7.50000000000000E+0000  3.08693847656250E+0001 -5.76535034179688E+0000 
 8.00000000000000E+0000  3.00010681152344E+0001 -5.61245727539063E+0000 
 8.50000000000000E+0000  2.90956115722656E+0001 -5.49588012695313E+0000 
 9.00000000000000E+0000  2.81385498046875E+0001 -5.42370605468750E+0000 
 9.50000000000000E+0000  2.71442260742188E+0001 -5.38546752929688E+0000 
 1.00000000000000E+0001  2.61171875000000E+0001 -5.37954711914063E+0000 
 1.05000000000000E+0001  2.50352478027344E+0001 -5.38946533203125E+0000 
 1.10000000000000E+0001  2.39122009277344E+0001 -5.37854003906250E+0000 
 1.15000000000000E+0001  2.27840270996094E+0001 -5.33111572265625E+0000 
 1.20000000000000E+0001  2.16574707031250E+0001 -5.24755859375000E+0000 
 1.25000000000000E+0001  2.05353088378906E+0001 -5.12344360351563E+0000 
 1.30000000000000E+0001  1.94451599121094E+0001 -4.95809936523438E+0000 
 1.35000000000000E+0001  1.84049682617188E+0001 -4.75921630859375E+0000 
 1.40000000000000E+0001  1.74081726074219E+0001 -4.53921508789063E+0000 
 1.45000000000000E+0001  1.64497680664063E+0001 -4.31051635742188E+0000 
 1.50000000000000E+0001  1.55307006835937E+0001 -4.08328247070313E+0000 
 1.55000000000000E+0001  1.46434020996093E+0001 -3.86395263671875E+0000 
 1.60000000000000E+0001  1.37825927734375E+0001 -3.66555786132813E+0000 
 1.65000000000000E+0001  1.29528503417968E+0001 -3.49533081054688E+0000 
 1.70000000000000E+0001  1.21528015136718E+0001 -3.34240722656250E+0000 
 1.75000000000000E+0001  1.13770751953125E+0001 -3.18383789062500E+0000 
 1.80000000000000E+0001  1.06322631835937E+0001 -3.01641845703125E+0000 
 1.85000000000000E+0001  9.91857910156250E+0000 -2.84826660156250E+0000 
 1.90000000000000E+0001  9.21383666992188E+0000 -2.67010498046875E+0000 
 1.95000000000000E+0001  8.50500488281250E+0000 -2.47518920898438E+0000 
 2.00000000000000E+0001  7.80081176757813E+0000 -2.27947998046875E+0000 
 2.05000000000000E+0001  7.11596679687500E+0000 -2.09466552734375E+0000 
 2.10000000000000E+0001  6.46136474609375E+0000 -1.91915893554688E+0000 
 2.15000000000000E+0001  5.85430908203125E+0000 -1.75509643554688E+0000 
 2.20000000000000E+0001  5.31530761718750E+0000 -1.61022949218750E+0000 
 2.25000000000000E+0001  4.84182739257813E+0000 -1.47656250000000E+0000 
 2.30000000000000E+0001  4.42053222656250E+0000 -1.33413696289063E+0000 
 2.35000000000000E+0001  4.04299926757813E+0000 -1.18893432617188E+0000 
 2.40000000000000E+0001  3.69509887695313E+0000 -1.05169677734375E+0000 
 2.45000000000000E+0001  3.37060546875000E+0000 -9.17114257812500E-0001 
 2.50000000000000E+0001  3.07128906250000E+0000 -7.89062500000000E-0001 
 2.55000000000000E+0001  2.79739379882813E+0000 -6.83410644531250E-0001 
 2.60000000000000E+0001  2.54702758789063E+0000 -6.06292724609375E-0001 
 2.65000000000000E+0001  2.31961059570313E+0000 -5.47912597656250E-0001 
 2.70000000000000E+0001  2.11816406250000E+0000 -4.96124267578125E-0001 
 2.75000000000000E+0001  1.94100952148438E+0000 -4.44549560546875E-0001 
 2.80000000000000E+0001  1.77746582031250E+0000 -3.89831542968750E-0001 
 2.85000000000000E+0001  1.62316894531250E+0000 -3.31939697265625E-0001 
 2.90000000000000E+0001  1.47955322265625E+0000 -2.79663085937500E-0001 
 2.95000000000000E+0001  1.34564208984375E+0000 -2.35015869140625E-0001 
 3.00000000000000E+0001  1.22085571289063E+0000 -1.97845458984375E-0001 
 3.05000000000000E+0001  1.10522460937500E+0000 -1.71417236328125E-0001 
 3.10000000000000E+0001  1.00192260742188E+0000 -1.46575927734375E-0001 
 3.15000000000000E+0001  9.20288085937500E-0001 -1.09985351562500E-0001 
 3.20000000000000E+0001  8.67279052734375E-0001 -6.12182617187500E-0002 
 3.25000000000000E+0001  8.42346191406250E-0001 -3.47900390625000E-0003 
 3.30000000000000E+0001  8.38348388671875E-0001  6.22558593750000E-0002 
 3.35000000000000E+0001  8.48022460937500E-0001  1.32629394531250E-0001 
 3.40000000000000E+0001  8.70819091796875E-0001  1.95587158203125E-0001 
 3.45000000000000E+0001  9.04815673828125E-0001  2.39807128906250E-0001 
 3.50000000000000E+0001  9.45007324218750E-0001  2.64617919921875E-0001 
 3.55000000000000E+0001  9.88952636718750E-0001  2.70507812500000E-0001 
 3.60000000000000E+0001  1.03555297851563E+0000  2.57751464843750E-0001 
 3.65000000000000E+0001  1.08364868164063E+0000  2.31658935546875E-0001 
 3.70000000000000E+0001  1.13281250000000E+0000  1.97418212890625E-0001 
 3.75000000000000E+0001  1.17849731445313E+0000  1.59454345703125E-0001 
 3.80000000000000E+0001  1.21557617187500E+0000  1.23596191406250E-0001 
 3.85000000000000E+0001  1.24124145507813E+0000  9.55810546875000E-0002 
 3.90000000000000E+0001  1.25604248046875E+0000  7.80639648437500E-0002 
 3.95000000000000E+0001  1.26507568359375E+0000  6.79626464843750E-0002 
 4.00000000000000E+0001  1.26855468750000E+0000  6.53686523437500E-0002 
 4.05000000000000E+0001  1.26974487304688E+0000  7.56530761718750E-0002 
 4.10000000000000E+0001  1.27609252929688E+0000  9.70764160156250E-0002 
 4.15000000000000E+0001  1.29254150390625E+0000  1.19171142578125E-0001 
 4.20000000000000E+0001  1.31597900390625E+0000  1.35955810546875E-0001 
 4.25000000000000E+0001  1.34631347656250E+0000  1.49505615234375E-0001 
 4.30000000000000E+0001  1.39053344726563E+0000  1.58569335937500E-0001 
 4.35000000000000E+0001  1.44653320312500E+0000  1.58477783203125E-0001 
 4.40000000000000E+0001  1.50454711914063E+0000  1.50939941406250E-0001 
 4.45000000000000E+0001  1.56307983398438E+0000  1.39648437500000E-0001 
 4.50000000000000E+0001  1.62277221679688E+0000  1.23382568359375E-0001 
 4.55000000000000E+0001  1.67254638671875E+0000  9.98535156250000E-0002 
 4.60000000000000E+0001  1.70578002929688E+0000  7.32727050781250E-0002 
 4.65000000000000E+0001  1.72973632812500E+0000  4.73327636718750E-0002 
 4.70000000000000E+0001  1.75018310546875E+0000  2.29187011718750E-0002 
 4.75000000000000E+0001  1.76776123046875E+0000  3.23486328125000E-0003 
 4.80000000000000E+0001  1.78707885742188E+0000 -9.00268554687500E-0003 
 4.85000000000000E+0001  1.80987548828125E+0000 -1.38549804687500E-0002 
 4.90000000000000E+0001  1.83081054687500E+0000 -1.44348144531250E-0002 
 4.95000000000000E+0001  1.84051513671875E+0000 -1.48620605468750E-0002 
 5.00000000000000E+0001  1.83898925781250E+0000 -1.92260742187500E-0002 
 5.05000000000000E+0001  1.82617187500000E+0000 -2.68249511718750E-0002 
 5.10000000000000E+0001  1.80664062500000E+0000 -3.40576171875000E-0002 
 5.15000000000000E+0001  1.79013061523438E+0000 -4.30908203125000E-0002 
 5.20000000000000E+0001  1.78118896484375E+0000 -5.58776855468750E-0002 
 5.25000000000000E+0001  1.77926635742188E+0000 -6.86950683593750E-0002 
 5.30000000000000E+0001  1.78015136718750E+0000 -7.98339843750000E-0002 
 5.35000000000000E+0001  1.78079223632813E+0000 -9.05151367187500E-0002 
 5.40000000000000E+0001  1.78024291992188E+0000 -1.03271484375000E-0001 
 5.45000000000000E+0001  1.77416992187500E+0000 -1.15844726562500E-0001 
 5.50000000000000E+0001  1.76538085937500E+0000 -1.23535156250000E-0001 
 5.55000000000000E+0001  1.75933837890625E+0000 -1.25610351562500E-0001 
 5.60000000000000E+0001  1.75653076171875E+0000 -1.21307373046875E-0001 
 5.65000000000000E+0001  1.75579833984375E+0000 -1.13525390625000E-0001 
 5.70000000000000E+0001  1.75228881835938E+0000 -1.03424072265625E-0001 
 5.75000000000000E+0001  1.74597167968750E+0000 -8.91723632812500E-0002 
 5.80000000000000E+0001  1.74002075195313E+0000 -7.51342773437500E-0002 
 5.85000000000000E+0001  1.73254394531250E+0000 -6.61621093750000E-0002 
 5.90000000000000E+0001  1.72164916992188E+0000 -6.17980957031250E-0002 
 5.95000000000000E+0001  1.70925903320313E+0000 -5.95092773437500E-0002 
 6.00000000000000E+0001  1.69354248046875E+0000 -5.83801269531250E-0002 
 6.05000000000000E+0001  1.67459106445313E+0000 -5.35888671875000E-0002 
 6.10000000000000E+0001  1.65692138671875E+0000 -4.23889160156250E-0002 
 6.15000000000000E+0001  1.64508056640625E+0000 -2.83508300781250E-0002 
 6.20000000000000E+0001  1.63629150390625E+0000 -1.77612304687500E-0002 
 6.25000000000000E+0001  1.62573242187500E+0000 -1.00402832031250E-0002 
 6.30000000000000E+0001  1.61611938476563E+0000 -2.59399414062500E-0003 
 6.35000000000000E+0001  1.60647583007813E+0000 -3.81469726562500E-0003 
 6.40000000000000E+0001  1.58773803710938E+0000 -1.71508789062500E-0002 
 6.45000000000000E+0001  1.56069946289063E+0000 -3.41796875000000E-0002 
 6.50000000000000E+0001  1.53610229492188E+0000 -4.77905273437500E-0002 
 6.55000000000000E+0001  1.51873779296875E+0000 -5.84716796875000E-0002 
 6.60000000000000E+0001  1.50604248046875E+0000 -6.56738281250000E-0002 
 6.65000000000000E+0001  1.49243164062500E+0000 -6.66809082031250E-0002 
 6.70000000000000E+0001  1.47885131835938E+0000 -5.81359863281250E-0002 
 6.75000000000000E+0001  1.46478271484375E+0000 -4.01000976562500E-0002 
 6.80000000000000E+0001  1.44882202148438E+0000 -1.57165527343750E-0002 
 6.85000000000000E+0001  1.43194580078125E+0000  6.92749023437500E-0003 
 6.90000000000000E+0001  1.41726684570313E+0000  2.21557617187500E-0002 
 6.95000000000000E+0001  1.40963745117188E+0000  2.82897949218750E-0002 
 7.00000000000000E+0001  1.40625000000000E+0000  2.47192382812500E-0002 
 7.05000000000000E+0001  1.40142822265625E+0000  1.25122070312500E-0002 
 7.10000000000000E+0001  1.39828491210938E+0000 -5.85937500000000E-0003 
 7.15000000000000E+0001  1.39505004882813E+0000 -2.42919921875000E-0002 
 7.20000000000000E+0001  1.38659667968750E+0000 -3.74450683593750E-0002 
 7.25000000000000E+0001  1.37145996093750E+0000 -4.16564941406250E-0002 
 7.30000000000000E+0001  1.35714721679688E+0000 -4.15344238281250E-0002 
 7.35000000000000E+0001  1.34832763671875E+0000 -4.31823730468750E-0002 
 7.40000000000000E+0001  1.34252929687500E+0000 -4.43725585937500E-0002 
 7.45000000000000E+0001  1.33694458007813E+0000 -4.51049804687500E-0002 
 7.50000000000000E+0001  1.33200073242188E+0000 -4.83703613281250E-0002 
 7.55000000000000E+0001  1.33078002929688E+0000 -5.49316406250000E-0002 
 7.60000000000000E+0001  1.33026123046875E+0000 -6.10046386718750E-0002 
 7.65000000000000E+0001  1.32653808593750E+0000 -6.29272460937500E-0002 
 7.70000000000000E+0001  1.31942749023438E+0000 -6.10351562500000E-0002 
 7.75000000000000E+0001  1.31399536132813E+0000 -5.53894042968750E-0002 
 7.80000000000000E+0001  1.31393432617188E+0000 -4.77600097656250E-0002 
 7.85000000000000E+0001  1.31692504882813E+0000 -3.90930175781250E-0002 
 7.90000000000000E+0001  1.31924438476563E+0000 -2.85644531250000E-0002 
 7.95000000000000E+0001  1.32278442382813E+0000 -1.92260742187500E-0002 
 8.00000000000000E+0001  1.32678222656250E+0000 -1.53198242187500E-0002 
 8.05000000000000E+0001  1.32702636718750E+0000 -1.47094726562500E-0002 
 8.10000000000000E+0001  1.32049560546875E+0000 -1.09252929687500E-0002 
 8.15000000000000E+0001  1.30957031250000E+0000 -3.60107421875000E-0003 
 8.20000000000000E+0001  1.29620361328125E+0000  5.18798828125000E-0003 
 8.25000000000000E+0001  1.28408813476563E+0000  1.13830566406250E-0002 
 8.30000000000000E+0001  1.27706909179688E+0000  1.47399902343750E-0002 
 8.35000000000000E+0001  1.27566528320313E+0000  1.67846679687500E-0002 
 8.40000000000000E+0001  1.28179931640625E+0000  1.84020996093750E-0002 
 8.45000000000000E+0001  1.29571533203125E+0000  1.38854980468750E-0002 
 8.50000000000000E+0001  1.30895996093750E+0000  4.18090820312500E-0003 
 8.55000000000000E+0001  1.31573486328125E+0000  1.00708007812500E-0003 
 8.60000000000000E+0001  1.31622314453125E+0000  5.40161132812500E-0003 
 8.65000000000000E+0001  1.31030273437500E+0000  8.42285156250000E-0003 
 8.70000000000000E+0001  1.29782104492188E+0000  8.11767578125000E-0003 
 8.75000000000000E+0001  1.27993774414063E+0000  1.05590820312500E-0002 
 8.80000000000000E+0001  1.26647949218750E+0000  1.52587890625000E-0002 
 8.85000000000000E+0001  1.26144409179688E+0000  1.68762207031250E-0002 
 8.90000000000000E+0001  1.26074218750000E+0000  1.66931152343750E-0002 
 8.95000000000000E+0001  1.26190185546875E+0000  1.75476074218750E-0002 
 9.00000000000000E+0001  1.26461791992188E+0000  1.72729492187500E-0002 
 9.05000000000000E+0001  1.26718139648438E+0000  1.58386230468750E-0002 
 9.10000000000000E+0001  1.26660156250000E+0000  1.52282714843750E-0002 
 9.15000000000000E+0001  1.26190185546875E+0000  1.78527832031250E-0002 
 9.20000000000000E+0001  1.26037597656250E+0000  1.97448730468750E-0002 
 9.25000000000000E+0001  1.26095581054688E+0000  1.91345214843750E-0002 
 9.30000000000000E+0001  1.26074218750000E+0000  1.94396972656250E-0002 
 9.35000000000000E+0001  1.25982666015625E+0000  2.03552246093750E-0002 
 9.40000000000000E+0001  1.26025390625000E+0000  1.76086425781250E-0002 
 9.45000000000000E+0001  1.25933837890625E+0000  1.01318359375000E-0002 
 9.50000000000000E+0001  1.25268554687500E+0000  2.68554687500000E-0003 
 9.55000000000000E+0001  1.24432373046875E+0000  1.19018554687500E-0003 
 9.60000000000000E+0001  1.23947143554688E+0000  4.08935546875000E-0003 
 9.65000000000000E+0001  1.23568725585938E+0000  7.93457031250000E-0003 
 9.70000000000000E+0001  1.23150634765625E+0000  1.23901367187500E-0002 
 9.75000000000000E+0001  1.22879028320313E+0000  1.55944824218750E-0002 
 9.80000000000000E+0001  1.22882080078125E+0000  1.55944824218750E-0002 
 9.85000000000000E+0001  1.22961425781250E+0000  1.27258300781250E-0002 
 9.90000000000000E+0001  1.23086547851563E+0000  6.22558593750000E-0003 
 9.95000000000000E+0001  1.23275756835938E+0000 -2.50244140625000E-0003 
 1.00000000000000E+0002  1.23263549804688E+0000 -9.30786132812500E-0003 
 1.00500000000000E+0002  1.23236083984375E+0000 -9.27734375000000E-0003 
 1.01000000000000E+0002  1.23400878906250E+0000 -7.26318359375000E-0003 
 1.01500000000000E+0002  1.23254394531250E+0000 -1.02844238281250E-0002 
 1.02000000000000E+0002  1.22369384765625E+0000 -1.59912109375000E-0002 
 1.02500000000000E+0002  1.21154785156250E+0000 -1.84936523437500E-0002 
 1.03000000000000E+0002  1.20028686523438E+0000 -2.00805664062500E-0002 
 1.03500000000000E+0002  1.18783569335938E+0000 -2.58789062500000E-0002 
 1.04000000000000E+0002  1.17184448242188E+0000 -2.93579101562500E-0002 
 1.04500000000000E+0002  1.15835571289063E+0000 -2.53906250000000E-0002 
 1.05000000000000E+0002  1.15097045898438E+0000 -2.05078125000000E-0002 
 1.05500000000000E+0002  1.14587402343750E+0000 -1.89514160156250E-0002 
 1.06000000000000E+0002  1.13973999023438E+0000 -1.79138183593750E-0002 
 1.06500000000000E+0002  1.13241577148438E+0000 -1.24816894531250E-0002 
 1.07000000000000E+0002  1.12954711914063E+0000 -3.54003906250000E-0003 
 1.07500000000000E+0002  1.13293457031250E+0000  1.80053710937500E-0003 
 1.08000000000000E+0002  1.13610839843750E+0000  3.47900390625000E-0003 
 1.08500000000000E+0002  1.13873291015625E+0000  3.38745117187500E-0003 
 1.09000000000000E+0002  1.14312744140625E+0000  2.04467773437500E-0003 
 1.09500000000000E+0002  1.14739990234375E+0000 -3.29589843750000E-0003 
 1.10000000000000E+0002  1.14431762695313E+0000 -1.28784179687500E-0002 
 1.10500000000000E+0002  1.13400268554688E+0000 -2.06604003906250E-0002 
 1.11000000000000E+0002  1.12039184570313E+0000 -1.87377929687500E-0002 
 1.11500000000000E+0002  1.10873413085938E+0000 -6.13403320312500E-0003 
 1.12000000000000E+0002  1.10122680664063E+0000  6.43920898437500E-0003 
 1.12500000000000E+0002  1.09933471679688E+0000  1.43432617187500E-0002 
 1.13000000000000E+0002  1.10034179687500E+0000  2.22778320312500E-0002 
 1.13500000000000E+0002  1.10363769531250E+0000  3.12805175781250E-0002 
 1.14000000000000E+0002  1.10958862304688E+0000  3.26538085937500E-0002 
 1.14500000000000E+0002  1.11303710937500E+0000  2.46887207031250E-0002 
 1.15000000000000E+0002  1.10848999023438E+0000  1.73339843750000E-0002 
 1.15500000000000E+0002  1.10165405273438E+0000  1.46179199218750E-0002 
 1.16000000000000E+0002  1.10040283203125E+0000  1.01928710937500E-0002 
 1.16500000000000E+0002  1.10183715820313E+0000  1.80053710937500E-0003 
 1.17000000000000E+0002  1.10192871093750E+0000 -2.71606445312500E-0003 
 1.17500000000000E+0002  1.10073852539063E+0000 -4.36401367187500E-0003 
 1.18000000000000E+0002  1.09909057617188E+0000 -6.10351562500000E-0003 
 1.18500000000000E+0002  1.09695434570313E+0000 -5.06591796875000E-0003 
 1.19000000000000E+0002  1.09338378906250E+0000  6.40869140625000E-0004 
 1.19500000000000E+0002  1.08807373046875E+0000  8.63647460937500E-0003 
 1.20000000000000E+0002  1.08389282226563E+0000  1.22070312500000E-0002 
 1.20500000000000E+0002  1.08078002929688E+0000  1.10473632812500E-0002 
 1.21000000000000E+0002  1.07901000976563E+0000  6.43920898437500E-0003 
 1.21500000000000E+0002  1.07635498046875E+0000 -3.14331054687500E-0003 
 1.22000000000000E+0002  1.07015991210938E+0000 -1.52587890625000E-0002 
 1.22500000000000E+0002  1.06344604492188E+0000 -2.62451171875000E-0002 
 1.23000000000000E+0002  1.05831909179688E+0000 -3.33557128906250E-0002 
 1.23500000000000E+0002  1.05297851562500E+0000 -3.41491699218750E-0002 
 1.24000000000000E+0002  1.04782104492188E+0000 -2.74658203125000E-0002 
 1.24500000000000E+0002  1.04431152343750E+0000 -1.76086425781250E-0002 
 1.25000000000000E+0002  1.04092407226563E+0000 -8.85009765625000E-0003 
 1.25500000000000E+0002  1.03762817382813E+0000 -1.09863281250000E-0003 
 1.26000000000000E+0002  1.03439331054688E+0000  2.74658203125000E-0003 
 1.26500000000000E+0002  1.03067016601563E+0000  4.57763671875000E-0004 
 1.27000000000000E+0002  1.02206420898438E+0000 -4.21142578125000E-0003 
 1.27500000000000E+0002  1.01177978515625E+0000 -3.99780273437500E-0003 
 1.28000000000000E+0002  1.00985717773438E+0000  6.71386718750000E-0004 
 1.28500000000000E+0002  1.01776123046875E+0000  1.92260742187500E-0003 
 1.29000000000000E+0002  1.02862548828125E+0000 -1.80053710937500E-0003 
 1.29500000000000E+0002  1.03997802734375E+0000 -5.24902343750000E-0003 
 1.30000000000000E+0002  1.05166625976563E+0000 -5.76782226562500E-0003 
 1.30500000000000E+0002  1.06072998046875E+0000 -7.08007812500000E-0003 
 1.31000000000000E+0002  1.05975341796875E+0000 -9.00268554687500E-0003 
 1.31500000000000E+0002  1.04678344726563E+0000 -6.62231445312500E-0003 
 1.32000000000000E+0002  1.02914428710938E+0000  1.03759765625000E-0003 
 1.32500000000000E+0002  1.01376342773438E+0000  1.02539062500000E-0002 
 1.33000000000000E+0002  1.00332641601563E+0000  1.57470703125000E-0002 
 1.33500000000000E+0002  9.94689941406250E-0001  2.08435058593750E-0002 
 1.34000000000000E+0002  9.89837646484375E-0001  2.82897949218750E-0002 
 1.34500000000000E+0002  9.90356445312500E-0001  3.25927734375000E-0002 
 1.35000000000000E+0002  9.91821289062500E-0001  3.17687988281250E-0002 
 1.35500000000000E+0002  9.89074707031250E-0001  2.63061523437500E-0002 
 1.36000000000000E+0002  9.81658935546875E-0001  1.50146484375000E-0002 
 1.36500000000000E+0002  9.74151611328125E-0001 -2.56347656250000E-0003 
 1.37000000000000E+0002  9.68261718750000E-0001 -1.98059082031250E-0002 
 1.37500000000000E+0002  9.66430664062500E-0001 -2.67639160156250E-0002 
 1.38000000000000E+0002  9.70825195312500E-0001 -2.61840820312500E-0002 
 1.38500000000000E+0002  9.80682373046875E-0001 -2.23083496093750E-0002 
 1.39000000000000E+0002  9.91149902343750E-0001 -1.53503417968750E-0002 
 1.39500000000000E+0002  9.97161865234375E-0001 -7.26318359375000E-0003 
 1.40000000000000E+0002  9.97467041015625E-0001 -3.05175781250000E-0004 
 1.40500000000000E+0002  9.94873046875000E-0001  4.57763671875000E-0003 
 1.41000000000000E+0002  9.91943359375000E-0001  8.72802734375000E-0003 
 1.41500000000000E+0002  9.87304687500000E-0001  1.34887695312500E-0002 
 1.42000000000000E+0002  9.83215332031250E-0001  2.00500488281250E-0002 
 1.42500000000000E+0002  9.81933593750000E-0001  2.80456542968750E-0002 
 1.43000000000000E+0002  9.81231689453125E-0001  3.52172851562500E-0002 
 1.43500000000000E+0002  9.79034423828125E-0001  3.85437011718750E-0002 
 1.44000000000000E+0002  9.74395751953125E-0001  3.62548828125000E-0002 
 1.44500000000000E+0002  9.69512939453125E-0001  3.03344726562500E-0002 
 1.45000000000000E+0002  9.65332031250000E-0001  2.39257812500000E-0002 
 1.45500000000000E+0002  9.61975097656250E-0001  1.95312500000000E-0002 
 1.46000000000000E+0002  9.60449218750000E-0001  1.25122070312500E-0002 
 1.46500000000000E+0002  9.55444335937500E-0001  5.61523437500000E-0003 
 1.47000000000000E+0002  9.51843261718750E-0001  7.17163085937500E-0003 
 1.47500000000000E+0002  9.54772949218750E-0001  1.43432617187500E-0002 
 1.48000000000000E+0002  9.63073730468750E-0001  1.81579589843750E-0002 
 1.48500000000000E+0002  9.69299316406250E-0001  1.64489746093750E-0002 
 1.49000000000000E+0002  9.68139648437500E-0001  1.53503417968750E-0002 
 1.49500000000000E+0002  9.64691162109375E-0001  1.55944824218750E-0002 
 1.50000000000000E+0002  9.57366943359375E-0001  1.15356445312500E-0002 
 1.50500000000000E+0002  9.44213867187500E-0001  9.42993164062500E-0003 
 1.51000000000000E+0002  9.30053710937500E-0001  1.28173828125000E-0002 
 1.51500000000000E+0002  9.18609619140625E-0001  1.98669433593750E-0002 
 1.52000000000000E+0002  9.09820556640625E-0001  2.72521972656250E-0002 
 1.52500000000000E+0002  9.01763916015625E-0001  3.54003906250000E-0002 
 1.53000000000000E+0002  8.93646240234375E-0001  4.31213378906250E-0002 
 1.53500000000000E+0002  8.85589599609375E-0001  4.53796386718750E-0002 
 1.54000000000000E+0002  8.77502441406250E-0001  4.19921875000000E-0002 
 1.54500000000000E+0002  8.69415283203125E-0001  3.59191894531250E-0002 
 1.55000000000000E+0002  8.63433837890625E-0001  2.83203125000000E-0002 
 1.55500000000000E+0002  8.61297607421875E-0001  2.24609375000000E-0002 
 1.56000000000000E+0002  8.65570068359375E-0001  1.94091796875000E-0002 
 1.56500000000000E+0002  8.71520996093750E-0001  1.83715820312500E-0002 
 1.57000000000000E+0002  8.72711181640625E-0001  2.07214355468750E-0002 
 1.57500000000000E+0002  8.69018554687500E-0001  2.81066894531250E-0002 
 1.58000000000000E+0002  8.65356445312500E-0001  3.59802246093750E-0002 
 1.58500000000000E+0002  8.65203857421875E-0001  3.78112792968750E-0002 
 1.59000000000000E+0002  8.64166259765625E-0001  3.53698730468750E-0002 
 1.59500000000000E+0002  8.61145019531250E-0001  3.28979492187500E-0002 
 1.60000000000000E+0002  8.61541748046875E-0001  3.00292968750000E-0002 
 1.60500000000000E+0002  8.69110107421875E-0001  2.57873535156250E-0002 
 1.61000000000000E+0002  8.77075195312500E-0001  2.34985351562500E-0002 
 1.61500000000000E+0002  8.79241943359375E-0001  2.62145996093750E-0002 
 1.62000000000000E+0002  8.78356933593750E-0001  3.08837890625000E-0002 
 1.62500000000000E+0002  8.79394531250000E-0001  3.28063964843750E-0002 
 1.63000000000000E+0002  8.80737304687500E-0001  3.09753417968750E-0002 
 1.63500000000000E+0002  8.78234863281250E-0001  2.44445800781250E-0002 
 1.64000000000000E+0002  8.71520996093750E-0001  1.37939453125000E-0002 
 1.64500000000000E+0002  8.65051269531250E-0001  2.13623046875000E-0003 
 1.65000000000000E+0002  8.56750488281250E-0001 -6.89697265625000E-0003 
 1.65500000000000E+0002  8.45977783203125E-0001 -9.27734375000000E-0003 
 1.66000000000000E+0002  8.34259033203125E-0001 -6.83593750000000E-0003 
 1.66500000000000E+0002  8.27423095703125E-0001 -1.22070312500000E-0004 
 1.67000000000000E+0002  8.29986572265625E-0001  5.12695312500000E-0003 
 1.67500000000000E+0002  8.35174560546875E-0001  4.15039062500000E-0003 
 1.68000000000000E+0002  8.38378906250000E-0001 -2.04467773437500E-0003 
 1.68500000000000E+0002  8.40881347656250E-0001 -9.15527343750000E-0003 
 1.69000000000000E+0002  8.45367431640625E-0001 -1.61743164062500E-0002 
 1.69500000000000E+0002  8.49304199218750E-0001 -1.98669433593750E-0002 
 1.70000000000000E+0002  8.46405029296875E-0001 -1.51367187500000E-0002 
 1.70500000000000E+0002  8.40118408203125E-0001 -3.63159179687500E-0003 
 1.71000000000000E+0002  8.35052490234375E-0001  4.60815429687500E-0003 
 1.71500000000000E+0002  8.32183837890625E-0001  6.22558593750000E-0003 
 1.72000000000000E+0002  8.28308105468750E-0001  3.17382812500000E-0003 
 1.72500000000000E+0002  8.22418212890625E-0001 -3.69262695312500E-0003 
 1.73000000000000E+0002  8.18145751953125E-0001 -1.28173828125000E-0002 
 1.73500000000000E+0002  8.17565917968750E-0001 -2.43225097656250E-0002 
 1.74000000000000E+0002  8.18359375000000E-0001 -3.64990234375000E-0002 
 1.74500000000000E+0002  8.17169189453125E-0001 -4.55322265625000E-0002 
 1.75000000000000E+0002  8.13171386718750E-0001 -4.86755371093750E-0002 
 1.75500000000000E+0002  8.08105468750000E-0001 -4.70581054687500E-0002 
 1.76000000000000E+0002  8.03497314453125E-0001 -4.39453125000000E-0002 
 1.76500000000000E+0002  7.98431396484375E-0001 -4.19921875000000E-0002 
 1.77000000000000E+0002  7.93609619140625E-0001 -3.83605957031250E-0002 
 1.77500000000000E+0002  7.89764404296875E-0001 -3.21960449218750E-0002 
 1.78000000000000E+0002  7.87658691406250E-0001 -2.73132324218750E-0002 
 1.78500000000000E+0002  7.85308837890625E-0001 -2.78320312500000E-0002 
 1.79000000000000E+0002  7.80059814453125E-0001 -2.92663574218750E-0002 
 1.79500000000000E+0002  7.74475097656250E-0001 -2.50244140625000E-0002 
 1.80000000000000E+0002  7.74780273437500E-0001 -1.88598632812500E-0002 
 1.80500000000000E+0002  7.80914306640625E-0001 -1.76086425781250E-0002 
 1.81000000000000E+0002  7.87658691406250E-0001 -1.91955566406250E-0002 
 1.81500000000000E+0002  7.90618896484375E-0001 -2.11791992187500E-0002 
 1.82000000000000E+0002  7.92358398437500E-0001 -2.29492187500000E-0002 
 1.82500000000000E+0002  7.93518066406250E-0001 -2.82897949218750E-0002 
 1.83000000000000E+0002  7.88543701171875E-0001 -3.20434570312500E-0002 
 1.83500000000000E+0002  7.77313232421875E-0001 -2.85949707031250E-0002 
 1.84000000000000E+0002  7.66662597656250E-0001 -2.06298828125000E-0002 
 1.84500000000000E+0002  7.58209228515625E-0001 -1.36718750000000E-0002 
 1.85000000000000E+0002  7.49877929687500E-0001 -7.72094726562500E-0003 
 1.85500000000000E+0002  7.41455078125000E-0001  1.67846679687500E-0003 
 1.86000000000000E+0002  7.35321044921875E-0001  1.17187500000000E-0002 
 1.86500000000000E+0002  7.32238769531250E-0001  1.73950195312500E-0002 
 1.87000000000000E+0002  7.33947753906250E-0001  2.27661132812500E-0002 
 1.87500000000000E+0002  7.41271972656250E-0001  2.71911621093750E-0002 
 1.88000000000000E+0002  7.46459960937500E-0001  2.63366699218750E-0002 
 1.88500000000000E+0002  7.46093750000000E-0001  2.12707519531250E-0002 
 1.89000000000000E+0002  7.41302490234375E-0001  1.16577148437500E-0002 
 1.89500000000000E+0002  7.35961914062500E-0001  2.19726562500000E-0003 
 1.90000000000000E+0002  7.33184814453125E-0001 -2.41088867187500E-0003 
 1.90500000000000E+0002  7.35656738281250E-0001 -2.07519531250000E-0003 
 1.91000000000000E+0002  7.46063232421875E-0001  2.25830078125000E-0003 
 1.91500000000000E+0002  7.61474609375000E-0001  1.02844238281250E-0002 
 1.92000000000000E+0002  7.77465820312500E-0001  2.16979980468750E-0002 
 1.92500000000000E+0002  7.89184570312500E-0001  3.03039550781250E-0002 
 1.93000000000000E+0002  7.89855957031250E-0001  3.08837890625000E-0002 
 1.93500000000000E+0002  7.80212402343750E-0001  2.90222167968750E-0002 
 1.94000000000000E+0002  7.65014648437500E-0001  2.81372070312500E-0002 
 1.94500000000000E+0002  7.49420166015625E-0001  2.54516601562500E-0002 
 1.95000000000000E+0002  7.37274169921875E-0001  1.85546875000000E-0002 
 1.95500000000000E+0002  7.28149414062500E-0001  1.38854980468750E-0002 
 1.96000000000000E+0002  7.22076416015625E-0001  1.55029296875000E-0002 
 1.96500000000000E+0002  7.17376708984375E-0001  1.84020996093750E-0002 
 1.97000000000000E+0002  7.12860107421875E-0001  1.69067382812500E-0002 
 1.97500000000000E+0002  7.05474853515625E-0001  1.07116699218750E-0002 
 1.98000000000000E+0002  6.94519042968750E-0001  4.79125976562500E-0003 
 1.98500000000000E+0002  6.86889648437500E-0001 -3.63159179687500E-0003 
 1.99000000000000E+0002  6.82891845703125E-0001 -1.67846679687500E-0002 
 1.99500000000000E+0002  6.80236816406250E-0001 -2.68859863281250E-0002 
 2.00000000000000E+0002  6.78527832031250E-0001 -3.00292968750000E-0002 
 2.00500000000000E+0002  6.79901123046875E-0001 -2.87780761718750E-0002 
 2.01000000000000E+0002  6.83624267578125E-0001 -2.61535644531250E-0002 
 2.01500000000000E+0002  6.86218261718750E-0001 -1.98669433593750E-0002 
 2.02000000000000E+0002  6.89483642578125E-0001 -1.27868652343750E-0002 
 2.02500000000000E+0002  6.96105957031250E-0001 -9.12475585937500E-0003 
 2.03000000000000E+0002  7.04833984375000E-0001 -6.83593750000000E-0003 
 2.03500000000000E+0002  7.12432861328125E-0001 -4.82177734375000E-0003 
 2.04000000000000E+0002  7.18353271484375E-0001 -4.73022460937500E-0003 
 2.04500000000000E+0002  7.21588134765625E-0001 -4.02832031250000E-0003 
 2.05000000000000E+0002  7.20642089843750E-0001 -4.57763671875000E-0004 
 2.05500000000000E+0002  7.13775634765625E-0001  1.40380859375000E-0003 
 2.06000000000000E+0002  6.98333740234375E-0001  1.64794921875000E-0003 
 2.06500000000000E+0002  6.77520751953125E-0001  5.58471679687500E-0003 
 2.07000000000000E+0002  6.58203125000000E-0001  1.08337402343750E-0002 
 2.07500000000000E+0002  6.43829345703125E-0001  9.85717773437500E-0003 
 2.08000000000000E+0002  6.34399414062500E-0001  5.24902343750000E-0003 
 2.08500000000000E+0002  6.31683349609375E-0001  6.16455078125000E-0003 
 2.09000000000000E+0002  6.39221191406250E-0001  1.26647949218750E-0002 
 2.09500000000000E+0002  6.53656005859375E-0001  1.61132812500000E-0002 
 2.10000000000000E+0002  6.65618896484375E-0001  1.59301757812500E-0002 
 2.10500000000000E+0002  6.71356201171875E-0001  1.81884765625000E-0002 
 2.11000000000000E+0002  6.77490234375000E-0001  2.04772949218750E-0002 
 2.11500000000000E+0002  6.82495117187500E-0001  1.50146484375000E-0002 
 2.12000000000000E+0002  6.81945800781250E-0001  3.84521484375000E-0003 
 2.12500000000000E+0002  6.77185058593750E-0001 -7.32421875000000E-0003 
 2.13000000000000E+0002  6.74621582031250E-0001 -1.43737792968750E-0002 
 2.13500000000000E+0002  6.74835205078125E-0001 -1.83410644531250E-0002 
 2.14000000000000E+0002  6.73400878906250E-0001 -1.91345214843750E-0002 
 2.14500000000000E+0002  6.71478271484375E-0001 -1.67236328125000E-0002 
 2.15000000000000E+0002  6.71478271484375E-0001 -1.51367187500000E-0002 
 2.15500000000000E+0002  6.71051025390625E-0001 -1.28784179687500E-0002 
 2.16000000000000E+0002  6.69586181640625E-0001 -8.27026367187500E-0003 
 2.16500000000000E+0002  6.66137695312500E-0001 -3.66210937500000E-0003 
 2.17000000000000E+0002  6.60430908203125E-0001 -3.35693359375000E-0004 
 2.17500000000000E+0002  6.55609130859375E-0001  4.42504882812500E-0003 
 2.18000000000000E+0002  6.55548095703125E-0001  1.24206542968750E-0002 
 2.18500000000000E+0002  6.57653808593750E-0001  1.76086425781250E-0002 
 2.19000000000000E+0002  6.55456542968750E-0001  1.44042968750000E-0002 
 2.19500000000000E+0002  6.49200439453125E-0001  5.85937500000000E-0003 
 2.20000000000000E+0002  6.42761230468750E-0001 -4.11987304687500E-0003 
 2.20500000000000E+0002  6.33056640625000E-0001 -1.48925781250000E-0002 
 2.21000000000000E+0002  6.18804931640625E-0001 -2.24914550781250E-0002 
 2.21500000000000E+0002  6.06628417968750E-0001 -2.24304199218750E-0002 
 2.22000000000000E+0002  6.02783203125000E-0001 -1.69372558593750E-0002 
 2.22500000000000E+0002  6.04675292968750E-0001 -1.30004882812500E-0002 
 2.23000000000000E+0002  6.02813720703125E-0001 -1.18713378906250E-0002 
 2.23500000000000E+0002  5.96557617187500E-0001 -1.19323730468750E-0002 
 2.24000000000000E+0002  5.90637207031250E-0001 -1.48010253906250E-0002 
 2.24500000000000E+0002  5.85357666015625E-0001 -1.80969238281250E-0002 
 2.25000000000000E+0002  5.82061767578125E-0001 -1.70288085937500E-0002 
 2.25500000000000E+0002  5.81512451171875E-0001 -1.21765136718750E-0002 
 2.26000000000000E+0002  5.84655761718750E-0001 -4.97436523437500E-0003 
 2.26500000000000E+0002  5.93719482421875E-0001  3.47900390625000E-0003 
 2.27000000000000E+0002  6.05926513671875E-0001  6.80541992187500E-0003 
 2.27500000000000E+0002  6.12640380859375E-0001  3.05175781250000E-0003 
 2.28000000000000E+0002  6.11083984375000E-0001 -3.69262695312500E-0003 
 2.28500000000000E+0002  6.06597900390625E-0001 -9.33837890625000E-0003 
 2.29000000000000E+0002  6.00921630859375E-0001 -1.57775878906250E-0002 
 2.29500000000000E+0002  5.89965820312500E-0001 -2.04772949218750E-0002 
 2.30000000000000E+0002  5.74584960937500E-0001 -1.74255371093750E-0002 
 2.30500000000000E+0002  5.63415527343750E-0001 -6.80541992187500E-0003 
 2.31000000000000E+0002  5.61462402343750E-0001  7.99560546875000E-0003 
 2.31500000000000E+0002  5.62164306640625E-0001  2.27050781250000E-0002 
 2.32000000000000E+0002  5.63598632812500E-0001  3.81774902343750E-0002 
 2.32500000000000E+0002  5.72235107421875E-0001  5.32226562500000E-0002 
 2.33000000000000E+0002  5.88287353515625E-0001  6.06689453125000E-0002 
 2.33500000000000E+0002  6.02081298828125E-0001  5.76171875000000E-0002 
 2.34000000000000E+0002  6.09130859375000E-0001  4.94079589843750E-0002 
 2.34500000000000E+0002  6.13220214843750E-0001  4.00695800781250E-0002 
 2.35000000000000E+0002  6.15173339843750E-0001  2.84729003906250E-0002 
 2.35500000000000E+0002  6.08459472656250E-0001  1.63269042968750E-0002 
 2.36000000000000E+0002  5.93322753906250E-0001  9.24682617187500E-0003 
 2.36500000000000E+0002  5.77087402343750E-0001  7.14111328125000E-0003 
 2.37000000000000E+0002  5.64239501953125E-0001  6.77490234375000E-0003 
 2.37500000000000E+0002  5.51818847656250E-0001  3.29589843750000E-0003 
 2.38000000000000E+0002  5.39978027343750E-0001 -2.28881835937500E-0003 
 2.38500000000000E+0002  5.30975341796875E-0001 -7.69042968750000E-0003 
 2.39000000000000E+0002  5.27130126953125E-0001 -7.08007812500000E-0003 
 2.39500000000000E+0002  5.29144287109375E-0001 -1.95312500000000E-0003 
 2.40000000000000E+0002  5.36926269531250E-0001  3.08227539062500E-0003 
 2.40500000000000E+0002  5.53283691406250E-0001  7.56835937500000E-0003 
 2.41000000000000E+0002  5.77087402343750E-0001  8.30078125000000E-0003 
 2.41500000000000E+0002  5.99060058593750E-0001  3.81469726562500E-0003 
 2.42000000000000E+0002  6.14349365234375E-0001 -5.09643554687500E-0003 
 2.42500000000000E+0002  6.21887207031250E-0001 -1.51672363281250E-0002 
 2.43000000000000E+0002  6.20330810546875E-0001 -2.38952636718750E-0002 
 2.43500000000000E+0002  6.10290527343750E-0001 -2.78625488281250E-0002 
 2.44000000000000E+0002  5.95703125000000E-0001 -2.39868164062500E-0002 
 2.44500000000000E+0002  5.82550048828125E-0001 -1.38549804687500E-0002 
 2.45000000000000E+0002  5.73089599609375E-0001 -3.50952148437500E-0003 
 2.45500000000000E+0002  5.68847656250000E-0001  4.36401367187500E-0003 
 2.46000000000000E+0002  5.71868896484375E-0001  1.01623535156250E-0002 
 2.46500000000000E+0002  5.76019287109375E-0001  1.40686035156250E-0002 
 2.47000000000000E+0002  5.76446533203125E-0001  1.60522460937500E-0002 
 2.47500000000000E+0002  5.76141357421875E-0001  1.51977539062500E-0002 
 2.48000000000000E+0002  5.76354980468750E-0001  1.10168457031250E-0002 
 2.48500000000000E+0002  5.70434570312500E-0001  6.13403320312500E-0003 
 2.49000000000000E+0002  5.57220458984375E-0001  5.79833984375000E-0003 
 2.49500000000000E+0002  5.46325683593750E-0001  8.60595703125000E-0003 
 2.50000000000000E+0002  5.40405273437500E-0001  4.18090820312500E-0003 
 2.50500000000000E+0002  5.32348632812500E-0001 -3.99780273437500E-0003 
 2.51000000000000E+0002  5.20629882812500E-0001 -6.74438476562500E-0003 
 2.51500000000000E+0002  5.13641357421875E-0001 -5.49316406250000E-0003 
 2.52000000000000E+0002  5.11199951171875E-0001 -1.03454589843750E-0002 
 2.52500000000000E+0002  5.07904052734375E-0001 -1.68151855468750E-0002 
 2.53000000000000E+0002  5.03936767578125E-0001 -1.76696777343750E-0002 
 2.53500000000000E+0002  5.01953125000000E-0001 -1.50756835937500E-0002 
 2.54000000000000E+0002  5.02105712890625E-0001 -1.34277343750000E-0002 
 2.54500000000000E+0002  5.00762939453125E-0001 -1.02539062500000E-0002 
 2.55000000000000E+0002  4.98870849609375E-0001 -3.35693359375000E-0003 
 2.55500000000000E+0002  4.97406005859375E-0001  7.01904296875000E-0004 
 2.56000000000000E+0002  4.98657226562500E-0001 -6.10351562500000E-0005 
 2.56500000000000E+0002  5.07019042968750E-0001 -4.33349609375000E-0003 
 2.57000000000000E+0002  5.17272949218750E-0001 -1.13525390625000E-0002 
 2.57500000000000E+0002  5.24169921875000E-0001 -1.66625976562500E-0002 
 2.58000000000000E+0002  5.26672363281250E-0001 -1.63574218750000E-0002 
 2.58500000000000E+0002  5.23345947265625E-0001 -9.03320312500000E-0003 
 2.59000000000000E+0002  5.12390136718750E-0001  1.64794921875000E-0003 
 2.59500000000000E+0002  4.94873046875000E-0001  1.07727050781250E-0002 
 2.60000000000000E+0002  4.76837158203125E-0001  1.81884765625000E-0002 
 2.60500000000000E+0002  4.68231201171875E-0001  2.41699218750000E-0002 
 2.61000000000000E+0002  4.72015380859375E-0001  2.68859863281250E-0002 
 2.61500000000000E+0002  4.84802246093750E-0001  2.64587402343750E-0002 
 2.62000000000000E+0002  5.01342773437500E-0001  2.56347656250000E-0002 
 2.62500000000000E+0002  5.18157958984375E-0001  2.46887207031250E-0002 
 2.63000000000000E+0002  5.33020019531250E-0001  2.35900878906250E-0002 
 2.63500000000000E+0002  5.43609619140625E-0001  1.92565917968750E-0002 
 2.64000000000000E+0002  5.46478271484375E-0001  1.10778808593750E-0002 
 2.64500000000000E+0002  5.44921875000000E-0001  2.44140625000000E-0004 
 2.65000000000000E+0002  5.41625976562500E-0001 -1.02539062500000E-0002 
 2.65500000000000E+0002  5.36834716796875E-0001 -1.87072753906250E-0002 
 2.66000000000000E+0002  5.25421142578125E-0001 -2.67333984375000E-0002 
 2.66500000000000E+0002  5.06256103515625E-0001 -3.16467285156250E-0002 
 2.67000000000000E+0002  4.88464355468750E-0001 -2.93579101562500E-0002 
 2.67500000000000E+0002  4.74945068359375E-0001 -2.17895507812500E-0002 
 2.68000000000000E+0002  4.65484619140625E-0001 -1.32751464843750E-0002 
 2.68500000000000E+0002  4.59442138671875E-0001 -5.76782226562500E-0003 
 2.69000000000000E+0002  4.56268310546875E-0001  0.00000000000000E+0000 
 2.69500000000000E+0002  4.54895019531250E-0001  3.35693359375000E-0003 
 2.70000000000000E+0002  4.55322265625000E-0001  5.70678710937500E-0003 
 2.70500000000000E+0002  4.59869384765625E-0001  7.87353515625000E-0003 
 2.71000000000000E+0002  4.65789794921875E-0001  1.04980468750000E-0002 
 2.71500000000000E+0002  4.70062255859375E-0001  1.35803222656250E-0002 
 2.72000000000000E+0002  4.74792480468750E-0001  1.69982910156250E-0002 
 2.72500000000000E+0002  4.79980468750000E-0001  2.23388671875000E-0002 
 2.73000000000000E+0002  4.80377197265625E-0001  2.73742675781250E-0002 
 2.73500000000000E+0002  4.74151611328125E-0001  3.06396484375000E-0002 
 2.74000000000000E+0002  4.64935302734375E-0001  3.26232910156250E-0002 
 2.74500000000000E+0002  4.58099365234375E-0001  3.31726074218750E-0002 
 2.75000000000000E+0002  4.55841064453125E-0001  3.33251953125000E-0002 
 2.75500000000000E+0002  4.59136962890625E-0001  2.95715332031250E-0002 
 2.76000000000000E+0002  4.67468261718750E-0001  1.94091796875000E-0002 
 2.76500000000000E+0002  4.77203369140625E-0001  6.77490234375000E-0003 
 2.77000000000000E+0002  4.83489990234375E-0001 -2.50244140625000E-0003 
 2.77500000000000E+0002  4.85626220703125E-0001 -1.08947753906250E-0002 
 2.78000000000000E+0002  4.81018066406250E-0001 -2.11486816406250E-0002 
 2.78500000000000E+0002  4.70520019531250E-0001 -3.04870605468750E-0002 
 2.79000000000000E+0002  4.57702636718750E-0001 -3.49731445312500E-0002 
 2.79500000000000E+0002  4.49157714843750E-0001 -3.81164550781250E-0002 
 2.80000000000000E+0002  4.43145751953125E-0001 -4.43725585937500E-0002 
 2.80500000000000E+0002  4.37377929687500E-0001 -4.76989746093750E-0002 
 2.81000000000000E+0002  4.38354492187500E-0001 -4.21447753906250E-0002 
 2.81500000000000E+0002  4.43664550781250E-0001 -3.23181152343750E-0002 
 2.82000000000000E+0002  4.47174072265625E-0001 -2.10571289062500E-0002 
 2.82500000000000E+0002  4.48364257812500E-0001 -9.97924804687500E-0003 
 2.83000000000000E+0002  4.49493408203125E-0001 -8.85009765625000E-0004 
 2.83500000000000E+0002  4.50378417968750E-0001  1.86157226562500E-0003 
 2.84000000000000E+0002  4.47753906250000E-0001 -1.70898437500000E-0003 
 2.84500000000000E+0002  4.45373535156250E-0001 -5.58471679687500E-0003 
 2.85000000000000E+0002  4.43054199218750E-0001 -9.82666015625000E-0003 
 2.85500000000000E+0002  4.38171386718750E-0001 -1.19323730468750E-0002 
 2.86000000000000E+0002  4.35180664062500E-0001 -1.10473632812500E-0002 
 2.86500000000000E+0002  4.36096191406250E-0001 -1.12915039062500E-0002 
 2.87000000000000E+0002  4.34722900390625E-0001 -1.53808593750000E-0002 
 2.87500000000000E+0002  4.28314208984375E-0001 -2.09045410156250E-0002 
 2.88000000000000E+0002  4.22821044921875E-0001 -2.57263183593750E-0002 
 2.88500000000000E+0002  4.21630859375000E-0001 -3.11889648437500E-0002 
 2.89000000000000E+0002  4.21325683593750E-0001 -3.38134765625000E-0002 
 2.89500000000000E+0002  4.24407958984375E-0001 -2.74047851562500E-0002 
 2.90000000000000E+0002  4.32586669921875E-0001 -1.76391601562500E-0002 
 2.90500000000000E+0002  4.39849853515625E-0001 -1.21154785156250E-0002 
 2.91000000000000E+0002  4.37561035156250E-0001 -9.88769531250000E-0003 
 2.91500000000000E+0002  4.27276611328125E-0001 -3.84521484375000E-0003 
 2.92000000000000E+0002  4.15679931640625E-0001  2.68554687500000E-0003 
 2.92500000000000E+0002  4.01428222656250E-0001  5.55419921875000E-0003 
 2.93000000000000E+0002  3.86138916015625E-0001  7.44628906250000E-0003 
 2.93500000000000E+0002  3.80889892578125E-0001  1.44348144531250E-0002 
 2.94000000000000E+0002  3.88061523437500E-0001  2.18811035156250E-0002 
 2.94500000000000E+0002  4.01763916015625E-0001  2.34069824218750E-0002 
 2.95000000000000E+0002  4.16687011718750E-0001  1.94396972656250E-0002 
 2.95500000000000E+0002  4.29412841796875E-0001  9.79614257812500E-0003 
 2.96000000000000E+0002  4.37408447265625E-0001 -2.07519531250000E-0003 
 2.96500000000000E+0002  4.39300537109375E-0001 -1.05285644531250E-0002 
 2.97000000000000E+0002  4.37774658203125E-0001 -1.33056640625000E-0002 
 2.97500000000000E+0002  4.37408447265625E-0001 -1.40686035156250E-0002 
 2.98000000000000E+0002  4.36492919921875E-0001 -1.32141113281250E-0002 
 2.98500000000000E+0002  4.34936523437500E-0001 -9.30786132812500E-0003 
 2.99000000000000E+0002  4.34204101562500E-0001 -7.23266601562500E-0003 
 2.99500000000000E+0002  4.30908203125000E-0001 -1.10778808593750E-0002 
 3.00000000000000E+0002  4.24865722656250E-0001 -1.69982910156250E-0002 
 3.00500000000000E+0002  4.18670654296875E-0001 -2.09045410156250E-0002 
 3.01000000000000E+0002  4.14031982421875E-0001 -2.42614746093750E-0002 
 3.01500000000000E+0002  4.13726806640625E-0001 -2.66113281250000E-0002 
 3.02000000000000E+0002  4.14306640625000E-0001 -2.94189453125000E-0002 
 3.02500000000000E+0002  4.14093017578125E-0001 -3.10363769531250E-0002 
 3.03000000000000E+0002  4.11895751953125E-0001 -3.00292968750000E-0002 
 3.03500000000000E+0002  4.08233642578125E-0001 -2.85034179687500E-0002 
 3.04000000000000E+0002  4.07623291015625E-0001 -2.78015136718750E-0002 
 3.04500000000000E+0002  4.08294677734375E-0001 -2.86254882812500E-0002 
 3.05000000000000E+0002  4.07745361328125E-0001 -2.95715332031250E-0002 
 3.05500000000000E+0002  4.07989501953125E-0001 -3.17993164062500E-0002 
 3.06000000000000E+0002  4.08813476562500E-0001 -3.62548828125000E-0002 
 3.06500000000000E+0002  4.06250000000000E-0001 -3.85437011718750E-0002 
 3.07000000000000E+0002  3.97399902343750E-0001 -3.61022949218750E-0002 
 3.07500000000000E+0002  3.85711669921875E-0001 -3.10668945312500E-0002 
 3.08000000000000E+0002  3.77807617187500E-0001 -2.55432128906250E-0002 
 3.08500000000000E+0002  3.74908447265625E-0001 -2.04162597656250E-0002 
 3.09000000000000E+0002  3.72619628906250E-0001 -1.72424316406250E-0002 
 3.09500000000000E+0002  3.67797851562500E-0001 -1.51672363281250E-0002 
 3.10000000000000E+0002  3.64715576171875E-0001 -1.04675292968750E-0002 
 3.10500000000000E+0002  3.64288330078125E-0001 -4.57763671875000E-0003 
 3.11000000000000E+0002  3.62335205078125E-0001  1.00708007812500E-0003 
 3.11500000000000E+0002  3.57543945312500E-0001  4.21142578125000E-0003 
 3.12000000000000E+0002  3.53363037109375E-0001  3.69262695312500E-0003 
 3.12500000000000E+0002  3.50860595703125E-0001 -4.15039062500000E-0003 
 3.13000000000000E+0002  3.42926025390625E-0001 -1.89514160156250E-0002 
 3.13500000000000E+0002  3.27392578125000E-0001 -3.29284667968750E-0002 
 3.14000000000000E+0002  3.14300537109375E-0001 -3.85131835937500E-0002 
 3.14500000000000E+0002  3.09570312500000E-0001 -3.87878417968750E-0002 
 3.15000000000000E+0002  3.09295654296875E-0001 -3.77197265625000E-0002 
 3.15500000000000E+0002  3.11553955078125E-0001 -3.34777832031250E-0002 
 3.16000000000000E+0002  3.17535400390625E-0001 -2.44445800781250E-0002 
 3.16500000000000E+0002  3.28857421875000E-0001 -1.34582519531250E-0002 
 3.17000000000000E+0002  3.43994140625000E-0001 -5.24902343750000E-0003 
 3.17500000000000E+0002  3.57879638671875E-0001 -2.25830078125000E-0003 
 3.18000000000000E+0002  3.70605468750000E-0001 -3.08227539062500E-0003 
 3.18500000000000E+0002  3.78143310546875E-0001 -5.03540039062500E-0003 
 3.19000000000000E+0002  3.78692626953125E-0001 -5.06591796875000E-0003 
 3.19500000000000E+0002  3.73870849609375E-0001 -6.86645507812500E-0003 
 3.20000000000000E+0002  3.65997314453125E-0001 -9.79614257812500E-0003 
 3.20500000000000E+0002  3.58215332031250E-0001 -1.04675292968750E-0002 
 3.21000000000000E+0002  3.54827880859375E-0001 -6.62231445312500E-0003 
 3.21500000000000E+0002  3.59252929687500E-0001 -5.15747070312500E-0003 
 3.22000000000000E+0002  3.64501953125000E-0001 -1.22985839843750E-0002 
 3.22500000000000E+0002  3.66271972656250E-0001 -2.38952636718750E-0002 
 3.23000000000000E+0002  3.64166259765625E-0001 -3.45153808593750E-0002 
 3.23500000000000E+0002  3.57849121093750E-0001 -4.25720214843750E-0002 
 3.24000000000000E+0002  3.48144531250000E-0001 -4.79431152343750E-0002 
 3.24500000000000E+0002  3.38348388671875E-0001 -5.13610839843750E-0002 
 3.25000000000000E+0002  3.32061767578125E-0001 -4.99267578125000E-0002 
 3.25500000000000E+0002  3.29742431640625E-0001 -4.70581054687500E-0002 
 3.26000000000000E+0002  3.27972412109375E-0001 -4.35791015625000E-0002 
 3.26500000000000E+0002  3.28979492187500E-0001 -3.79333496093750E-0002 
 3.27000000000000E+0002  3.33709716796875E-0001 -3.25622558593750E-0002 
 3.27500000000000E+0002  3.39630126953125E-0001 -2.66113281250000E-0002 
 3.28000000000000E+0002  3.48083496093750E-0001 -2.26745605468750E-0002 
 3.28500000000000E+0002  3.53912353515625E-0001 -2.39257812500000E-0002 
 3.29000000000000E+0002  3.51562500000000E-0001 -2.81982421875000E-0002 
 3.29500000000000E+0002  3.45153808593750E-0001 -3.14941406250000E-0002 
 3.30000000000000E+0002  3.40270996093750E-0001 -3.10974121093750E-0002 
 3.30500000000000E+0002  3.39721679687500E-0001 -2.54821777343750E-0002 
 3.31000000000000E+0002  3.40972900390625E-0001 -1.84326171875000E-0002 
 3.31500000000000E+0002  3.44665527343750E-0001 -1.39770507812500E-0002 
 3.32000000000000E+0002  3.50616455078125E-0001 -1.19934082031250E-0002 
 3.32500000000000E+0002  3.56964111328125E-0001 -1.35803222656250E-0002 
 3.33000000000000E+0002  3.59832763671875E-0001 -1.79443359375000E-0002 
 3.33500000000000E+0002  3.59069824218750E-0001 -2.44140625000000E-0002 
 3.34000000000000E+0002  3.58032226562500E-0001 -2.83508300781250E-0002 
 3.34500000000000E+0002  3.59527587890625E-0001 -2.91442871093750E-0002 
 3.35000000000000E+0002  3.58398437500000E-0001 -2.97546386718750E-0002 
 3.35500000000000E+0002  3.52600097656250E-0001 -2.61840820312500E-0002 
 3.36000000000000E+0002  3.46679687500000E-0001 -1.96533203125000E-0002 
 3.36500000000000E+0002  3.41186523437500E-0001 -1.19323730468750E-0002 
 3.37000000000000E+0002  3.32244873046875E-0001 -4.15039062500000E-0003 
 3.37500000000000E+0002  3.21868896484375E-0001  3.96728515625000E-0003 
 3.38000000000000E+0002  3.14147949218750E-0001  1.15356445312500E-0002 
 3.38500000000000E+0002  3.09051513671875E-0001  1.32141113281250E-0002 
 3.39000000000000E+0002  3.03497314453125E-0001  9.61303710937500E-0003 
 3.39500000000000E+0002  2.99072265625000E-0001  4.85229492187500E-0003 
 3.40000000000000E+0002  2.97058105468750E-0001  3.78417968750000E-0003 
 3.40500000000000E+0002  2.99133300781250E-0001  7.01904296875000E-0003 
 3.41000000000000E+0002  3.04199218750000E-0001  9.15527343750000E-0003 
 3.41500000000000E+0002  3.09051513671875E-0001  9.18579101562500E-0003 
 3.42000000000000E+0002  3.11431884765625E-0001  9.42993164062500E-0003 
 3.42500000000000E+0002  3.14239501953125E-0001  7.93457031250000E-0003 
 3.43000000000000E+0002  3.17840576171875E-0001  2.59399414062500E-0003 
 3.43500000000000E+0002  3.21868896484375E-0001 -1.22070312500000E-0003 
 3.44000000000000E+0002  3.27667236328125E-0001 -9.15527343750000E-0004 
 3.44500000000000E+0002  3.33648681640625E-0001 -2.07519531250000E-0003 
 3.45000000000000E+0002  3.35876464843750E-0001 -9.76562500000000E-0003 
 3.45500000000000E+0002  3.31848144531250E-0001 -1.96228027343750E-0002 
 3.46000000000000E+0002  3.22570800781250E-0001 -2.86865234375000E-0002 
 3.46500000000000E+0002  3.10363769531250E-0001 -3.79638671875000E-0002 
 3.47000000000000E+0002  2.95349121093750E-0001 -4.59289550781250E-0002 
 3.47500000000000E+0002  2.80242919921875E-0001 -4.64782714843750E-0002 
 3.48000000000000E+0002  2.72216796875000E-0001 -3.65600585937500E-0002 
 3.48500000000000E+0002  2.73132324218750E-0001 -2.02636718750000E-0002 
 3.49000000000000E+0002  2.81463623046875E-0001 -5.46264648437500E-0003 
 3.49500000000000E+0002  2.90832519531250E-0001  3.14331054687500E-0003 
 3.50000000000000E+0002  2.99530029296875E-0001  5.09643554687500E-0003 
 3.50500000000000E+0002  3.07617187500000E-0001  2.04467773437500E-0003 
 3.51000000000000E+0002  3.15216064453125E-0001 -4.85229492187500E-0003 
 3.51500000000000E+0002  3.20770263671875E-0001 -1.28173828125000E-0002 
 3.52000000000000E+0002  3.21807861328125E-0001 -1.63879394531250E-0002 
 3.52500000000000E+0002  3.17718505859375E-0001 -1.22680664062500E-0002 
 3.53000000000000E+0002  3.16558837890625E-0001 -3.41796875000000E-0003 
 3.53500000000000E+0002  3.19488525390625E-0001  5.88989257812500E-0003 
 3.54000000000000E+0002  3.22601318359375E-0001  1.08032226562500E-0002 
 3.54500000000000E+0002  3.21685791015625E-0001  8.45336914062500E-0003 
 3.55000000000000E+0002  3.20312500000000E-0001  3.96728515625000E-0004 
 3.55500000000000E+0002  3.23028564453125E-0001 -9.33837890625000E-0003 
 3.56000000000000E+0002  3.23547363281250E-0001 -2.00195312500000E-0002 
 3.56500000000000E+0002  3.18786621093750E-0001 -3.22265625000000E-0002 
 3.57000000000000E+0002  3.10058593750000E-0001 -4.40979003906250E-0002 
 3.57500000000000E+0002  2.98614501953125E-0001 -5.09948730468750E-0002 
 3.58000000000000E+0002  2.89154052734375E-0001 -5.27954101562500E-0002 
 3.58500000000000E+0002  2.83264160156250E-0001 -5.40771484375000E-0002 
 3.59000000000000E+0002  2.81738281250000E-0001 -5.37719726562500E-0002 
 3.59500000000000E+0002  2.81036376953125E-0001 -4.97436523437500E-0002 
 3.60000000000000E+0002  2.77404785156250E-0001 -4.22668457031250E-0002 
 3.60500000000000E+0002  2.74566650390625E-0001 -3.24096679687500E-0002 
 3.61000000000000E+0002  2.70965576171875E-0001 -2.31323242187500E-0002 
 3.61500000000000E+0002  2.64007568359375E-0001 -1.22985839843750E-0002 
 3.62000000000000E+0002  2.59399414062500E-0001 -1.52587890625000E-0004 
 3.62500000000000E+0002  2.62268066406250E-0001  1.12915039062500E-0002 
 3.63000000000000E+0002  2.74230957031250E-0001  1.85241699218750E-0002 
 3.63500000000000E+0002  2.91259765625000E-0001  1.87072753906250E-0002 
 3.64000000000000E+0002  3.08349609375000E-0001  1.42822265625000E-0002 
 3.64500000000000E+0002  3.22235107421875E-0001  8.05664062500000E-0003 
 3.65000000000000E+0002  3.30017089843750E-0001  4.57763671875000E-0004 
 3.65500000000000E+0002  3.32000732421875E-0001 -6.65283203125000E-0003 
 3.66000000000000E+0002  3.28918457031250E-0001 -1.23291015625000E-0002 
 3.66500000000000E+0002  3.20037841796875E-0001 -1.56250000000000E-0002 
 3.67000000000000E+0002  3.08532714843750E-0001 -1.74255371093750E-0002 
 3.67500000000000E+0002  2.94952392578125E-0001 -2.04772949218750E-0002 
 3.68000000000000E+0002  2.80426025390625E-0001 -2.35900878906250E-0002 
 3.68500000000000E+0002  2.67486572265625E-0001 -2.50549316406250E-0002 
 3.69000000000000E+0002  2.57812500000000E-0001 -2.45971679687500E-0002 
 3.69500000000000E+0002  2.51068115234375E-0001 -2.25830078125000E-0002 
 3.70000000000000E+0002  2.47253417968750E-0001 -1.92871093750000E-0002 
 3.70500000000000E+0002  2.49908447265625E-0001 -1.52587890625000E-0002 
 3.71000000000000E+0002  2.53417968750000E-0001 -1.22375488281250E-0002 
 3.71500000000000E+0002  2.55004882812500E-0001 -9.46044921875000E-0003 
 3.72000000000000E+0002  2.53631591796875E-0001 -7.84301757812500E-0003 
 3.72500000000000E+0002  2.48962402343750E-0001 -6.71386718750000E-0003 
 3.73000000000000E+0002  2.43682861328125E-0001 -4.76074218750000E-0003 
 3.73500000000000E+0002  2.38006591796875E-0001 -5.95092773437500E-0003 
 3.74000000000000E+0002  2.32940673828125E-0001 -1.09252929687500E-0002 
 3.74500000000000E+0002  2.29949951171875E-0001 -1.59606933593750E-0002 
 3.75000000000000E+0002  2.31079101562500E-0001 -1.85241699218750E-0002 
 3.75500000000000E+0002  2.34436035156250E-0001 -2.21252441406250E-0002 
 3.76000000000000E+0002  2.36907958984375E-0001 -2.54211425781250E-0002 
 3.76500000000000E+0002  2.37731933593750E-0001 -2.78320312500000E-0002 
 3.77000000000000E+0002  2.38281250000000E-0001 -3.03955078125000E-0002 
 3.77500000000000E+0002  2.39715576171875E-0001 -3.49426269531250E-0002 
 3.78000000000000E+0002  2.42706298828125E-0001 -4.14733886718750E-0002 
 3.78500000000000E+0002  2.48352050781250E-0001 -4.77294921875000E-0002 
 3.79000000000000E+0002  2.52380371093750E-0001 -5.16967773437500E-0002 
 3.79500000000000E+0002  2.51739501953125E-0001 -4.89807128906250E-0002 
 3.80000000000000E+0002  2.50457763671875E-0001 -4.23889160156250E-0002 
 3.80500000000000E+0002  2.47894287109375E-0001 -3.58886718750000E-0002 
 3.81000000000000E+0002  2.44720458984375E-0001 -2.82592773437500E-0002 
 3.81500000000000E+0002  2.41424560546875E-0001 -2.13623046875000E-0002 
 3.82000000000000E+0002  2.40997314453125E-0001 -1.68151855468750E-0002 
 3.82500000000000E+0002  2.43408203125000E-0001 -1.59301757812500E-0002 
 3.83000000000000E+0002  2.45391845703125E-0001 -1.63574218750000E-0002 
 3.83500000000000E+0002  2.42828369140625E-0001 -1.69982910156250E-0002 
 3.84000000000000E+0002  2.35260009765625E-0001 -1.50756835937500E-0002 
 3.84500000000000E+0002  2.28942871093750E-0001 -1.10168457031250E-0002 
 3.85000000000000E+0002  2.26348876953125E-0001 -7.87353515625000E-0003 
 3.85500000000000E+0002  2.26196289062500E-0001 -6.53076171875000E-0003 
 3.86000000000000E+0002  2.30438232421875E-0001 -6.19506835937500E-0003 
 3.86500000000000E+0002  2.42462158203125E-0001 -1.01318359375000E-0002 
 3.87000000000000E+0002  2.58758544921875E-0001 -2.20947265625000E-0002 
 3.87500000000000E+0002  2.70690917968750E-0001 -3.96728515625000E-0002 
 3.88000000000000E+0002  2.77465820312500E-0001 -5.51757812500000E-0002 
 3.88500000000000E+0002  2.79327392578125E-0001 -6.37207031250000E-0002 
 3.89000000000000E+0002  2.75604248046875E-0001 -6.29272460937500E-0002 
 3.89500000000000E+0002  2.69927978515625E-0001 -5.68542480468750E-0002 
 3.90000000000000E+0002  2.64129638671875E-0001 -5.00183105468750E-0002 
 3.90500000000000E+0002  2.57629394531250E-0001 -4.30297851562500E-0002 
 3.91000000000000E+0002  2.51434326171875E-0001 -3.75976562500000E-0002 
 3.91500000000000E+0002  2.47253417968750E-0001 -3.58886718750000E-0002 
 3.92000000000000E+0002  2.45391845703125E-0001 -3.77197265625000E-0002 
 3.92500000000000E+0002  2.43316650390625E-0001 -3.78417968750000E-0002 
 3.93000000000000E+0002  2.41699218750000E-0001 -3.29895019531250E-0002 
 3.93500000000000E+0002  2.41943359375000E-0001 -2.63366699218750E-0002 
 3.94000000000000E+0002  2.43774414062500E-0001 -2.13623046875000E-0002 
 3.94500000000000E+0002  2.43988037109375E-0001 -1.85241699218750E-0002 
 3.95000000000000E+0002  2.41455078125000E-0001 -1.44348144531250E-0002 
 3.95500000000000E+0002  2.39196777343750E-0001 -8.63647460937500E-0003 
 3.96000000000000E+0002  2.39105224609375E-0001 -4.69970703125000E-0003 
 3.96500000000000E+0002  2.38891601562500E-0001 -3.69262695312500E-0003 
 3.97000000000000E+0002  2.38159179687500E-0001 -3.29589843750000E-0003 
 3.97500000000000E+0002  2.39868164062500E-0001 -4.30297851562500E-0003 
 3.98000000000000E+0002  2.43072509765625E-0001 -1.12609863281250E-0002 
 3.98500000000000E+0002  2.28698730468750E-0001 -2.10571289062500E-0002 
 3.99000000000000E+0002  1.92138671875000E-0001 -2.47192382812500E-0002 
 3.99500000000000E+0002  1.49688720703125E-0001 -2.28576660156250E-0002 
