 0.00000000000000E+0000  3.49539794921875E+0001 -1.77207031250000E+0001 
 5.00000000000000E-0001  3.53754089355469E+0001 -1.61193054199219E+0001 
 1.00000000000000E+0000  3.00223205566406E+0001 -1.06837707519531E+0001 
 1.50000000000000E+0000  2.19116577148437E+0001 -4.38832397460938E+0000 
 2.00000000000000E+0000  1.71386840820312E+0001 -1.64464721679688E+0000 
 2.50000000000000E+0000  1.53351562500000E+0001 -1.15800781250000E+0000 
 3.00000000000000E+0000  1.46528320312500E+0001 -1.30133666992188E+0000 
 3.50000000000000E+0000  1.41967407226562E+0001 -1.58498535156250E+0000 
 4.00000000000000E+0000  1.37776916503906E+0001 -1.88442382812500E+0000 
 4.50000000000000E+0000  1.33944946289062E+0001 -2.27734985351562E+0000 
 5.00000000000000E+0000  1.30145568847656E+0001 -2.83129272460938E+0000 
 5.50000000000000E+0000  1.26628234863281E+0001 -3.41514892578125E+0000 
 6.00000000000000E+0000  1.23965637207031E+0001 -3.84947509765625E+0000 
 6.50000000000000E+0000  1.21339233398437E+0001 -4.06895751953125E+0000 
 7.00000000000000E+0000  1.17683044433593E+0001 -4.00855712890625E+0000 
 7.50000000000000E+0000  1.13333251953125E+0001 -3.66204223632813E+0000 
 8.00000000000000E+0000  1.08488647460937E+0001 -3.16517333984375E+0000 
 8.50000000000000E+0000  1.02973205566406E+0001 -2.64077148437500E+0000 
 9.00000000000000E+0000  9.74498901367188E+0000 -2.16876220703125E+0000 
 9.50000000000000E+0000  9.27283935546875E+0000 -1.85192871093750E+0000 
 1.00000000000000E+0001  8.88093872070312E+0000 -1.74812011718750E+0000 
 1.05000000000000E+0001  8.53873901367188E+0000 -1.79078979492187E+0000 
 1.10000000000000E+0001  8.24829711914063E+0000 -1.88372802734375E+0000 
 1.15000000000000E+0001  7.97775878906249E+0000 -1.99498901367187E+0000 
 1.20000000000000E+0001  7.67594604492187E+0000 -2.08953857421875E+0000 
 1.25000000000000E+0001  7.34953613281251E+0000 -2.14055786132813E+0000 
 1.30000000000000E+0001  7.00349121093751E+0000 -2.17657470703125E+0000 
 1.35000000000000E+0001  6.61655273437501E+0000 -2.22414550781250E+0000 
 1.40000000000000E+0001  6.19502563476563E+0000 -2.26685791015625E+0000 
 1.45000000000000E+0001  5.75831298828126E+0000 -2.28935546875000E+0000 
 1.50000000000000E+0001  5.29216308593750E+0000 -2.29295654296875E+0000 
 1.55000000000000E+0001  4.78590087890625E+0000 -2.24923095703125E+0000 
 1.60000000000000E+0001  4.29278564453125E+0000 -2.11391601562500E+0000 
 1.65000000000000E+0001  3.86297607421875E+0000 -1.89255371093750E+0000 
 1.70000000000000E+0001  3.48835449218750E+0000 -1.61876831054687E+0000 
 1.75000000000000E+0001  3.16838378906250E+0000 -1.32107543945312E+0000 
 1.80000000000000E+0001  2.92564086914063E+0000 -1.03008422851562E+0000 
 1.85000000000000E+0001  2.75158081054687E+0000 -7.82556152343749E-0001 
 1.90000000000000E+0001  2.60320434570313E+0000 -6.05175781250000E-0001 
 1.95000000000000E+0001  2.46351928710937E+0000 -4.99871826171875E-0001 
 2.00000000000000E+0001  2.33397216796875E+0000 -4.65429687500000E-0001 
 2.05000000000000E+0001  2.19797363281250E+0000 -4.95678710937500E-0001 
 2.10000000000000E+0001  2.05084838867187E+0000 -5.81945800781250E-0001 
 2.15000000000000E+0001  1.89313964843750E+0000 -7.14587402343750E-0001 
 2.20000000000000E+0001  1.70152587890625E+0000 -8.49945068359374E-0001 
 2.25000000000000E+0001  1.46007690429688E+0000 -9.37652587890625E-0001 
 2.30000000000000E+0001  1.18106689453125E+0000 -9.63818359375000E-0001 
 2.35000000000000E+0001  8.76721191406250E-0001 -9.27001953125000E-0001 
 2.40000000000000E+0001  5.40264892578125E-0001 -8.14520263671876E-0001 
 2.45000000000000E+0001  1.81378173828125E-0001 -6.28375244140624E-0001 
 2.50000000000000E+0001 -1.69372558593750E-0001 -4.10784912109374E-0001 
 2.55000000000000E+0001 -4.95605468750001E-0001 -1.99108886718750E-0001 
 2.60000000000000E+0001 -7.87951660156250E-0001 -3.69873046874997E-0003 
 2.65000000000000E+0001 -1.02048950195312E+0000  1.68426513671875E-0001 
 2.70000000000000E+0001 -1.16499633789062E+0000  3.09411621093750E-0001 
 2.75000000000000E+0001 -1.21838378906250E+0000  4.27380371093750E-0001 
 2.80000000000000E+0001 -1.18739013671875E+0000  5.30291748046875E-0001 
 2.85000000000000E+0001 -1.08011474609375E+0000  6.00323486328124E-0001 
 2.90000000000000E+0001 -9.24829101562500E-0001  6.25085449218749E-0001 
 2.95000000000000E+0001 -7.56213378906250E-0001  6.10595703125000E-0001 
 3.00000000000000E+0001 -6.01177978515625E-0001  5.49505615234375E-0001 
 3.05000000000000E+0001 -4.81958007812501E-0001  4.35931396484375E-0001 
 3.10000000000000E+0001 -4.09045410156249E-0001  2.91003417968751E-0001 
 3.15000000000000E+0001 -3.79528808593750E-0001  1.43737792968750E-0001 
 3.20000000000000E+0001 -3.83526611328125E-0001  9.91210937500000E-0003 
 3.25000000000000E+0001 -4.12072753906251E-0001 -9.57275390624998E-0002 
 3.30000000000000E+0001 -4.61236572265625E-0001 -1.58819580078125E-0001 
 3.35000000000000E+0001 -5.24194335937500E-0001 -1.83343505859375E-0001 
 3.40000000000000E+0001 -5.93511962890625E-0001 -1.89123535156250E-0001 
 3.45000000000000E+0001 -6.64654541015625E-0001 -1.80078125000000E-0001 
 3.50000000000000E+0001 -7.29083251953125E-0001 -1.49108886718750E-0001 
 3.55000000000000E+0001 -7.76623535156250E-0001 -1.00109863281250E-0001 
 3.60000000000000E+0001 -7.93237304687499E-0001 -3.93371582031250E-0002 
 3.65000000000000E+0001 -7.65191650390624E-0001  3.55163574218750E-0002 
 3.70000000000000E+0001 -6.91442871093750E-0001  1.23577880859374E-0001 
 3.75000000000000E+0001 -5.82489013671875E-0001  2.16485595703125E-0001 
 3.80000000000000E+0001 -4.52062988281250E-0001  3.04907226562501E-0001 
 3.85000000000000E+0001 -3.13714599609375E-0001  3.81750488281249E-0001 
 3.90000000000000E+0001 -1.80541992187500E-0001  4.38659667968750E-0001 
 3.95000000000000E+0001 -6.57470703124999E-0002  4.66760253906250E-0001 
 4.00000000000000E+0001  2.41943359375000E-0002  4.63702392578125E-0001 
 4.05000000000000E+0001  9.15954589843749E-0002  4.28704833984375E-0001 
 4.10000000000000E+0001  1.36651611328125E-0001  3.61932373046875E-0001 
 4.15000000000000E+0001  1.60192871093750E-0001  2.75103759765625E-0001 
 4.20000000000000E+0001  1.66461181640625E-0001  1.82440185546875E-0001 
 4.25000000000000E+0001  1.61437988281250E-0001  9.62158203124998E-0002 
 4.30000000000000E+0001  1.51928710937500E-0001  2.37792968750000E-0002 
 4.35000000000000E+0001  1.37615966796875E-0001 -2.81616210937500E-0002 
 4.40000000000000E+0001  1.21771240234375E-0001 -5.81237792968750E-0002 
 4.45000000000000E+0001  1.09979248046875E-0001 -7.33764648437503E-0002 
 4.50000000000000E+0001  9.81994628906250E-0002 -7.74475097656249E-0002 
 4.55000000000000E+0001  8.56140136718749E-0002 -6.81152343750001E-0002 
 4.60000000000000E+0001  7.63244628906250E-0002 -5.00610351562500E-0002 
 4.65000000000000E+0001  7.16674804687500E-0002 -3.19030761718750E-0002 
 4.70000000000000E+0001  6.87683105468750E-0002 -1.61804199218750E-0002 
 4.75000000000000E+0001  6.99584960937500E-0002 -2.09960937500000E-0003 
 4.80000000000000E+0001  8.05541992187499E-0002  6.31103515625001E-0003 
 4.85000000000000E+0001  9.90112304687500E-0002  8.95385742187500E-0003 
 4.90000000000000E+0001  1.20709228515625E-0001  7.75146484375000E-0003 
 4.95000000000000E+0001  1.42199707031250E-0001  4.75463867187500E-0003 
 5.00000000000000E+0001  1.61047363281250E-0001  1.47094726562499E-0003 
 5.05000000000000E+0001  1.73773193359375E-0001  9.33837890625004E-0004 
 5.10000000000000E+0001  1.80639648437500E-0001  5.58471679687500E-0003 
 5.15000000000000E+0001  1.84112548828125E-0001  1.39038085937500E-0002 
 5.20000000000000E+0001  1.85137939453125E-0001  2.65747070312500E-0002 
 5.25000000000000E+0001  1.87097167968750E-0001  4.43481445312500E-0002 
 5.30000000000000E+0001  1.96429443359375E-0001  6.23657226562500E-0002 
 5.35000000000000E+0001  2.14086914062500E-0001  7.44934082031250E-0002 
 5.40000000000000E+0001  2.35870361328125E-0001  7.91625976562500E-0002 
 5.45000000000000E+0001  2.57690429687500E-0001  7.43225097656250E-0002 
 5.50000000000000E+0001  2.76440429687500E-0001  5.69763183593750E-0002 
 5.55000000000000E+0001  2.88256835937499E-0001  3.04016113281250E-0002 
 5.60000000000000E+0001  2.90563964843750E-0001 -3.66210937500007E-0004 
 5.65000000000000E+0001  2.82019042968750E-0001 -3.31970214843750E-0002 
 5.70000000000000E+0001  2.64617919921875E-0001 -6.80541992187499E-0002 
 5.75000000000000E+0001  2.41497802734375E-0001 -1.02886962890625E-0001 
 5.80000000000000E+0001  2.15161132812500E-0001 -1.33477783203125E-0001 
 5.85000000000000E+0001  1.87402343750000E-0001 -1.57153320312500E-0001 
 5.90000000000000E+0001  1.56958007812500E-0001 -1.71813964843750E-0001 
 5.95000000000000E+0001  1.22027587890624E-0001 -1.75067138671875E-0001 
 6.00000000000000E+0001  8.46374511718750E-0002 -1.65942382812500E-0001 
 6.05000000000000E+0001  4.70947265625000E-0002 -1.43591308593750E-0001 
 6.10000000000000E+0001  1.14929199218750E-0002 -1.08642578125000E-0001 
 6.15000000000000E+0001 -1.84020996093750E-0002 -6.53686523437500E-0002 
 6.20000000000000E+0001 -3.76770019531250E-0002 -2.19543457031250E-0002 
 6.25000000000000E+0001 -4.33898925781250E-0002  1.99279785156250E-0002 
 6.30000000000000E+0001 -3.56872558593750E-0002  5.83007812500000E-0002 
 6.35000000000000E+0001 -1.37573242187499E-0002  8.63769531250000E-0002 
 6.40000000000000E+0001  1.96472167968750E-0002  9.88769531249999E-0002 
 6.45000000000000E+0001  5.77819824218750E-0002  9.69604492187501E-0002 
 6.50000000000000E+0001  9.25109863281251E-0002  8.47534179687501E-0002 
 6.55000000000000E+0001  1.22143554687499E-0001  6.63269042968749E-0002 
 6.60000000000000E+0001  1.47039794921875E-0001  4.24011230468750E-0002 
 6.65000000000000E+0001  1.64367675781250E-0001  1.57836914062500E-0002 
 6.70000000000000E+0001  1.73864746093750E-0001 -1.01562500000000E-0002 
 6.75000000000000E+0001  1.75769042968750E-0001 -3.35815429687500E-0002 
 6.80000000000000E+0001  1.68750000000000E-0001 -5.50170898437501E-0002 
 6.85000000000000E+0001  1.50286865234375E-0001 -7.68310546874999E-0002 
 6.90000000000000E+0001  1.22644042968750E-0001 -9.47326660156250E-0002 
 6.95000000000000E+0001  9.18273925781250E-0002 -1.04803466796875E-0001 
 7.00000000000000E+0001  5.94116210937500E-0002 -1.08544921875000E-0001 
 7.05000000000000E+0001  2.64404296875000E-0002 -1.07666015625000E-0001 
 7.10000000000000E+0001 -1.55639648437501E-0003 -9.88891601562500E-0002 
 7.15000000000000E+0001 -1.90490722656250E-0002 -8.01391601562500E-0002 
 7.20000000000000E+0001 -2.76245117187500E-0002 -5.62072753906250E-0002 
 7.25000000000000E+0001 -3.23425292968750E-0002 -3.13293457031250E-0002 
 7.30000000000000E+0001 -3.12805175781250E-0002 -7.42187500000000E-0003 
 7.35000000000000E+0001 -2.29248046875000E-0002  1.22619628906250E-0002 
 7.40000000000000E+0001 -1.21520996093750E-0002  2.52807617187500E-0002 
 7.45000000000000E+0001  1.11694335937502E-0003  3.06762695312500E-0002 
 7.50000000000000E+0001  1.76574707031250E-0002  2.63366699218750E-0002 
 7.55000000000000E+0001  3.41430664062500E-0002  1.58081054687500E-0002 
 7.60000000000000E+0001  4.73083496093749E-0002  5.81665039062501E-0003 
 7.65000000000000E+0001  5.79040527343751E-0002 -1.70898437500001E-0004 
 7.70000000000000E+0001  6.71936035156251E-0002 -4.42504882812500E-0003 
 7.75000000000000E+0001  6.80358886718750E-0002 -9.28344726562501E-0003 
 7.80000000000000E+0001  5.68603515625000E-0002 -1.36169433593750E-0002 
 7.85000000000000E+0001  4.07226562500000E-0002 -1.79565429687500E-0002 
 7.90000000000000E+0001  2.67395019531250E-0002 -2.27233886718750E-0002 
 7.95000000000000E+0001  1.78344726562500E-0002 -2.89794921875000E-0002 
 8.00000000000000E+0001  1.33056640625000E-0002 -3.67553710937500E-0002 
 8.05000000000000E+0001  1.23962402343749E-0002 -4.36645507812500E-0002 
 8.10000000000000E+0001  1.48620605468750E-0002 -4.60449218750000E-0002 
 8.15000000000000E+0001  1.88903808593750E-0002 -4.61608886718750E-0002 
 8.20000000000000E+0001  1.97021484375000E-0002 -4.86267089843750E-0002 
 8.25000000000000E+0001  1.59790039062500E-0002 -5.01953125000000E-0002 
 8.30000000000000E+0001  1.25244140624999E-0002 -4.77966308593750E-0002 
 8.35000000000000E+0001  1.28906250000000E-0002 -4.52392578125000E-0002 
 8.40000000000000E+0001  1.70898437500000E-0002 -4.37316894531250E-0002 
 8.45000000000000E+0001  2.52380371093750E-0002 -4.11254882812500E-0002 
 8.50000000000000E+0001  3.47900390625000E-0002 -3.64135742187500E-0002 
 8.55000000000000E+0001  4.34387207031250E-0002 -3.07250976562500E-0002 
 8.60000000000000E+0001  4.91394042968749E-0002 -2.52136230468750E-0002 
 8.65000000000000E+0001  4.91455078125000E-0002 -1.89575195312500E-0002 
 8.70000000000000E+0001  4.31762695312500E-0002 -1.11877441406250E-0002 
 8.75000000000000E+0001  3.33129882812500E-0002 -2.75268554687501E-0003 
 8.80000000000000E+0001  2.50732421875000E-0002  4.19311523437500E-0003 
 8.85000000000000E+0001  2.07397460937500E-0002  6.46362304687501E-0003 
 8.90000000000000E+0001  1.73767089843750E-0002  4.52270507812499E-0003 
 8.95000000000000E+0001  1.63879394531250E-0002  2.40478515625000E-0003 
 9.00000000000000E+0001  1.91955566406250E-0002 -1.26953125000000E-0003 
 9.05000000000000E+0001  2.10998535156250E-0002 -6.58569335937498E-0003 
 9.10000000000000E+0001  2.01171875000000E-0002 -1.23168945312500E-0002 
 9.15000000000000E+0001  1.77246093750000E-0002 -1.89270019531250E-0002 
 9.20000000000000E+0001  1.60278320312500E-0002 -2.59277343750000E-0002 
 9.25000000000000E+0001  1.29028320312500E-0002 -3.12927246093750E-0002 
 9.30000000000000E+0001  8.61816406250000E-0003 -3.23486328125000E-0002 
 9.35000000000000E+0001  7.31201171875000E-0003 -3.00476074218750E-0002 
 9.40000000000000E+0001  6.80541992187500E-0003 -2.93334960937500E-0002 
 9.45000000000000E+0001  6.71386718749997E-0004 -2.80273437500000E-0002 
 9.50000000000000E+0001 -5.68237304687500E-0003 -2.52319335937500E-0002 
 9.55000000000000E+0001 -5.44433593750000E-0003 -2.48535156250000E-0002 
 9.60000000000000E+0001 -2.31323242187500E-0003 -2.82226562500000E-0002 
 9.65000000000000E+0001 -1.55639648437501E-0003 -3.22021484375000E-0002 
 9.70000000000000E+0001  1.95312500000010E-0004 -3.22021484375000E-0002 
 9.75000000000000E+0001  6.88476562499999E-0003 -2.98400878906250E-0002 
 9.80000000000000E+0001  1.14685058593750E-0002 -2.74291992187500E-0002 
 9.85000000000000E+0001  1.03088378906250E-0002 -2.33947753906250E-0002 
 9.90000000000000E+0001  7.81250000000001E-0003 -1.84692382812500E-0002 
 9.95000000000000E+0001  6.18896484375000E-0003 -1.48559570312500E-0002 
