 0.00000000000000E+0000 -7.72766113281249E-0002 -1.89642333984375E-0001 
 5.00000000000000E-0001  2.79479980468750E-0002 -3.66979980468750E-0001 
 1.00000000000000E+0000  1.82495117187500E-0001 -5.60992431640625E-0001 
 1.50000000000000E+0000  3.17993164062500E-0001 -7.20184326171875E-0001 
 2.00000000000000E+0000  3.66937255859375E-0001 -7.70336914062500E-0001 
 2.50000000000000E+0000  3.32702636718750E-0001 -6.97216796875000E-0001 
 3.00000000000000E+0000  2.16308593750000E-0001 -5.60571289062499E-0001 
 3.50000000000000E+0000  1.92810058593750E-0002 -4.08062744140625E-0001 
 4.00000000000000E+0000 -1.87695312500000E-0001 -2.60925292968750E-0001 
 4.50000000000000E+0000 -3.27709960937500E-0001 -1.53979492187500E-0001 
 5.00000000000000E+0000 -3.90087890624999E-0001 -1.09265136718749E-0001 
 5.50000000000000E+0000 -3.93603515625000E-0001 -8.79882812500001E-0002 
 6.00000000000000E+0000 -3.33593750000000E-0001 -3.78173828125001E-0002 
 6.50000000000000E+0000 -2.33074951171875E-0001  4.14367675781250E-0002 
 7.00000000000000E+0000 -1.37390136718750E-0001  1.45709228515625E-0001 
 7.50000000000000E+0000 -4.20166015625000E-0002  2.72613525390625E-0001 
 8.00000000000000E+0000  6.65832519531250E-0002  3.88385009765625E-0001 
 8.50000000000000E+0000  1.71191406250000E-0001  4.55285644531250E-0001 
 9.00000000000000E+0000  2.55487060546875E-0001  4.61444091796875E-0001 
 9.50000000000000E+0000  3.25018310546875E-0001  4.15618896484374E-0001 
 1.00000000000000E+0001  3.68524169921875E-0001  3.19818115234375E-0001 
 1.05000000000000E+0001  3.53454589843751E-0001  1.89733886718750E-0001 
 1.10000000000000E+0001  2.90783691406250E-0001  6.14135742187500E-0002 
 1.15000000000000E+0001  2.17376708984375E-0001 -4.58984375000000E-0002 
 1.20000000000000E+0001  1.36328125000000E-0001 -1.26947021484375E-0001 
 1.25000000000000E+0001  4.96948242187500E-0002 -1.73291015625000E-0001 
 1.30000000000000E+0001 -1.48071289062499E-0002 -1.82250976562500E-0001 
 1.35000000000000E+0001 -4.08996582031250E-0002 -1.59954833984375E-0001 
 1.40000000000000E+0001 -4.09240722656250E-0002 -1.18572998046875E-0001 
 1.45000000000000E+0001 -2.70507812500000E-0002 -7.02453613281250E-0002 
 1.50000000000000E+0001  1.40991210937500E-0003 -2.39074707031250E-0002 
 1.55000000000000E+0001  3.73229980468750E-0002  1.11816406250000E-0002 
 1.60000000000000E+0001  7.10998535156250E-0002  2.37487792968750E-0002 
 1.65000000000000E+0001  1.04888916015625E-0001  1.05957031249999E-0002 
 1.70000000000000E+0001  1.36193847656250E-0001 -1.28906249999999E-0002 
 1.75000000000000E+0001  1.58184814453125E-0001 -2.62023925781250E-0002 
 1.80000000000000E+0001  1.75695800781250E-0001 -2.82531738281250E-0002 
 1.85000000000000E+0001  1.88751220703125E-0001 -2.81066894531250E-0002 
 1.90000000000000E+0001  1.80426025390625E-0001 -1.99157714843750E-0002 
 1.95000000000000E+0001  1.38964843750000E-0001 -4.39453124999999E-0004 
 2.00000000000000E+0001  7.21618652343750E-0002  1.48498535156249E-0002 
 2.05000000000000E+0001 -8.12988281249999E-0003  2.02697753906250E-0002 
 2.10000000000000E+0001 -9.10827636718749E-0002  2.08068847656250E-0002 
 2.15000000000000E+0001 -1.61608886718750E-0001  1.69433593750000E-0002 
 2.20000000000000E+0001 -2.03118896484375E-0001  8.33740234375000E-0003 
 2.25000000000000E+0001 -2.16705322265625E-0001  6.64062500000000E-0003 
 2.30000000000000E+0001 -2.11340332031250E-0001  2.61901855468750E-0002 
 2.35000000000000E+0001 -1.89263916015625E-0001  5.68725585937500E-0002 
 2.40000000000000E+0001 -1.58575439453125E-0001  8.53088378906250E-0002 
 2.45000000000000E+0001 -1.26751708984375E-0001  1.12762451171875E-0001 
 2.50000000000000E+0001 -9.64843750000000E-0002  1.29406738281250E-0001 
 2.55000000000000E+0001 -6.82556152343749E-0002  1.21215820312499E-0001 
 2.60000000000000E+0001 -4.31030273437500E-0002  8.90808105468751E-0002 
 2.65000000000000E+0001 -2.27600097656250E-0002  4.73022460937499E-0002 
 2.70000000000000E+0001 -6.10351562500001E-0003  7.08618164062500E-0003 
 2.75000000000000E+0001  6.17065429687500E-0003 -2.49999999999999E-0002 
 2.80000000000000E+0001  1.07543945312500E-0002 -4.26330566406249E-0002 
 2.85000000000000E+0001  8.48388671875000E-0003 -4.84863281249999E-0002 
 2.90000000000000E+0001  2.63061523437500E-0003 -5.55725097656250E-0002 
 2.95000000000000E+0001 -8.97216796875000E-0003 -7.10327148437501E-0002 
 3.00000000000000E+0001 -3.02673339843750E-0002 -9.00634765625001E-0002 
 3.05000000000000E+0001 -5.84472656249999E-0002 -1.08221435546875E-0001 
 3.10000000000000E+0001 -8.70361328125001E-0002 -1.21801757812499E-0001 
 3.15000000000000E+0001 -1.09844970703124E-0001 -1.22283935546875E-0001 
 3.20000000000000E+0001 -1.23022460937499E-0001 -1.02606201171875E-0001 
 3.25000000000000E+0001 -1.22772216796875E-0001 -6.39221191406250E-0002 
 3.30000000000000E+0001 -1.06359863281250E-0001 -1.49658203125000E-0002 
 3.35000000000000E+0001 -7.75573730468750E-0002  3.42407226562500E-0002 
 3.40000000000000E+0001 -4.26940917968750E-0002  7.72949218749999E-0002 
 3.45000000000000E+0001 -4.58374023437501E-0003  1.09051513671875E-0001 
 3.50000000000000E+0001  3.31481933593750E-0002  1.24267578125000E-0001 
 3.55000000000000E+0001  6.53442382812500E-0002  1.20819091796875E-0001 
 3.60000000000000E+0001  8.89770507812500E-0002  1.03076171874999E-0001 
 3.65000000000000E+0001  1.04016113281250E-0001  7.62634277343750E-0002 
 3.70000000000000E+0001  1.09625244140625E-0001  4.30297851562500E-0002 
 3.75000000000000E+0001  1.05731201171875E-0001  6.63452148437499E-0003 
 3.80000000000000E+0001  9.25659179687500E-0002 -2.78869628906250E-0002 
 3.85000000000000E+0001  7.11120605468751E-0002 -5.49133300781250E-0002 
 3.90000000000000E+0001  4.36401367187500E-0002 -7.43896484374999E-0002 
 3.95000000000000E+0001  1.27075195312500E-0002 -8.67980957031251E-0002 
 4.00000000000000E+0001 -1.82739257812500E-0002 -9.07409667968750E-0002 
 4.05000000000000E+0001 -4.71191406250000E-0002 -8.70239257812500E-0002 
 4.10000000000000E+0001 -7.36999511718749E-0002 -7.75695800781250E-0002 
 4.15000000000000E+0001 -9.55505371093750E-0002 -6.51245117187501E-0002 
 4.20000000000000E+0001 -1.11022949218750E-0001 -5.06408691406250E-0002 
 4.25000000000000E+0001 -1.17346191406250E-0001 -3.31726074218750E-0002 
 4.30000000000000E+0001 -1.13781738281250E-0001 -1.45874023437499E-0002 
 4.35000000000000E+0001 -1.00292968749999E-0001  4.17480468750000E-0003 
 4.40000000000000E+0001 -7.55493164062501E-0002  1.98364257812500E-0002 
 4.45000000000000E+0001 -4.30908203125000E-0002  2.87963867187500E-0002 
 4.50000000000000E+0001 -9.87548828125001E-0003  3.16284179687500E-0002 
 4.55000000000000E+0001  1.97875976562500E-0002  3.02429199218750E-0002 
 4.60000000000000E+0001  4.26513671874999E-0002  2.30102539062500E-0002 
 4.65000000000000E+0001  5.48217773437499E-0002  1.07177734375000E-0002 
 4.70000000000000E+0001  5.55603027343750E-0002 -1.64184570312500E-0003 
 4.75000000000000E+0001  4.97985839843750E-0002 -9.43603515625000E-0003 
 4.80000000000000E+0001  4.39514160156250E-0002 -1.35437011718749E-0002 
 4.85000000000000E+0001  3.90869140625000E-0002 -1.71813964843750E-0002 
 4.90000000000000E+0001  3.39233398437500E-0002 -2.07397460937500E-0002 
 4.95000000000000E+0001  2.71484375000000E-0002 -2.12890625000000E-0002 
 5.00000000000000E+0001  1.93847656250000E-0002 -1.97448730468750E-0002 
 5.05000000000000E+0001  1.17309570312500E-0002 -1.96655273437500E-0002 
 5.10000000000000E+0001  2.92358398437500E-0003 -2.27111816406250E-0002 
 5.15000000000000E+0001 -7.62939453125001E-0003 -2.57385253906250E-0002 
 5.20000000000000E+0001 -1.39160156250000E-0002 -2.63366699218750E-0002 
 5.25000000000000E+0001 -1.29638671875000E-0002 -2.70141601562500E-0002 
 5.30000000000000E+0001 -8.52661132812501E-0003 -2.86804199218750E-0002 
 5.35000000000000E+0001 -4.07714843750001E-0003 -2.81982421875000E-0002 
 5.40000000000000E+0001  2.14843750000001E-0003 -2.48901367187500E-0002 
 5.45000000000000E+0001  1.06445312500000E-0002 -2.29003906250000E-0002 
 5.50000000000000E+0001  1.77124023437500E-0002 -2.46704101562500E-0002 
 5.55000000000000E+0001  2.11791992187500E-0002 -2.94250488281250E-0002 
 5.60000000000000E+0001  2.06481933593750E-0002 -3.55895996093750E-0002 
 5.65000000000000E+0001  1.49719238281250E-0002 -4.17907714843750E-0002 
 5.70000000000000E+0001  3.97338867187501E-0003 -4.48547363281250E-0002 
 5.75000000000000E+0001 -1.03637695312499E-0002 -4.23095703125000E-0002 
 5.80000000000000E+0001 -2.48840332031250E-0002 -3.32885742187500E-0002 
 5.85000000000000E+0001 -3.58703613281250E-0002 -2.10083007812500E-0002 
 5.90000000000000E+0001 -3.93859863281250E-0002 -9.83886718750002E-0003 
 5.95000000000000E+0001 -3.53942871093750E-0002 -2.55126953125000E-0003 
 6.00000000000000E+0001 -2.66052246093750E-0002  1.80664062500000E-0003 
 6.05000000000000E+0001 -1.32629394531250E-0002  5.51147460937501E-0003 
 6.10000000000000E+0001  4.05883789062499E-0003  7.34252929687501E-0003 
 6.15000000000000E+0001  2.23022460937500E-0002  6.53076171875000E-0003 
 6.20000000000000E+0001  3.60290527343750E-0002  4.26025390625000E-0003 
 6.25000000000000E+0001  4.34875488281250E-0002  2.53906250000000E-0003 
 6.30000000000000E+0001  4.57885742187500E-0002 -1.52587890625001E-0004 
 6.35000000000000E+0001  4.31884765625000E-0002 -5.88378906250001E-0003 
 6.40000000000000E+0001  3.58886718750000E-0002 -1.50878906250000E-0002 
 6.45000000000000E+0001  2.54455566406250E-0002 -2.63427734375000E-0002 
 6.50000000000000E+0001  1.42272949218750E-0002 -3.82507324218750E-0002 
 6.55000000000000E+0001  3.79028320312500E-0003 -4.94079589843749E-0002 
 6.60000000000000E+0001 -6.25610351562499E-0003 -5.78613281250000E-0002 
 6.65000000000000E+0001 -1.55761718750000E-0002 -6.15783691406250E-0002 
 6.70000000000000E+0001 -2.49084472656250E-0002 -5.91674804687500E-0002 
 6.75000000000000E+0001 -3.39965820312500E-0002 -5.07141113281250E-0002 
 6.80000000000000E+0001 -4.02160644531250E-0002 -3.87145996093750E-0002 
 6.85000000000000E+0001 -4.12475585937501E-0002 -2.68615722656250E-0002 
 6.90000000000000E+0001 -3.60168457031250E-0002 -1.81640625000000E-0002 
 6.95000000000000E+0001 -2.65197753906250E-0002 -1.17309570312500E-0002 
 7.00000000000000E+0001 -1.33728027343750E-0002 -8.11767578124999E-0003 
 7.05000000000000E+0001  4.21142578125016E-0004 -8.41674804687500E-0003 
 7.10000000000000E+0001  1.00524902343749E-0002 -9.93652343750001E-0003 
 7.15000000000000E+0001  1.33911132812499E-0002 -1.00341796875000E-0002 
 7.20000000000000E+0001  1.11633300781249E-0002 -9.60083007812501E-0003 
 7.25000000000000E+0001  5.99365234375002E-0003 -1.01379394531250E-0002 
 7.30000000000000E+0001 -2.62451171874989E-0004 -1.17797851562500E-0002 
 7.35000000000000E+0001 -5.41381835937501E-0003 -1.33850097656250E-0002 
 7.40000000000000E+0001 -6.53686523437500E-0003 -1.63635253906250E-0002 
 7.45000000000000E+0001 -3.71093750000000E-0003 -2.12829589843750E-0002 
 7.50000000000000E+0001 -6.59179687499999E-0004 -2.61352539062500E-0002 
 7.55000000000000E+0001 -2.50244140624995E-0004 -2.99499511718750E-0002 
 7.60000000000000E+0001 -2.53906250000000E-0003 -3.22265625000000E-0002 
 7.65000000000000E+0001 -7.08007812500000E-0003 -3.17382812500000E-0002 
 7.70000000000000E+0001 -1.30981445312500E-0002 -2.91748046875000E-0002 
 7.75000000000000E+0001 -1.96228027343750E-0002 -2.61474609375000E-0002 
 7.80000000000000E+0001 -2.47436523437500E-0002 -2.26989746093750E-0002 
 7.85000000000000E+0001 -2.60192871093750E-0002 -1.76086425781250E-0002 
 7.90000000000000E+0001 -2.36694335937500E-0002 -1.16333007812500E-0002 
 7.95000000000000E+0001 -1.87744140625000E-0002 -6.77490234375001E-0003 
 8.00000000000000E+0001 -1.19934082031250E-0002 -3.60107421874999E-0003 
 8.05000000000000E+0001 -4.72412109375000E-0003 -1.31225585937498E-0003 
 8.10000000000000E+0001  1.59912109374999E-0003 -2.31933593750002E-0004 
 8.15000000000000E+0001  5.15136718750000E-0003 -2.41088867187500E-0003 
 8.20000000000000E+0001  4.90722656250001E-0003 -4.70581054687501E-0003 
 8.25000000000000E+0001  2.89916992187499E-0003 -5.52368164062500E-0003 
 8.30000000000000E+0001 -4.88281250000052E-0005 -7.56835937499999E-0003 
 8.35000000000000E+0001 -2.87475585937500E-0003 -1.16271972656250E-0002 
 8.40000000000000E+0001 -4.98657226562500E-0003 -1.50024414062500E-0002 
 8.45000000000000E+0001 -6.11572265625000E-0003 -1.63818359375000E-0002 
 8.50000000000000E+0001 -5.90820312500000E-0003 -1.81274414062500E-0002 
 8.55000000000000E+0001 -6.89086914062501E-0003 -1.92565917968750E-0002 
 8.60000000000000E+0001 -8.13598632812500E-0003 -1.68518066406250E-0002 
 8.65000000000000E+0001 -8.19702148437501E-0003 -1.43737792968750E-0002 
 8.70000000000000E+0001 -8.67919921875000E-0003 -1.48742675781250E-0002 
 8.75000000000000E+0001 -1.10046386718750E-0002 -1.63330078125000E-0002 
 8.80000000000000E+0001 -1.32141113281250E-0002 -1.73217773437500E-0002 
 8.85000000000000E+0001 -1.39709472656250E-0002 -2.05383300781250E-0002 
 8.90000000000000E+0001 -1.45568847656250E-0002 -2.55249023437500E-0002 
 8.95000000000000E+0001 -1.49475097656250E-0002 -2.91748046875000E-0002 
 9.00000000000000E+0001 -1.35192871093749E-0002 -2.98828125000000E-0002 
 9.05000000000000E+0001 -9.28955078125000E-0003 -2.88940429687500E-0002 
 9.10000000000000E+0001 -4.16870117187501E-0003 -2.87963867187500E-0002 
 9.15000000000000E+0001 -1.37329101562500E-0003 -2.95593261718750E-0002 
 9.20000000000000E+0001 -1.17187500000000E-0003 -2.99194335937500E-0002 
 9.25000000000000E+0001 -2.53295898437500E-0003 -2.90466308593750E-0002 
 9.30000000000000E+0001 -4.79125976562500E-0003 -2.82470703125000E-0002 
 9.35000000000000E+0001 -8.80126953125001E-0003 -2.83752441406250E-0002 
 9.40000000000000E+0001 -1.27197265625000E-0002 -2.74291992187500E-0002 
 9.45000000000000E+0001 -1.27929687499999E-0002 -2.49572753906250E-0002 
 9.50000000000000E+0001 -1.04309082031250E-0002 -2.41760253906250E-0002 
 9.55000000000000E+0001 -9.73510742187502E-0003 -2.52929687500000E-0002 
 9.60000000000000E+0001 -1.07727050781249E-0002 -2.68432617187500E-0002 
 9.65000000000000E+0001 -1.12670898437500E-0002 -2.69775390625000E-0002 
 9.70000000000000E+0001 -1.12731933593750E-0002 -2.70019531250000E-0002 
 9.75000000000000E+0001 -1.29333496093750E-0002 -2.84423828125000E-0002 
 9.80000000000000E+0001 -1.46972656250000E-0002 -3.04931640625000E-0002 
 9.85000000000000E+0001 -1.49902343749999E-0002 -3.24401855468750E-0002 
 9.90000000000000E+0001 -1.38854980468750E-0002 -3.39660644531250E-0002 
 9.95000000000000E+0001 -1.20483398437500E-0002 -3.62609863281250E-0002 
 1.00000000000000E+0002 -1.04980468750000E-0002 -3.84338378906250E-0002 
 1.00500000000000E+0002 -1.08520507812499E-0002 -3.84216308593749E-0002 
 1.01000000000000E+0002 -1.29882812500000E-0002 -3.64257812500000E-0002 
 1.01500000000000E+0002 -1.68823242187500E-0002 -3.43444824218750E-0002 
 1.02000000000000E+0002 -2.07641601562500E-0002 -3.24829101562500E-0002 
 1.02500000000000E+0002 -2.36022949218751E-0002 -3.10913085937500E-0002 
 1.03000000000000E+0002 -2.54577636718750E-0002 -3.04748535156250E-0002 
 1.03500000000000E+0002 -2.54150390625000E-0002 -2.87841796875000E-0002 
 1.04000000000000E+0002 -2.30529785156250E-0002 -2.63000488281251E-0002 
 1.04500000000000E+0002 -1.90307617187500E-0002 -2.36389160156250E-0002 
 1.05000000000000E+0002 -1.56066894531250E-0002 -2.30773925781250E-0002 
 1.05500000000000E+0002 -1.48925781250000E-0002 -2.39135742187500E-0002 
 1.06000000000000E+0002 -1.55151367187500E-0002 -2.35656738281250E-0002 
 1.06500000000000E+0002 -1.60034179687500E-0002 -2.36755371093750E-0002 
 1.07000000000000E+0002 -1.76513671875000E-0002 -2.48413085937500E-0002 
 1.07500000000000E+0002 -1.96777343750000E-0002 -2.46459960937500E-0002 
 1.08000000000000E+0002 -2.05017089843750E-0002 -2.26745605468750E-0002 
 1.08500000000000E+0002 -2.00134277343750E-0002 -1.99401855468750E-0002 
 1.09000000000000E+0002 -1.94702148437500E-0002 -1.87194824218750E-0002 
 1.09500000000000E+0002 -2.07031250000000E-0002 -1.91040039062500E-0002 
 1.10000000000000E+0002 -2.21679687500000E-0002 -1.95739746093750E-0002 
 1.10500000000000E+0002 -2.32299804687500E-0002 -2.05200195312500E-0002 
 1.11000000000000E+0002 -2.32788085937500E-0002 -2.06542968750000E-0002 
 1.11500000000000E+0002 -2.03125000000000E-0002 -2.15087890625000E-0002 
 1.12000000000000E+0002 -1.42272949218749E-0002 -2.40600585937500E-0002 
 1.12500000000000E+0002 -7.47680664062499E-0003 -2.77160644531250E-0002 
 1.13000000000000E+0002 -3.22265625000000E-0003 -3.04687500000000E-0002 
 1.13500000000000E+0002 -3.78417968749993E-0004 -3.07128906250000E-0002 
 1.14000000000000E+0002  1.61743164062501E-0003 -3.01208496093750E-0002 
 1.14500000000000E+0002 -8.97216796875000E-0004 -2.97119140625000E-0002 
 1.15000000000000E+0002 -7.70263671875001E-0003 -2.67272949218750E-0002 
 1.15500000000000E+0002 -1.50268554687499E-0002 -2.06237792968750E-0002 
 1.16000000000000E+0002 -1.90917968750000E-0002 -1.36657714843750E-0002 
 1.16500000000000E+0002 -2.06542968750000E-0002 -9.75952148437500E-0003 
 1.17000000000000E+0002 -2.19726562500000E-0002 -9.47265624999999E-0003 
 1.17500000000000E+0002 -2.17163085937500E-0002 -1.00219726562499E-0002 
 1.18000000000000E+0002 -1.87377929687500E-0002 -1.02661132812500E-0002 
 1.18500000000000E+0002 -1.52099609375000E-0002 -1.27807617187499E-0002 
 1.19000000000000E+0002 -1.35559082031250E-0002 -1.84692382812500E-0002 
 1.19500000000000E+0002 -1.48681640625000E-0002 -2.41027832031250E-0002 
 1.20000000000000E+0002 -1.76330566406250E-0002 -2.56958007812500E-0002 
 1.20500000000000E+0002 -2.11669921875000E-0002 -2.50610351562500E-0002 
 1.21000000000000E+0002 -2.53845214843750E-0002 -2.38037109375000E-0002 
 1.21500000000000E+0002 -2.85583496093750E-0002 -2.12524414062500E-0002 
 1.22000000000000E+0002 -2.98278808593750E-0002 -1.84631347656250E-0002 
 1.22500000000000E+0002 -2.99133300781250E-0002 -1.61071777343750E-0002 
 1.23000000000000E+0002 -2.87536621093750E-0002 -1.44714355468749E-0002 
 1.23500000000000E+0002 -2.53356933593750E-0002 -1.45080566406249E-0002 
 1.24000000000000E+0002 -1.99768066406250E-0002 -1.61315917968750E-0002 
 1.24500000000000E+0002 -1.49047851562500E-0002 -1.76818847656250E-0002 
 1.25000000000000E+0002 -1.07360839843750E-0002 -1.70104980468750E-0002 
 1.25500000000000E+0002 -6.26831054687500E-0003 -1.49047851562500E-0002 
 1.26000000000000E+0002 -1.04980468750000E-0003 -1.47888183593749E-0002 
 1.26500000000000E+0002  1.71508789062500E-0003 -1.68334960937500E-0002 
 1.27000000000000E+0002  1.24511718750000E-0003 -1.82434082031250E-0002 
 1.27500000000000E+0002  1.06201171874999E-0003 -1.93420410156250E-0002 
 1.28000000000000E+0002  9.52148437500001E-0004 -2.38952636718750E-0002 
 1.28500000000000E+0002 -8.91113281249998E-0004 -2.98461914062500E-0002 
 1.29000000000000E+0002 -4.16259765625000E-0003 -3.18054199218750E-0002 
 1.29500000000000E+0002 -5.91430664062500E-0003 -3.02795410156250E-0002 
 1.30000000000000E+0002 -6.75048828125000E-0003 -2.98828125000000E-0002 
 1.30500000000000E+0002 -1.01196289062499E-0002 -3.03405761718750E-0002 
 1.31000000000000E+0002 -1.33666992187500E-0002 -2.90283203125000E-0002 
 1.31500000000000E+0002 -1.49536132812500E-0002 -2.74841308593750E-0002 
 1.32000000000000E+0002 -1.61865234375000E-0002 -2.77709960937500E-0002 
 1.32500000000000E+0002 -1.78039550781250E-0002 -2.81738281250000E-0002 
 1.33000000000000E+0002 -1.73706054687500E-0002 -2.62084960937500E-0002 
 1.33500000000000E+0002 -1.43554687500000E-0002 -2.35595703125000E-0002 
 1.34000000000000E+0002 -1.13586425781250E-0002 -2.13806152343750E-0002 
 1.34500000000000E+0002 -9.63134765625000E-0003 -1.95861816406250E-0002 
 1.35000000000000E+0002 -8.41674804687500E-0003 -1.94091796875000E-0002 
 1.35500000000000E+0002 -7.64160156250000E-0003 -2.19177246093750E-0002 
 1.36000000000000E+0002 -9.45434570312499E-0003 -2.62451171875000E-0002 
 1.36500000000000E+0002 -1.33911132812500E-0002 -2.96691894531250E-0002 
 1.37000000000000E+0002 -1.70166015625000E-0002 -3.27941894531250E-0002 
 1.37500000000000E+0002 -1.77856445312500E-0002 -3.63159179687500E-0002 
 1.38000000000000E+0002 -1.53808593750000E-0002 -3.92639160156250E-0002 
 1.38500000000000E+0002 -1.19812011718749E-0002 -4.07592773437499E-0002 
 1.39000000000000E+0002 -8.95996093750001E-0003 -4.05456542968750E-0002 
 1.39500000000000E+0002 -5.27343750000000E-0003 -3.78479003906251E-0002 
 1.40000000000000E+0002 -6.59179687499993E-0004 -3.34838867187500E-0002 
 1.40500000000000E+0002  8.72802734375004E-0004 -2.85888671875000E-0002 
 1.41000000000000E+0002 -2.44750976562499E-0003 -2.38647460937500E-0002 
 1.41500000000000E+0002 -7.48291015625001E-0003 -2.14904785156250E-0002 
 1.42000000000000E+0002 -1.23596191406250E-0002 -2.28271484375000E-0002 
 1.42500000000000E+0002 -1.81823730468750E-0002 -2.72338867187500E-0002 
 1.43000000000000E+0002 -2.54638671875000E-0002 -3.04626464843750E-0002 
 1.43500000000000E+0002 -3.05480957031250E-0002 -3.15429687500000E-0002 
 1.44000000000000E+0002 -3.23120117187500E-0002 -3.17199707031250E-0002 
 1.44500000000000E+0002 -3.29040527343750E-0002 -3.12683105468751E-0002 
 1.45000000000000E+0002 -3.30688476562500E-0002 -2.86071777343750E-0002 
 1.45500000000000E+0002 -3.20007324218750E-0002 -2.39685058593750E-0002 
 1.46000000000000E+0002 -3.13659667968750E-0002 -1.99890136718750E-0002 
 1.46500000000000E+0002 -3.30627441406250E-0002 -1.75964355468750E-0002 
 1.47000000000000E+0002 -3.53088378906250E-0002 -1.52038574218749E-0002 
 1.47500000000000E+0002 -3.47839355468750E-0002 -1.28906250000000E-0002 
 1.48000000000000E+0002 -3.18847656250000E-0002 -1.29455566406249E-0002 
 1.48500000000000E+0002 -2.83813476562500E-0002 -1.62353515625000E-0002 
 1.49000000000000E+0002 -2.42309570312500E-0002 -2.00317382812499E-0002 
 1.49500000000000E+0002 -1.80603027343750E-0002 -2.25280761718750E-0002 
 1.50000000000000E+0002 -1.24694824218749E-0002 -2.39440917968750E-0002 
 1.50500000000000E+0002 -1.12243652343749E-0002 -2.43286132812500E-0002 
 1.51000000000000E+0002 -1.44165039062499E-0002 -2.39501953125000E-0002 
 1.51500000000000E+0002 -1.94885253906250E-0002 -2.34619140625000E-0002 
 1.52000000000000E+0002 -2.53906250000000E-0002 -2.29919433593750E-0002 
 1.52500000000000E+0002 -3.03710937500000E-0002 -2.23571777343750E-0002 
 1.53000000000000E+0002 -3.25317382812500E-0002 -2.16186523437500E-0002 
 1.53500000000000E+0002 -2.97912597656250E-0002 -2.11608886718750E-0002 
 1.54000000000000E+0002 -2.36816406250000E-0002 -2.01660156250000E-0002 
 1.54500000000000E+0002 -1.76330566406250E-0002 -1.75354003906250E-0002 
 1.55000000000000E+0002 -1.29455566406250E-0002 -1.38549804687499E-0002 
 1.55500000000000E+0002 -1.14013671875000E-0002 -1.00219726562500E-0002 
 1.56000000000000E+0002 -1.27990722656250E-0002 -5.24291992187500E-0003 
 1.56500000000000E+0002 -1.62841796875000E-0002 -5.43212890624998E-0004 
 1.57000000000000E+0002 -2.01049804687500E-0002  2.75268554687501E-0003 
 1.57500000000000E+0002 -2.33337402343750E-0002  2.96020507812499E-0003 
 1.58000000000000E+0002 -2.58178710937500E-0002  5.98144531249991E-0004 
 1.58500000000000E+0002 -2.72644042968750E-0002 -3.52172851562500E-0003 
 1.59000000000000E+0002 -2.60498046875000E-0002 -9.05151367187499E-0003 
 1.59500000000000E+0002 -2.18566894531250E-0002 -1.53137207031250E-0002 
 1.60000000000000E+0002 -1.54846191406250E-0002 -2.19238281250000E-0002 
 1.60500000000000E+0002 -9.63745117187498E-0003 -2.92785644531250E-0002 
 1.61000000000000E+0002 -6.86035156250000E-0003 -3.57543945312500E-0002 
 1.61500000000000E+0002 -7.28759765625001E-0003 -3.94287109374999E-0002 
 1.62000000000000E+0002 -9.21020507812500E-0003 -3.96362304687500E-0002 
 1.62500000000000E+0002 -1.28540039062500E-0002 -3.66027832031250E-0002 
 1.63000000000000E+0002 -1.69860839843750E-0002 -3.05847167968750E-0002 
 1.63500000000000E+0002 -1.87927246093750E-0002 -2.32299804687500E-0002 
 1.64000000000000E+0002 -1.77368164062500E-0002 -1.64794921875000E-0002 
 1.64500000000000E+0002 -1.54357910156249E-0002 -1.29272460937500E-0002 
 1.65000000000000E+0002 -1.61010742187500E-0002 -1.33422851562500E-0002 
 1.65500000000000E+0002 -1.90917968750000E-0002 -1.62109375000000E-0002 
 1.66000000000000E+0002 -2.21923828125000E-0002 -1.97753906250000E-0002 
 1.66500000000000E+0002 -2.43835449218750E-0002 -2.28332519531250E-0002 
 1.67000000000000E+0002 -2.51037597656250E-0002 -2.46765136718750E-0002 
 1.67500000000000E+0002 -2.43652343750000E-0002 -2.63183593750000E-0002 
 1.68000000000000E+0002 -2.09960937500000E-0002 -2.77526855468750E-0002 
 1.68500000000000E+0002 -1.58142089843750E-0002 -2.91442871093750E-0002 
 1.69000000000000E+0002 -1.15844726562500E-0002 -3.05114746093750E-0002 
 1.69500000000000E+0002 -1.07971191406250E-0002 -3.25622558593750E-0002 
 1.70000000000000E+0002 -1.25244140625000E-0002 -3.53759765625000E-0002 
 1.70500000000000E+0002 -1.40563964843750E-0002 -3.80493164062500E-0002 
 1.71000000000000E+0002 -1.80358886718750E-0002 -3.95141601562500E-0002 
 1.71500000000000E+0002 -2.45361328125000E-0002 -3.90502929687500E-0002 
 1.72000000000000E+0002 -3.13415527343750E-0002 -3.73840332031250E-0002 
 1.72500000000000E+0002 -3.54797363281251E-0002 -3.55102539062500E-0002 
 1.73000000000000E+0002 -3.82080078125000E-0002 -3.40576171875000E-0002 
 1.73500000000000E+0002 -4.02465820312500E-0002 -3.21228027343750E-0002 
 1.74000000000000E+0002 -3.97094726562500E-0002 -2.89184570312500E-0002 
 1.74500000000000E+0002 -3.66821289062500E-0002 -2.60559082031250E-0002 
 1.75000000000000E+0002 -3.33190917968750E-0002 -2.43408203125000E-0002 
 1.75500000000000E+0002 -3.10607910156250E-0002 -2.15820312500000E-0002 
 1.76000000000000E+0002 -2.82165527343750E-0002 -1.72363281250000E-0002 
 1.76500000000000E+0002 -2.52075195312500E-0002 -1.49353027343750E-0002 
 1.77000000000000E+0002 -2.40661621093750E-0002 -1.75781250000000E-0002 
 1.77500000000000E+0002 -2.45666503906250E-0002 -2.31445312500000E-0002 
 1.78000000000000E+0002 -2.52807617187500E-0002 -2.76916503906250E-0002 
 1.78500000000000E+0002 -2.48229980468750E-0002 -3.12866210937500E-0002 
 1.79000000000000E+0002 -2.54699707031250E-0002 -3.47045898437500E-0002 
 1.79500000000000E+0002 -2.68188476562500E-0002 -3.69323730468750E-0002 
 1.80000000000000E+0002 -2.81188964843750E-0002 -3.78173828125000E-0002 
 1.80500000000000E+0002 -2.87780761718750E-0002 -3.68957519531250E-0002 
 1.81000000000000E+0002 -2.80456542968750E-0002 -3.60717773437500E-0002 
 1.81500000000000E+0002 -2.67456054687500E-0002 -3.65661621093750E-0002 
 1.82000000000000E+0002 -2.55676269531250E-0002 -3.65539550781250E-0002 
 1.82500000000000E+0002 -2.56103515625000E-0002 -3.41491699218750E-0002 
 1.83000000000000E+0002 -2.62145996093750E-0002 -2.80944824218750E-0002 
 1.83500000000000E+0002 -2.72949218750000E-0002 -2.21923828125000E-0002 
 1.84000000000000E+0002 -2.84362792968750E-0002 -1.78955078125000E-0002 
 1.84500000000000E+0002 -2.74230957031250E-0002 -1.51367187500000E-0002 
 1.85000000000000E+0002 -2.42736816406250E-0002 -1.49047851562500E-0002 
 1.85500000000000E+0002 -2.16369628906250E-0002 -1.74926757812500E-0002 
 1.86000000000000E+0002 -1.92382812500000E-0002 -2.22167968750000E-0002 
 1.86500000000000E+0002 -1.75842285156250E-0002 -2.94799804687500E-0002 
 1.87000000000000E+0002 -1.93969726562500E-0002 -3.65295410156250E-0002 
 1.87500000000000E+0002 -2.46398925781250E-0002 -4.03869628906251E-0002 
 1.88000000000000E+0002 -2.95166015625000E-0002 -4.16503906250000E-0002 
 1.88500000000000E+0002 -3.18969726562500E-0002 -4.23034667968750E-0002 
 1.89000000000000E+0002 -3.34411621093750E-0002 -4.23583984375000E-0002 
 1.89500000000000E+0002 -3.49121093750000E-0002 -4.15344238281250E-0002 
 1.90000000000000E+0002 -3.50097656250000E-0002 -4.13024902343750E-0002 
 1.90500000000000E+0002 -3.46313476562500E-0002 -4.35363769531250E-0002 
 1.91000000000000E+0002 -3.55041503906250E-0002 -4.58862304687500E-0002 
 1.91500000000000E+0002 -3.55651855468750E-0002 -4.65820312499999E-0002 
 1.92000000000000E+0002 -3.27331542968751E-0002 -4.62280273437500E-0002 
 1.92500000000000E+0002 -2.76184082031250E-0002 -4.39636230468750E-0002 
 1.93000000000000E+0002 -2.20581054687500E-0002 -4.03869628906251E-0002 
 1.93500000000000E+0002 -1.76452636718750E-0002 -3.71948242187500E-0002 
 1.94000000000000E+0002 -1.42211914062499E-0002 -3.64562988281250E-0002 
 1.94500000000000E+0002 -1.22802734374999E-0002 -3.92578125000000E-0002 
 1.95000000000000E+0002 -1.33544921874999E-0002 -4.35424804687500E-0002 
 1.95500000000000E+0002 -1.55334472656250E-0002 -4.70458984375000E-0002 
 1.96000000000000E+0002 -1.73889160156250E-0002 -4.84619140625000E-0002 
 1.96500000000000E+0002 -1.74987792968750E-0002 -4.73083496093750E-0002 
 1.97000000000000E+0002 -1.73889160156250E-0002 -4.38476562500000E-0002 
 1.97500000000000E+0002 -1.83532714843750E-0002 -3.83605957031250E-0002 
 1.98000000000000E+0002 -2.00805664062500E-0002 -3.30322265625000E-0002 
 1.98500000000000E+0002 -2.16003417968749E-0002 -2.95471191406250E-0002 
 1.99000000000000E+0002 -2.19848632812500E-0002 -2.81188964843750E-0002 
 1.99500000000000E+0002 -2.01538085937500E-0002 -2.80883789062500E-0002 
 2.00000000000000E+0002 -1.82006835937500E-0002 -2.90100097656250E-0002 
 2.00500000000000E+0002 -1.65405273437500E-0002 -2.87597656250000E-0002 
 2.01000000000000E+0002 -1.43859863281249E-0002 -2.69165039062500E-0002 
 2.01500000000000E+0002 -1.30065917968749E-0002 -2.51525878906250E-0002 
 2.02000000000000E+0002 -1.47583007812500E-0002 -2.24426269531250E-0002 
 2.02500000000000E+0002 -1.89208984375000E-0002 -1.80847167968750E-0002 
 2.03000000000000E+0002 -2.36145019531250E-0002 -1.39404296875000E-0002 
 2.03500000000000E+0002 -2.70324707031250E-0002 -1.18896484375000E-0002 
 2.04000000000000E+0002 -2.88330078125000E-0002 -1.23229980468749E-0002 
 2.04500000000000E+0002 -2.82531738281250E-0002 -1.49291992187499E-0002 
 2.05000000000000E+0002 -2.63366699218750E-0002 -2.10571289062500E-0002 
 2.05500000000000E+0002 -2.52075195312500E-0002 -2.93945312500000E-0002 
 2.06000000000000E+0002 -2.57873535156250E-0002 -3.49609374999999E-0002 
 2.06500000000000E+0002 -2.80639648437500E-0002 -3.52294921875000E-0002 
 2.07000000000000E+0002 -3.06823730468750E-0002 -3.02368164062500E-0002 
 2.07500000000000E+0002 -3.22448730468750E-0002 -2.38647460937500E-0002 
 2.08000000000000E+0002 -3.19030761718750E-0002 -1.80603027343750E-0002 
 2.08500000000000E+0002 -2.86010742187500E-0002 -1.16149902343750E-0002 
 2.09000000000000E+0002 -2.27478027343750E-0002 -6.04248046875000E-0003 
 2.09500000000000E+0002 -1.47705078125000E-0002 -4.75463867187500E-0003 
 2.10000000000000E+0002 -7.67822265625000E-0003 -7.19604492187501E-0003 
 2.10500000000000E+0002 -4.39453125000000E-0003 -9.83886718750000E-0003 
 2.11000000000000E+0002 -4.77294921875000E-0003 -1.17431640624999E-0002 
 2.11500000000000E+0002 -8.57543945312499E-0003 -1.50207519531249E-0002 
 2.12000000000000E+0002 -1.33178710937500E-0002 -1.89697265625000E-0002 
 2.12500000000000E+0002 -1.73095703125000E-0002 -2.23693847656250E-0002 
 2.13000000000000E+0002 -2.18139648437500E-0002 -2.42492675781250E-0002 
 2.13500000000000E+0002 -2.67700195312500E-0002 -2.26257324218750E-0002 
 2.14000000000000E+0002 -2.94372558593750E-0002 -1.76879882812500E-0002 
 2.14500000000000E+0002 -2.91442871093750E-0002 -1.35375976562500E-0002 
 2.15000000000000E+0002 -2.84973144531250E-0002 -1.27990722656250E-0002 
 2.15500000000000E+0002 -2.93518066406250E-0002 -1.38610839843750E-0002 
 2.16000000000000E+0002 -2.89611816406250E-0002 -1.58874511718750E-0002 
 2.16500000000000E+0002 -2.71606445312500E-0002 -1.96411132812500E-0002 
 2.17000000000000E+0002 -2.65625000000000E-0002 -2.44323730468750E-0002 
 2.17500000000000E+0002 -2.71423339843750E-0002 -2.75634765625000E-0002 
 2.18000000000000E+0002 -2.55798339843750E-0002 -2.88208007812500E-0002 
 2.18500000000000E+0002 -2.20764160156250E-0002 -2.95959472656250E-0002 
 2.19000000000000E+0002 -1.90307617187500E-0002 -2.95715332031250E-0002 
 2.19500000000000E+0002 -1.61315917968750E-0002 -2.92663574218750E-0002 
 2.20000000000000E+0002 -1.27502441406249E-0002 -2.99804687500000E-0002 
 2.20500000000000E+0002 -1.06933593749999E-0002 -3.03710937500000E-0002 
 2.21000000000000E+0002 -1.18347167968750E-0002 -3.01879882812500E-0002 
 2.21500000000000E+0002 -1.42272949218749E-0002 -2.96020507812500E-0002 
 2.22000000000000E+0002 -1.70715332031250E-0002 -2.94006347656250E-0002 
 2.22500000000000E+0002 -2.17224121093750E-0002 -2.90588378906250E-0002 
 2.23000000000000E+0002 -2.81921386718750E-0002 -2.95898437500000E-0002 
 2.23500000000000E+0002 -3.47412109374999E-0002 -3.13110351562500E-0002 
 2.24000000000000E+0002 -4.06127929687500E-0002 -3.40759277343750E-0002 
 2.24500000000000E+0002 -4.59167480468750E-0002 -3.69934082031250E-0002 
 2.25000000000000E+0002 -4.89379882812500E-0002 -3.81164550781250E-0002 
 2.25500000000000E+0002 -4.69238281250001E-0002 -3.72253417968750E-0002 
 2.26000000000000E+0002 -4.11315917968750E-0002 -3.53332519531250E-0002 
 2.26500000000000E+0002 -3.46557617187500E-0002 -3.31237792968750E-0002 
 2.27000000000000E+0002 -2.92419433593750E-0002 -3.07495117187500E-0002 
 2.27500000000000E+0002 -2.62329101562500E-0002 -2.89184570312500E-0002 
 2.28000000000000E+0002 -2.57324218750000E-0002 -2.88452148437500E-0002 
 2.28500000000000E+0002 -2.78381347656250E-0002 -2.92785644531250E-0002 
 2.29000000000000E+0002 -3.08410644531250E-0002 -2.89733886718750E-0002 
 2.29500000000000E+0002 -3.33862304687500E-0002 -2.78381347656250E-0002 
 2.30000000000000E+0002 -3.48266601562500E-0002 -2.62817382812500E-0002 
 2.30500000000000E+0002 -3.36730957031250E-0002 -2.43957519531250E-0002 
 2.31000000000000E+0002 -3.03710937500000E-0002 -2.26867675781250E-0002 
 2.31500000000000E+0002 -2.70385742187501E-0002 -2.22900390625000E-0002 
 2.32000000000000E+0002 -2.50610351562500E-0002 -2.25952148437501E-0002 
 2.32500000000000E+0002 -2.37548828125000E-0002 -2.18200683593750E-0002 
 2.33000000000000E+0002 -2.31933593750000E-0002 -1.96166992187500E-0002 
 2.33500000000000E+0002 -2.28698730468750E-0002 -1.71997070312500E-0002 
 2.34000000000000E+0002 -2.20825195312500E-0002 -1.46850585937500E-0002 
 2.34500000000000E+0002 -2.14172363281250E-0002 -1.23840332031250E-0002 
 2.35000000000000E+0002 -2.11791992187500E-0002 -1.02172851562500E-0002 
 2.35500000000000E+0002 -2.08801269531250E-0002 -9.27124023437499E-0003 
 2.36000000000000E+0002 -2.05688476562500E-0002 -1.02111816406249E-0002 
 2.36500000000000E+0002 -2.06604003906250E-0002 -1.38427734374999E-0002 
 2.37000000000000E+0002 -2.27050781250000E-0002 -2.02026367187500E-0002 
 2.37500000000000E+0002 -2.48107910156250E-0002 -2.68981933593750E-0002 
 2.38000000000000E+0002 -2.53051757812500E-0002 -3.24707031250000E-0002 
 2.38500000000000E+0002 -2.58605957031250E-0002 -3.66210937500000E-0002 
 2.39000000000000E+0002 -2.56408691406250E-0002 -3.79821777343750E-0002 
 2.39500000000000E+0002 -2.42187500000000E-0002 -3.54553222656250E-0002 
 2.40000000000000E+0002 -2.12402343750000E-0002 -2.91870117187500E-0002 
 2.40500000000000E+0002 -1.68823242187500E-0002 -2.25708007812500E-0002 
 2.41000000000000E+0002 -1.30126953125000E-0002 -1.66564941406250E-0002 
 2.41500000000000E+0002 -1.07421874999999E-0002 -1.09558105468750E-0002 
 2.42000000000000E+0002 -1.08337402343749E-0002 -7.26318359375000E-0003 
 2.42500000000000E+0002 -1.47949218750000E-0002 -7.45849609375000E-0003 
 2.43000000000000E+0002 -2.11853027343750E-0002 -1.10839843749999E-0002 
 2.43500000000000E+0002 -2.70385742187500E-0002 -1.59118652343750E-0002 
 2.44000000000000E+0002 -3.13354492187500E-0002 -2.07397460937500E-0002 
 2.44500000000000E+0002 -3.38928222656250E-0002 -2.52563476562500E-0002 
 2.45000000000000E+0002 -3.44177246093750E-0002 -2.69836425781250E-0002 
 2.45500000000000E+0002 -3.15856933593750E-0002 -2.50183105468750E-0002 
 2.46000000000000E+0002 -2.76245117187500E-0002 -2.14965820312500E-0002 
 2.46500000000000E+0002 -2.51586914062500E-0002 -1.74499511718750E-0002 
 2.47000000000000E+0002 -2.37121582031250E-0002 -1.39038085937500E-0002 
 2.47500000000000E+0002 -2.17651367187500E-0002 -1.30920410156250E-0002 
 2.48000000000000E+0002 -2.08312988281250E-0002 -1.51428222656250E-0002 
 2.48500000000000E+0002 -2.10449218750000E-0002 -1.69006347656250E-0002 
 2.49000000000000E+0002 -2.18322753906250E-0002 -1.51611328125000E-0002 
 2.49500000000000E+0002 -2.26135253906250E-0002 -1.28784179687500E-0002 
 2.50000000000000E+0002 -2.42675781250000E-0002 -1.18041992187500E-0002 
 2.50500000000000E+0002 -2.70019531250000E-0002 -1.13037109375000E-0002 
 2.51000000000000E+0002 -2.97790527343750E-0002 -1.22619628906249E-0002 
 2.51500000000000E+0002 -3.25805664062500E-0002 -1.57653808593750E-0002 
 2.52000000000000E+0002 -3.43261718750000E-0002 -2.00622558593750E-0002 
 2.52500000000000E+0002 -3.34777832031250E-0002 -2.39257812500000E-0002 
 2.53000000000000E+0002 -3.13110351562500E-0002 -2.61474609375000E-0002 
 2.53500000000000E+0002 -2.85827636718750E-0002 -2.71240234375000E-0002 
 2.54000000000000E+0002 -2.51159667968750E-0002 -2.71911621093750E-0002 
 2.54500000000000E+0002 -2.13562011718750E-0002 -2.78503417968750E-0002 
 2.55000000000000E+0002 -1.92871093750000E-0002 -3.01513671875000E-0002 
 2.55500000000000E+0002 -1.75476074218750E-0002 -3.26843261718750E-0002 
 2.56000000000000E+0002 -1.38427734375000E-0002 -3.36914062500000E-0002 
 2.56500000000000E+0002 -9.88159179687500E-0003 -3.43139648437500E-0002 
 2.57000000000000E+0002 -9.35668945312500E-0003 -3.54919433593750E-0002 
 2.57500000000000E+0002 -1.24938964843750E-0002 -3.65600585937500E-0002 
 2.58000000000000E+0002 -1.72729492187500E-0002 -3.69018554687499E-0002 
 2.58500000000000E+0002 -2.33215332031250E-0002 -3.75915527343750E-0002 
 2.59000000000000E+0002 -3.07373046875000E-0002 -3.91540527343750E-0002 
 2.59500000000000E+0002 -3.83728027343750E-0002 -4.05578613281250E-0002 
 2.60000000000000E+0002 -4.37500000000001E-0002 -4.10339355468750E-0002 
 2.60500000000000E+0002 -4.66125488281250E-0002 -4.16381835937500E-0002 
 2.61000000000000E+0002 -4.81018066406250E-0002 -4.12780761718750E-0002 
 2.61500000000000E+0002 -4.72534179687501E-0002 -3.89343261718750E-0002 
 2.62000000000000E+0002 -4.39331054687499E-0002 -3.61267089843749E-0002 
 2.62500000000000E+0002 -3.93859863281250E-0002 -3.39233398437500E-0002 
 2.63000000000000E+0002 -3.41796875000000E-0002 -3.19152832031250E-0002 
 2.63500000000000E+0002 -2.93151855468750E-0002 -3.05725097656250E-0002 
 2.64000000000000E+0002 -2.57873535156250E-0002 -2.99865722656251E-0002 
 2.64500000000000E+0002 -2.47192382812500E-0002 -2.95593261718750E-0002 
 2.65000000000000E+0002 -2.50488281250000E-0002 -2.76977539062500E-0002 
 2.65500000000000E+0002 -2.39624023437500E-0002 -2.53967285156249E-0002 
 2.66000000000000E+0002 -2.14599609375000E-0002 -2.31262207031250E-0002 
 2.66500000000000E+0002 -1.78710937500000E-0002 -2.14233398437500E-0002 
 2.67000000000000E+0002 -1.48010253906250E-0002 -2.18505859375000E-0002 
 2.67500000000000E+0002 -1.45568847656250E-0002 -2.41943359375000E-0002 
 2.68000000000000E+0002 -1.64733886718750E-0002 -2.72216796875000E-0002 
 2.68500000000000E+0002 -1.90979003906250E-0002 -3.12866210937500E-0002 
 2.69000000000000E+0002 -2.28210449218750E-0002 -3.53881835937500E-0002 
 2.69500000000000E+0002 -2.74475097656250E-0002 -3.75732421875000E-0002 
 2.70000000000000E+0002 -2.98156738281250E-0002 -3.76586914062500E-0002 
 2.70500000000000E+0002 -2.95471191406250E-0002 -3.71154785156250E-0002 
 2.71000000000000E+0002 -2.88146972656250E-0002 -3.53027343750001E-0002 
 2.71500000000000E+0002 -2.88879394531250E-0002 -3.13903808593750E-0002 
 2.72000000000000E+0002 -2.79296875000000E-0002 -2.70751953125000E-0002 
 2.72500000000000E+0002 -2.67883300781250E-0002 -2.34191894531250E-0002 
 2.73000000000000E+0002 -2.69165039062500E-0002 -1.94946289062500E-0002 
 2.73500000000000E+0002 -2.75207519531250E-0002 -1.57287597656250E-0002 
 2.74000000000000E+0002 -2.96875000000000E-0002 -1.57165527343750E-0002 
 2.74500000000000E+0002 -3.43933105468750E-0002 -1.75659179687500E-0002 
 2.75000000000000E+0002 -3.79333496093750E-0002 -1.87133789062500E-0002 
 2.75500000000000E+0002 -3.72070312500001E-0002 -2.10571289062500E-0002 
 2.76000000000000E+0002 -3.51257324218751E-0002 -2.65991210937500E-0002 
 2.76500000000000E+0002 -3.43688964843751E-0002 -3.21716308593750E-0002 
 2.77000000000000E+0002 -3.26538085937500E-0002 -3.47167968750000E-0002 
 2.77500000000000E+0002 -2.95166015625000E-0002 -3.38256835937500E-0002 
 2.78000000000000E+0002 -2.75939941406250E-0002 -3.14575195312500E-0002 
 2.78500000000000E+0002 -2.85766601562500E-0002 -2.83325195312500E-0002 
 2.79000000000000E+0002 -2.95898437500000E-0002 -2.53845214843750E-0002 
 2.79500000000000E+0002 -2.91503906250000E-0002 -2.36022949218750E-0002 
 2.80000000000000E+0002 -2.86499023437500E-0002 -2.23754882812500E-0002 
 2.80500000000000E+0002 -2.71179199218750E-0002 -2.18200683593750E-0002 
 2.81000000000000E+0002 -2.52075195312500E-0002 -2.25280761718750E-0002 
 2.81500000000000E+0002 -2.48168945312500E-0002 -2.25524902343750E-0002 
 2.82000000000000E+0002 -2.57690429687500E-0002 -2.12951660156250E-0002 
 2.82500000000000E+0002 -2.67883300781250E-0002 -2.09106445312500E-0002 
 2.83000000000000E+0002 -2.77160644531250E-0002 -2.32788085937500E-0002 
 2.83500000000000E+0002 -3.05053710937500E-0002 -2.76489257812500E-0002 
 2.84000000000000E+0002 -3.45825195312500E-0002 -3.25866699218750E-0002 
 2.84500000000000E+0002 -3.77807617187500E-0002 -3.71765136718751E-0002 
 2.85000000000000E+0002 -3.92700195312500E-0002 -4.07043457031249E-0002 
 2.85500000000000E+0002 -3.96118164062499E-0002 -4.27246093750000E-0002 
 2.86000000000000E+0002 -3.82446289062500E-0002 -4.40612792968750E-0002 
 2.86500000000000E+0002 -3.63647460937500E-0002 -4.34814453125000E-0002 
 2.87000000000000E+0002 -3.46130371093750E-0002 -3.98803710937500E-0002 
 2.87500000000000E+0002 -3.33496093750000E-0002 -3.44848632812500E-0002 
 2.88000000000000E+0002 -3.28674316406250E-0002 -2.91870117187500E-0002 
 2.88500000000000E+0002 -3.31848144531250E-0002 -2.46337890625000E-0002 
 2.89000000000000E+0002 -3.40759277343750E-0002 -2.11608886718750E-0002 
 2.89500000000000E+0002 -3.46008300781250E-0002 -1.97204589843750E-0002 
 2.90000000000000E+0002 -3.32763671875000E-0002 -2.00195312500000E-0002 
 2.90500000000000E+0002 -3.03588867187500E-0002 -2.21130371093750E-0002 
 2.91000000000000E+0002 -2.80029296875000E-0002 -2.40539550781250E-0002 
 2.91500000000000E+0002 -2.69897460937500E-0002 -2.27783203125000E-0002 
 2.92000000000000E+0002 -2.50671386718750E-0002 -1.74865722656250E-0002 
 2.92500000000000E+0002 -2.20153808593750E-0002 -1.23474121093749E-0002 
 2.93000000000000E+0002 -1.95556640625000E-0002 -9.57641601562501E-0003 
 2.93500000000000E+0002 -1.87438964843750E-0002 -8.28247070312501E-0003 
 2.94000000000000E+0002 -1.87866210937500E-0002 -8.94165039062499E-0003 
 2.94500000000000E+0002 -1.99829101562500E-0002 -1.25244140625000E-0002 
 2.95000000000000E+0002 -2.31628417968750E-0002 -1.78955078125000E-0002 
 2.95500000000000E+0002 -2.69409179687500E-0002 -2.11914062500000E-0002 
 2.96000000000000E+0002 -2.78442382812500E-0002 -2.03430175781250E-0002 
 2.96500000000000E+0002 -2.48718261718750E-0002 -1.71875000000000E-0002 
 2.97000000000000E+0002 -2.00317382812500E-0002 -1.41113281250000E-0002 
 2.97500000000000E+0002 -1.58630371093750E-0002 -1.12915039062500E-0002 
 2.98000000000000E+0002 -1.29211425781250E-0002 -8.92944335937499E-0003 
 2.98500000000000E+0002 -1.15783691406250E-0002 -8.88061523437500E-0003 
 2.99000000000000E+0002 -1.27563476562500E-0002 -1.17675781250000E-0002 
 2.99500000000000E+0002 -1.63513183593750E-0002 -1.63208007812500E-0002 
 3.00000000000000E+0002 -1.98913574218750E-0002 -2.06542968750000E-0002 
 3.00500000000000E+0002 -2.16918945312500E-0002 -2.30590820312500E-0002 
 3.01000000000000E+0002 -2.17773437500000E-0002 -2.35473632812500E-0002 
 3.01500000000000E+0002 -2.20153808593750E-0002 -2.30468749999999E-0002 
 3.02000000000000E+0002 -2.28637695312500E-0002 -2.29553222656250E-0002 
 3.02500000000000E+0002 -2.41577148437500E-0002 -2.41027832031250E-0002 
 3.03000000000000E+0002 -2.53601074218750E-0002 -2.66540527343750E-0002 
 3.03500000000000E+0002 -2.71423339843750E-0002 -2.94433593750000E-0002 
 3.04000000000000E+0002 -3.06945800781250E-0002 -3.15368652343751E-0002 
 3.04500000000000E+0002 -3.44116210937500E-0002 -3.20556640625000E-0002 
 3.05000000000000E+0002 -3.61450195312500E-0002 -3.12072753906250E-0002 
 3.05500000000000E+0002 -3.53515625000001E-0002 -2.77832031250000E-0002 
 3.06000000000000E+0002 -3.29345703125000E-0002 -2.37365722656250E-0002 
 3.06500000000000E+0002 -2.96875000000000E-0002 -2.14294433593750E-0002 
 3.07000000000000E+0002 -2.56042480468750E-0002 -2.12646484375000E-0002 
 3.07500000000000E+0002 -2.21801757812500E-0002 -2.30529785156250E-0002 
 3.08000000000000E+0002 -2.16979980468750E-0002 -2.62695312500000E-0002 
 3.08500000000000E+0002 -2.33154296875000E-0002 -3.03710937500000E-0002 
 3.09000000000000E+0002 -2.51037597656250E-0002 -3.35937500000000E-0002 
 3.09500000000000E+0002 -2.54577636718750E-0002 -3.45092773437500E-0002 
 3.10000000000000E+0002 -2.33825683593750E-0002 -3.44421386718750E-0002 
 3.10500000000000E+0002 -1.88964843750000E-0002 -3.44238281250000E-0002 
 3.11000000000000E+0002 -1.47460937500000E-0002 -3.46313476562500E-0002 
 3.11500000000000E+0002 -1.24084472656250E-0002 -3.39843750000000E-0002 
 3.12000000000000E+0002 -1.00097656250000E-0002 -3.34228515625000E-0002 
 3.12500000000000E+0002 -7.83691406250000E-0003 -3.44360351562500E-0002 
 3.13000000000000E+0002 -7.18383789062501E-0003 -3.51379394531250E-0002 
 3.13500000000000E+0002 -6.78100585937500E-0003 -3.31237792968750E-0002 
 3.14000000000000E+0002 -4.82788085937500E-0003 -2.84301757812500E-0002 
 3.14500000000000E+0002 -1.83715820312500E-0003 -2.41638183593750E-0002 
 3.15000000000000E+0002  2.31933593749997E-0004 -2.23693847656250E-0002 
 3.15500000000000E+0002  4.63867187499987E-0004 -2.22534179687500E-0002 
 3.16000000000000E+0002 -1.58081054687502E-0003 -2.25952148437500E-0002 
 3.16500000000000E+0002 -6.10351562500000E-0003 -2.33093261718750E-0002 
 3.17000000000000E+0002 -1.15844726562500E-0002 -2.55065917968750E-0002 
 3.17500000000000E+0002 -1.67419433593750E-0002 -2.78381347656250E-0002 
 3.18000000000000E+0002 -2.11608886718750E-0002 -2.78503417968750E-0002 
 3.18500000000000E+0002 -2.45910644531250E-0002 -2.41699218750000E-0002 
 3.19000000000000E+0002 -2.52441406250000E-0002 -2.04284667968750E-0002 
 3.19500000000000E+0002 -2.25158691406250E-0002 -1.90002441406250E-0002 
 3.20000000000000E+0002 -1.76696777343750E-0002 -1.83471679687500E-0002 
 3.20500000000000E+0002 -1.26770019531250E-0002 -1.72180175781250E-0002 
 3.21000000000000E+0002 -8.24584960937499E-0003 -1.65283203125000E-0002 
 3.21500000000000E+0002 -5.68237304687500E-0003 -1.72241210937500E-0002 
 3.22000000000000E+0002 -6.61621093750001E-0003 -1.78710937500000E-0002 
 3.22500000000000E+0002 -9.60693359374999E-0003 -1.57653808593750E-0002 
 3.23000000000000E+0002 -1.29150390624999E-0002 -1.30798339843749E-0002 
 3.23500000000000E+0002 -1.68762207031250E-0002 -1.21215820312500E-0002 
 3.24000000000000E+0002 -2.10083007812500E-0002 -1.29272460937500E-0002 
 3.24500000000000E+0002 -2.33093261718750E-0002 -1.45141601562500E-0002 
 3.25000000000000E+0002 -2.31994628906250E-0002 -1.64611816406250E-0002 
 3.25500000000000E+0002 -2.27355957031250E-0002 -1.82800292968750E-0002 
 3.26000000000000E+0002 -2.36877441406250E-0002 -1.99035644531250E-0002 
 3.26500000000000E+0002 -2.48413085937500E-0002 -2.00317382812500E-0002 
 3.27000000000000E+0002 -2.48962402343750E-0002 -1.68334960937500E-0002 
 3.27500000000000E+0002 -2.43835449218750E-0002 -1.18225097656249E-0002 
 3.28000000000000E+0002 -2.40539550781250E-0002 -8.92944335937500E-0003 
 3.28500000000000E+0002 -2.39501953125000E-0002 -9.17358398437499E-0003 
 3.29000000000000E+0002 -2.42370605468750E-0002 -1.11389160156250E-0002 
 3.29500000000000E+0002 -2.61169433593750E-0002 -1.39526367187500E-0002 
 3.30000000000000E+0002 -2.85461425781250E-0002 -1.82739257812500E-0002 
 3.30500000000000E+0002 -3.04199218750000E-0002 -2.33703613281250E-0002 
 3.31000000000000E+0002 -3.22875976562500E-0002 -2.70324707031250E-0002 
 3.31500000000000E+0002 -3.35693359375000E-0002 -2.74475097656250E-0002 
 3.32000000000000E+0002 -3.17565917968750E-0002 -2.54028320312500E-0002 
 3.32500000000000E+0002 -2.71301269531250E-0002 -2.39746093750000E-0002 
 3.33000000000000E+0002 -2.29309082031250E-0002 -2.36816406250000E-0002 
 3.33500000000000E+0002 -1.96594238281250E-0002 -2.29431152343750E-0002 
 3.34000000000000E+0002 -1.51184082031250E-0002 -2.20397949218750E-0002 
 3.34500000000000E+0002 -1.08459472656249E-0002 -2.23876953125000E-0002 
 3.35000000000000E+0002 -8.81958007812500E-0003 -2.41943359375000E-0002 
 3.35500000000000E+0002 -9.79003906249999E-0003 -2.56896972656250E-0002 
 3.36000000000000E+0002 -1.20727539062500E-0002 -2.56469726562500E-0002 
 3.36500000000000E+0002 -1.43737792968750E-0002 -2.52746582031250E-0002 
 3.37000000000000E+0002 -1.61865234375000E-0002 -2.63000488281250E-0002 
 3.37500000000000E+0002 -1.70166015625000E-0002 -2.82714843750000E-0002 
 3.38000000000000E+0002 -1.60583496093750E-0002 -2.98461914062500E-0002 
 3.38500000000000E+0002 -1.26220703125000E-0002 -3.07739257812500E-0002 
 3.39000000000000E+0002 -8.00781250000000E-0003 -3.29589843750000E-0002 
 3.39500000000000E+0002 -5.70678710937499E-0003 -3.63098144531250E-0002 
 3.40000000000000E+0002 -7.25708007812500E-0003 -3.75549316406250E-0002 
 3.40500000000000E+0002 -1.14318847656250E-0002 -3.50769042968750E-0002 
 3.41000000000000E+0002 -1.78466796875000E-0002 -3.13964843750000E-0002 
 3.41500000000000E+0002 -2.68615722656250E-0002 -2.74047851562500E-0002 
 3.42000000000000E+0002 -3.52661132812500E-0002 -2.21557617187500E-0002 
 3.42500000000000E+0002 -4.04663085937500E-0002 -1.61315917968750E-0002 
 3.43000000000000E+0002 -4.19799804687499E-0002 -1.13098144531250E-0002 
 3.43500000000000E+0002 -4.09240722656249E-0002 -1.02600097656250E-0002 
 3.44000000000000E+0002 -3.77014160156250E-0002 -1.13891601562499E-0002 
 3.44500000000000E+0002 -3.19519042968750E-0002 -1.44226074218750E-0002 
 3.45000000000000E+0002 -2.63488769531250E-0002 -1.89941406250000E-0002 
 3.45500000000000E+0002 -2.43896484375000E-0002 -2.44506835937500E-0002 
 3.46000000000000E+0002 -2.70507812500000E-0002 -2.99072265625000E-0002 
 3.46500000000000E+0002 -3.21716308593750E-0002 -3.42956542968750E-0002 
 3.47000000000000E+0002 -3.77014160156250E-0002 -3.70544433593749E-0002 
 3.47500000000000E+0002 -4.34020996093750E-0002 -3.65417480468750E-0002 
 3.48000000000000E+0002 -4.77478027343750E-0002 -3.21044921875000E-0002 
 3.48500000000000E+0002 -4.85473632812500E-0002 -2.63793945312500E-0002 
 3.49000000000000E+0002 -4.65148925781251E-0002 -2.15881347656250E-0002 
 3.49500000000000E+0002 -4.16076660156250E-0002 -1.81518554687500E-0002 
 3.50000000000000E+0002 -3.54309082031250E-0002 -1.74255371093750E-0002 
 3.50500000000000E+0002 -3.23120117187500E-0002 -2.02758789062500E-0002 
 3.51000000000000E+0002 -3.26293945312500E-0002 -2.39990234375000E-0002 
 3.51500000000000E+0002 -3.27026367187500E-0002 -2.58728027343750E-0002 
 3.52000000000000E+0002 -3.14331054687500E-0002 -2.60742187500000E-0002 
 3.52500000000000E+0002 -3.16284179687500E-0002 -2.53845214843750E-0002 
 3.53000000000000E+0002 -3.25744628906250E-0002 -2.30285644531250E-0002 
 3.53500000000000E+0002 -3.03527832031250E-0002 -2.04223632812500E-0002 
 3.54000000000000E+0002 -2.56713867187500E-0002 -1.99523925781250E-0002 
 3.54500000000000E+0002 -2.16491699218751E-0002 -2.19909667968750E-0002 
 3.55000000000000E+0002 -2.01599121093750E-0002 -2.46826171875000E-0002 
 3.55500000000000E+0002 -2.12890625000000E-0002 -2.70629882812500E-0002 
 3.56000000000000E+0002 -2.31506347656250E-0002 -3.08349609375000E-0002 
 3.56500000000000E+0002 -2.40844726562500E-0002 -3.46740722656250E-0002 
 3.57000000000000E+0002 -2.41638183593750E-0002 -3.67065429687500E-0002 
 3.57500000000000E+0002 -2.38037109375000E-0002 -3.61328125000000E-0002 
 3.58000000000000E+0002 -2.16308593750000E-0002 -3.42590332031250E-0002 
 3.58500000000000E+0002 -1.85241699218750E-0002 -3.14514160156250E-0002 
 3.59000000000000E+0002 -1.63146972656250E-0002 -2.60192871093750E-0002 
 3.59500000000000E+0002 -1.59484863281250E-0002 -2.06420898437500E-0002 
 3.60000000000000E+0002 -1.66076660156250E-0002 -1.64428710937500E-0002 
 3.60500000000000E+0002 -1.84082031250000E-0002 -1.25122070312500E-0002 
 3.61000000000000E+0002 -2.00744628906250E-0002 -1.00952148437499E-0002 
 3.61500000000000E+0002 -2.12280273437500E-0002 -1.16821289062499E-0002 
 3.62000000000000E+0002 -2.20458984375000E-0002 -1.54785156250000E-0002 
 3.62500000000000E+0002 -2.32727050781250E-0002 -1.75415039062500E-0002 
 3.63000000000000E+0002 -2.38281250000000E-0002 -1.70166015625000E-0002 
 3.63500000000000E+0002 -2.34008789062500E-0002 -1.60522460937500E-0002 
 3.64000000000000E+0002 -2.16857910156250E-0002 -1.55151367187500E-0002 
 3.64500000000000E+0002 -1.84143066406250E-0002 -1.60522460937500E-0002 
 3.65000000000000E+0002 -1.59973144531250E-0002 -1.92687988281250E-0002 
 3.65500000000000E+0002 -1.72546386718750E-0002 -2.43774414062500E-0002 
 3.66000000000000E+0002 -2.16979980468750E-0002 -2.96447753906250E-0002 
 3.66500000000000E+0002 -2.64648437500000E-0002 -3.46557617187500E-0002 
 3.67000000000000E+0002 -3.09387207031250E-0002 -3.81042480468750E-0002 
 3.67500000000000E+0002 -3.58947753906250E-0002 -3.74633789062500E-0002 
 3.68000000000000E+0002 -3.95019531250000E-0002 -3.37768554687500E-0002 
 3.68500000000000E+0002 -3.91113281250000E-0002 -2.97363281250000E-0002 
 3.69000000000000E+0002 -3.58337402343750E-0002 -2.78686523437500E-0002 
 3.69500000000000E+0002 -3.33312988281250E-0002 -2.71972656250000E-0002 
 3.70000000000000E+0002 -3.22875976562500E-0002 -2.62817382812500E-0002 
 3.70500000000000E+0002 -2.95227050781250E-0002 -2.64892578125000E-0002 
 3.71000000000000E+0002 -2.48779296875000E-0002 -2.92968750000000E-0002 
 3.71500000000000E+0002 -2.28576660156250E-0002 -3.40881347656250E-0002 
 3.72000000000000E+0002 -2.45117187500000E-0002 -3.74694824218750E-0002 
 3.72500000000000E+0002 -2.75939941406250E-0002 -3.56689453125000E-0002 
 3.73000000000000E+0002 -2.94494628906250E-0002 -3.02978515625000E-0002 
 3.73500000000000E+0002 -3.03039550781250E-0002 -2.57507324218750E-0002 
 3.74000000000000E+0002 -3.09082031250000E-0002 -2.30224609375000E-0002 
 3.74500000000000E+0002 -2.92602539062500E-0002 -2.14172363281251E-0002 
 3.75000000000000E+0002 -2.43041992187500E-0002 -2.18444824218750E-0002 
 3.75500000000000E+0002 -1.81274414062500E-0002 -2.70202636718750E-0002 
 3.76000000000000E+0002 -1.40563964843749E-0002 -3.42712402343750E-0002 
 3.76500000000000E+0002 -1.29699707031250E-0002 -3.95324707031250E-0002 
 3.77000000000000E+0002 -1.40502929687499E-0002 -4.19677734374999E-0002 
 3.77500000000000E+0002 -1.64733886718750E-0002 -4.38598632812500E-0002 
 3.78000000000000E+0002 -2.12646484375000E-0002 -4.56970214843750E-0002 
 3.78500000000000E+0002 -2.73376464843750E-0002 -4.57458496093750E-0002 
 3.79000000000000E+0002 -3.23791503906250E-0002 -4.35302734375000E-0002 
 3.79500000000000E+0002 -3.49426269531250E-0002 -3.96545410156250E-0002 
 3.80000000000000E+0002 -3.39904785156250E-0002 -3.45886230468750E-0002 
 3.80500000000000E+0002 -3.12866210937500E-0002 -2.92358398437500E-0002 
 3.81000000000000E+0002 -2.76672363281250E-0002 -2.33276367187500E-0002 
 3.81500000000000E+0002 -2.29431152343750E-0002 -1.83532714843750E-0002 
 3.82000000000000E+0002 -1.87194824218750E-0002 -1.75415039062500E-0002 
 3.82500000000000E+0002 -1.93176269531250E-0002 -2.02880859375000E-0002 
 3.83000000000000E+0002 -2.52441406250000E-0002 -2.27416992187500E-0002 
 3.83500000000000E+0002 -3.18298339843750E-0002 -2.38037109375000E-0002 
 3.84000000000000E+0002 -3.56384277343751E-0002 -2.46154785156250E-0002 
 3.84500000000000E+0002 -3.75915527343750E-0002 -2.49328613281250E-0002 
 3.85000000000000E+0002 -3.94836425781250E-0002 -2.28820800781250E-0002 
 3.85500000000000E+0002 -3.90930175781250E-0002 -1.93298339843750E-0002 
 3.86000000000000E+0002 -3.55468750000000E-0002 -1.78649902343750E-0002 
 3.86500000000000E+0002 -3.17260742187500E-0002 -1.99279785156250E-0002 
 3.87000000000000E+0002 -2.99011230468750E-0002 -2.37976074218750E-0002 
 3.87500000000000E+0002 -2.91503906250000E-0002 -2.83020019531250E-0002 
 3.88000000000000E+0002 -2.58850097656250E-0002 -3.31481933593750E-0002 
 3.88500000000000E+0002 -1.97204589843750E-0002 -3.73657226562500E-0002 
 3.89000000000000E+0002 -1.36413574218749E-0002 -3.91784667968750E-0002 
 3.89500000000000E+0002 -9.24072265624999E-0003 -3.76708984375000E-0002 
 3.90000000000000E+0002 -6.04248046875001E-0003 -3.56628417968751E-0002 
 3.90500000000000E+0002 -4.82177734374999E-0003 -3.47412109375000E-0002 
 3.91000000000000E+0002 -6.75659179687500E-0003 -3.46801757812500E-0002 
 3.91500000000000E+0002 -1.04675292968749E-0002 -3.49304199218750E-0002 
 3.92000000000000E+0002 -1.38244628906250E-0002 -3.70605468750000E-0002 
 3.92500000000000E+0002 -1.47949218750000E-0002 -3.93737792968750E-0002 
 3.93000000000000E+0002 -1.36962890625000E-0002 -4.11437988281250E-0002 
 3.93500000000000E+0002 -1.22985839843749E-0002 -4.09362792968750E-0002 
 3.94000000000000E+0002 -1.05773925781250E-0002 -3.80249023437500E-0002 
 3.94500000000000E+0002 -8.86230468749999E-0003 -3.37463378906251E-0002 
 3.95000000000000E+0002 -9.37500000000000E-0003 -2.91748046875000E-0002 
 3.95500000000000E+0002 -1.28906249999999E-0002 -2.44934082031250E-0002 
 3.96000000000000E+0002 -1.72912597656250E-0002 -2.01843261718750E-0002 
 3.96500000000000E+0002 -2.02087402343750E-0002 -1.86218261718750E-0002 
 3.97000000000000E+0002 -2.24609375000000E-0002 -1.99707031250000E-0002 
 3.97500000000000E+0002 -2.61169433593750E-0002 -2.21496582031250E-0002 
 3.98000000000000E+0002 -2.81188964843750E-0002 -2.31384277343750E-0002 
 3.98500000000000E+0002 -2.62145996093750E-0002 -2.29309082031250E-0002 
 3.99000000000000E+0002 -2.23754882812500E-0002 -2.05017089843750E-0002 
 3.99500000000000E+0002 -1.82006835937500E-0002 -1.60461425781250E-0002 
