 0.00000000000000E+0000 -1.96215820312500E-0001  4.66351318359375E-0001 
 5.00000000000000E-0001 -2.22564697265625E-0001  5.68829345703125E-0001 
 1.00000000000000E+0000 -2.26092529296875E-0001  6.13763427734374E-0001 
 1.50000000000000E+0000 -1.93035888671875E-0001  6.05487060546875E-0001 
 2.00000000000000E+0000 -1.05847167968750E-0001  5.57299804687500E-0001 
 2.50000000000000E+0000  6.39648437500000E-0003  4.71313476562499E-0001 
 3.00000000000000E+0000  1.07769775390624E-0001  3.74426269531249E-0001 
 3.50000000000000E+0000  2.04223632812500E-0001  2.93103027343750E-0001 
 4.00000000000000E+0000  2.90795898437500E-0001  2.20050048828125E-0001 
 4.50000000000000E+0000  3.41864013671875E-0001  1.46087646484375E-0001 
 5.00000000000000E+0000  3.48010253906250E-0001  7.76184082031251E-0002 
 5.50000000000000E+0000  3.18511962890625E-0001  1.69067382812500E-0002 
 6.00000000000000E+0000  2.50128173828125E-0001 -4.65881347656250E-0002 
 6.50000000000000E+0000  1.36395263671875E-0001 -1.06665039062500E-0001 
 7.00000000000000E+0000  4.49218749999998E-0003 -1.44409179687500E-0001 
 7.50000000000000E+0000 -1.12304687499999E-0001 -1.60052490234375E-0001 
 8.00000000000000E+0000 -2.06372070312500E-0001 -1.59838867187500E-0001 
 8.50000000000000E+0000 -2.69067382812500E-0001 -1.35455322265625E-0001 
 9.00000000000000E+0000 -2.80346679687500E-0001 -8.37524414062500E-0002 
 9.50000000000000E+0000 -2.39648437500000E-0001 -1.49597167968750E-0002 
 1.00000000000000E+0001 -1.64459228515625E-0001  5.42114257812500E-0002 
 1.05000000000000E+0001 -7.15698242187500E-0002  1.09130859375000E-0001 
 1.10000000000000E+0001  2.98156738281249E-0002  1.40802001953125E-0001 
 1.15000000000000E+0001  1.31927490234375E-0001  1.44079589843750E-0001 
 1.20000000000000E+0001  2.32800292968750E-0001  1.13299560546875E-0001 
 1.25000000000000E+0001  3.29724121093750E-0001  4.70275878906250E-0002 
 1.30000000000000E+0001  4.09918212890625E-0001 -3.66516113281250E-0002 
 1.35000000000000E+0001  4.64117431640625E-0001 -1.10961914062500E-0001 
 1.40000000000000E+0001  4.91052246093750E-0001 -1.65771484375000E-0001 
 1.45000000000000E+0001  4.82470703125001E-0001 -2.03869628906250E-0001 
 1.50000000000000E+0001  4.18591308593750E-0001 -2.18865966796875E-0001 
 1.55000000000000E+0001  2.96313476562500E-0001 -2.06018066406250E-0001 
 1.60000000000000E+0001  1.36749267578125E-0001 -1.78497314453125E-0001 
 1.65000000000000E+0001 -3.38073730468750E-0002 -1.49414062500000E-0001 
 1.70000000000000E+0001 -1.93469238281250E-0001 -1.20336914062500E-0001 
 1.75000000000000E+0001 -3.21362304687500E-0001 -9.03259277343750E-0002 
 1.80000000000000E+0001 -3.95410156250001E-0001 -5.79223632812500E-0002 
 1.85000000000000E+0001 -4.12249755859375E-0001 -1.74011230468750E-0002 
 1.90000000000000E+0001 -3.84521484375000E-0001  4.09667968750000E-0002 
 1.95000000000000E+0001 -3.23645019531250E-0001  1.11315917968750E-0001 
 2.00000000000000E+0001 -2.41912841796875E-0001  1.79486083984375E-0001 
 2.05000000000000E+0001 -1.54345703125000E-0001  2.38250732421875E-0001 
 2.10000000000000E+0001 -7.37976074218750E-0002  2.72613525390625E-0001 
 2.15000000000000E+0001 -8.70361328125000E-0003  2.66723632812500E-0001 
 2.20000000000000E+0001  3.88000488281250E-0002  2.21911621093750E-0001 
 2.25000000000000E+0001  6.81945800781250E-0002  1.52709960937500E-0001 
 2.30000000000000E+0001  8.07800292968750E-0002  7.31872558593749E-0002 
 2.35000000000000E+0001  8.05114746093750E-0002 -4.55322265625000E-0003 
 2.40000000000000E+0001  6.97448730468749E-0002 -6.57531738281250E-0002 
 2.45000000000000E+0001  5.24902343750000E-0002 -1.04608154296875E-0001 
 2.50000000000000E+0001  3.46252441406251E-0002 -1.31835937500000E-0001 
 2.55000000000000E+0001  1.38122558593749E-0002 -1.58123779296875E-0001 
 2.60000000000000E+0001 -1.35620117187500E-0002 -1.78234863281250E-0001 
 2.65000000000000E+0001 -4.17541503906250E-0002 -1.88238525390625E-0001 
 2.70000000000000E+0001 -6.36413574218751E-0002 -1.89147949218750E-0001 
 2.75000000000000E+0001 -7.62084960937500E-0002 -1.76342773437500E-0001 
 2.80000000000000E+0001 -7.98217773437500E-0002 -1.45697021484375E-0001 
 2.85000000000000E+0001 -7.39868164062500E-0002 -9.94323730468750E-0002 
 2.90000000000000E+0001 -5.79162597656251E-0002 -4.46472167968750E-0002 
 2.95000000000000E+0001 -3.73535156250000E-0002  9.21630859374999E-0003 
 3.00000000000000E+0001 -1.91284179687500E-0002  5.45166015625000E-0002 
 3.05000000000000E+0001 -5.01708984375000E-0003  8.62670898437500E-0002 
 3.10000000000000E+0001  6.25000000000000E-0003  1.05352783203125E-0001 
 3.15000000000000E+0001  1.68334960937500E-0002  1.09582519531250E-0001 
 3.20000000000000E+0001  2.35290527343750E-0002  9.68078613281248E-0002 
 3.25000000000000E+0001  2.50915527343750E-0002  7.24365234374999E-0002 
 3.30000000000000E+0001  2.47070312500000E-0002  4.37255859375000E-0002 
 3.35000000000000E+0001  2.41638183593750E-0002  1.18713378906249E-0002 
 3.40000000000000E+0001  2.09167480468750E-0002 -2.03613281250000E-0002 
 3.45000000000000E+0001  1.37207031250000E-0002 -4.51110839843750E-0002 
 3.50000000000000E+0001  5.56030273437500E-0003 -5.76477050781250E-0002 
 3.55000000000000E+0001 -3.35693359374999E-0003 -5.94177246093750E-0002 
 3.60000000000000E+0001 -1.47827148437500E-0002 -5.29296875000000E-0002 
 3.65000000000000E+0001 -2.74108886718749E-0002 -3.99475097656250E-0002 
 3.70000000000000E+0001 -3.91235351562500E-0002 -2.44262695312500E-0002 
 3.75000000000000E+0001 -5.04699707031249E-0002 -1.12121582031250E-0002 
 3.80000000000000E+0001 -6.07177734375001E-0002 -2.49633789062499E-0003 
 3.85000000000000E+0001 -6.50451660156249E-0002  7.50732421874992E-0004 
 3.90000000000000E+0001 -6.13525390625000E-0002 -2.75268554687500E-0003 
 3.95000000000000E+0001 -5.24597167968750E-0002 -1.05163574218749E-0002 
 4.00000000000000E+0001 -3.95385742187500E-0002 -1.96594238281250E-0002 
 4.05000000000000E+0001 -2.33276367187500E-0002 -2.98461914062500E-0002 
 4.10000000000000E+0001 -9.68627929687498E-0003 -4.09240722656250E-0002 
 4.15000000000000E+0001 -3.99780273437499E-0003 -5.09094238281250E-0002 
 4.20000000000000E+0001 -6.70166015625000E-0003 -5.56579589843750E-0002 
 4.25000000000000E+0001 -1.38732910156249E-0002 -5.46569824218750E-0002 
 4.30000000000000E+0001 -2.39318847656250E-0002 -4.95727539062500E-0002 
 4.35000000000000E+0001 -3.52966308593750E-0002 -4.05395507812500E-0002 
 4.40000000000000E+0001 -4.21386718750000E-0002 -2.83203125000000E-0002 
 4.45000000000000E+0001 -4.33288574218750E-0002 -1.43493652343749E-0002 
 4.50000000000000E+0001 -4.06250000000000E-0002  1.15966796875002E-0004 
 4.55000000000000E+0001 -3.41918945312500E-0002  1.18896484374999E-0002 
 4.60000000000000E+0001 -2.42309570312500E-0002  1.98181152343750E-0002 
 4.65000000000000E+0001 -1.18957519531250E-0002  2.46276855468750E-0002 
 4.70000000000000E+0001  2.05078124999999E-0003  2.61108398437500E-0002 
 4.75000000000000E+0001  1.73645019531250E-0002  2.01354980468750E-0002 
 4.80000000000000E+0001  3.21777343750000E-0002  5.06591796875000E-0003 
 4.85000000000000E+0001  4.37072753906250E-0002 -1.46850585937499E-0002 
 4.90000000000000E+0001  5.00244140625000E-0002 -3.51257324218750E-0002 
 4.95000000000000E+0001  5.03845214843751E-0002 -5.44860839843751E-0002 
 5.00000000000000E+0001  4.46838378906250E-0002 -7.01843261718750E-0002 
 5.05000000000000E+0001  3.38745117187500E-0002 -7.86865234375000E-0002 
 5.10000000000000E+0001  2.09289550781250E-0002 -7.93640136718749E-0002 
 5.15000000000000E+0001  8.02001953125000E-0003 -7.43103027343750E-0002 
 5.20000000000000E+0001 -4.40063476562500E-0003 -6.46179199218750E-0002 
 5.25000000000000E+0001 -1.66809082031250E-0002 -5.14404296875001E-0002 
 5.30000000000000E+0001 -2.82287597656250E-0002 -3.59619140625000E-0002 
 5.35000000000000E+0001 -3.86901855468750E-0002 -2.02636718750000E-0002 
 5.40000000000000E+0001 -4.80102539062500E-0002 -5.44433593749999E-0003 
 5.45000000000000E+0001 -5.42114257812500E-0002  8.32519531250000E-0003 
 5.50000000000000E+0001 -5.39733886718751E-0002  1.95007324218750E-0002 
 5.55000000000000E+0001 -4.70642089843750E-0002  2.62634277343750E-0002 
 5.60000000000000E+0001 -3.58398437500000E-0002  2.86743164062500E-0002 
 5.65000000000000E+0001 -2.07641601562500E-0002  2.77282714843750E-0002 
 5.70000000000000E+0001 -2.86254882812500E-0003  2.42980957031250E-0002 
 5.75000000000000E+0001  1.34704589843750E-0002  1.80236816406250E-0002 
 5.80000000000000E+0001  2.43652343750000E-0002  9.97314453124999E-0003 
 5.85000000000000E+0001  3.05236816406250E-0002  1.53198242187499E-0003 
 5.90000000000000E+0001  3.33679199218750E-0002 -8.59985351562500E-0003 
 5.95000000000000E+0001  3.06213378906250E-0002 -2.02270507812500E-0002 
 6.00000000000000E+0001  2.39746093750000E-0002 -3.07189941406249E-0002 
 6.05000000000000E+0001  1.90917968750000E-0002 -3.86962890625000E-0002 
 6.10000000000000E+0001  1.67175292968750E-0002 -4.53002929687500E-0002 
 6.15000000000000E+0001  1.45690917968750E-0002 -5.09338378906250E-0002 
 6.20000000000000E+0001  1.18469238281250E-0002 -5.25573730468750E-0002 
 6.25000000000000E+0001  1.03149414062499E-0002 -5.04699707031250E-0002 
 6.30000000000000E+0001  7.01904296874997E-0003 -4.69238281250000E-0002 
 6.35000000000000E+0001 -6.10351562501134E-0006 -4.16381835937500E-0002 
 6.40000000000000E+0001 -8.12988281250000E-0003 -3.50036621093750E-0002 
 6.45000000000000E+0001 -1.36291503906250E-0002 -2.91137695312500E-0002 
 6.50000000000000E+0001 -1.53015136718749E-0002 -2.50732421875000E-0002 
 6.55000000000000E+0001 -1.34155273437500E-0002 -2.31567382812500E-0002 
 6.60000000000000E+0001 -8.72802734375000E-0003 -2.21130371093750E-0002 
 6.65000000000000E+0001 -1.95922851562500E-0003 -2.12829589843750E-0002 
 6.70000000000000E+0001  5.07202148437500E-0003 -1.99707031250000E-0002 
 6.75000000000000E+0001  9.74731445312499E-0003 -1.82495117187500E-0002 
 6.80000000000000E+0001  1.13647460937500E-0002 -1.80908203125000E-0002 
 6.85000000000000E+0001  1.05102539062500E-0002 -2.06970214843750E-0002 
 6.90000000000000E+0001  8.28247070312499E-0003 -2.59277343750000E-0002 
 6.95000000000000E+0001  5.60913085937500E-0003 -3.34045410156250E-0002 
 7.00000000000000E+0001  2.83813476562500E-0003 -4.15405273437500E-0002 
 7.05000000000000E+0001  1.98364257812500E-0003 -4.93896484375000E-0002 
 7.10000000000000E+0001  1.87988281250000E-0003 -5.45471191406250E-0002 
 7.15000000000000E+0001  2.32543945312498E-0003 -5.34729003906250E-0002 
 7.20000000000000E+0001  4.74853515624998E-0003 -4.78271484375000E-0002 
 7.25000000000000E+0001  7.84301757812498E-0003 -4.26574707031250E-0002 
 7.30000000000000E+0001  9.90600585937501E-0003 -3.89343261718750E-0002 
 7.35000000000000E+0001  1.02111816406250E-0002 -3.51684570312500E-0002 
 7.40000000000000E+0001  9.69848632812501E-0003 -3.22937011718750E-0002 
 7.45000000000000E+0001  8.61206054687501E-0003 -3.29284667968750E-0002 
 7.50000000000000E+0001  6.03637695312500E-0003 -3.68347167968749E-0002 
 7.55000000000000E+0001  2.42309570312501E-0003 -4.14794921875000E-0002 
 7.60000000000000E+0001 -9.82666015624996E-0004 -4.54589843750000E-0002 
 7.65000000000000E+0001 -4.59594726562500E-0003 -4.82727050781250E-0002 
 7.70000000000000E+0001 -8.45336914062502E-0003 -4.79125976562500E-0002 
 7.75000000000000E+0001 -1.19018554687499E-0002 -4.40734863281250E-0002 
 7.80000000000000E+0001 -1.47705078125000E-0002 -3.72985839843751E-0002 
 7.85000000000000E+0001 -1.62353515625000E-0002 -2.88757324218750E-0002 
 7.90000000000000E+0001 -1.62353515625000E-0002 -2.10571289062500E-0002 
 7.95000000000000E+0001 -1.56066894531250E-0002 -1.42822265625000E-0002 
 8.00000000000000E+0001 -1.46301269531250E-0002 -7.76977539062500E-0003 
 8.05000000000000E+0001 -1.28845214843750E-0002 -2.49023437500000E-0003 
 8.10000000000000E+0001 -1.10717773437499E-0002  2.50244140624998E-0004 
 8.15000000000000E+0001 -1.01013183593750E-0002  1.51367187500000E-0003 
 8.20000000000000E+0001 -9.50927734375001E-0003  3.02124023437500E-0003 
 8.25000000000000E+0001 -9.11254882812502E-0003  2.45971679687501E-0003 
 8.30000000000000E+0001 -1.00341796874999E-0002 -2.01416015625000E-0003 
 8.35000000000000E+0001 -1.15600585937500E-0002 -6.45141601562500E-0003 
 8.40000000000000E+0001 -1.10473632812500E-0002 -8.70971679687500E-0003 
 8.45000000000000E+0001 -9.25292968750000E-0003 -1.11633300781250E-0002 
 8.50000000000000E+0001 -9.32617187500000E-0003 -1.60339355468750E-0002 
 8.55000000000000E+0001 -1.04003906250000E-0002 -2.19970703125000E-0002 
 8.60000000000000E+0001 -9.54589843749999E-0003 -2.80639648437500E-0002 
 8.65000000000000E+0001 -8.89282226562500E-0003 -3.44848632812500E-0002 
 8.70000000000000E+0001 -1.08215332031250E-0002 -4.01794433593750E-0002 
 8.75000000000000E+0001 -1.25732421875000E-0002 -4.27978515625000E-0002 
 8.80000000000000E+0001 -1.02416992187500E-0002 -4.17663574218750E-0002 
 8.85000000000000E+0001 -5.23071289062500E-0003 -3.92517089843750E-0002 
 8.90000000000000E+0001 -1.07421874999999E-0003 -3.72680664062499E-0002 
 8.95000000000000E+0001 -5.12695312500005E-0004 -3.60534667968750E-0002 
 9.00000000000000E+0001 -3.55834960937500E-0003 -3.39721679687500E-0002 
 9.05000000000000E+0001 -7.61108398437500E-0003 -3.14514160156250E-0002 
 9.10000000000000E+0001 -1.25427246093749E-0002 -2.94433593750001E-0002 
 9.15000000000000E+0001 -1.79016113281250E-0002 -2.50427246093750E-0002 
 9.20000000000000E+0001 -2.10754394531250E-0002 -1.75292968750000E-0002 
 9.25000000000000E+0001 -2.00927734375000E-0002 -1.08947753906250E-0002 
 9.30000000000000E+0001 -1.63208007812500E-0002 -7.60498046875000E-0003 
 9.35000000000000E+0001 -1.26403808593750E-0002 -6.39038085937500E-0003 
 9.40000000000000E+0001 -1.02966308593750E-0002 -6.45141601562499E-0003 
 9.45000000000000E+0001 -9.11865234375000E-0003 -8.14819335937501E-0003 
 9.50000000000000E+0001 -8.23364257812500E-0003 -1.04919433593750E-0002 
 9.55000000000000E+0001 -7.41577148437499E-0003 -1.31042480468750E-0002 
 9.60000000000000E+0001 -6.67114257812501E-0003 -1.50268554687499E-0002 
 9.65000000000000E+0001 -4.85839843750000E-0003 -1.57958984375000E-0002 
 9.70000000000000E+0001 -2.31933593749998E-0003 -1.66625976562500E-0002 
 9.75000000000000E+0001 -1.56860351562499E-0003 -1.75231933593750E-0002 
 9.80000000000000E+0001 -2.90527343750000E-0003 -1.77062988281250E-0002 
 9.85000000000000E+0001 -5.67016601562499E-0003 -1.70043945312500E-0002 
 9.90000000000000E+0001 -1.03820800781250E-0002 -1.59545898437500E-0002 
 9.95000000000000E+0001 -1.70959472656250E-0002 -1.40808105468749E-0002 
 1.00000000000000E+0002 -2.34069824218750E-0002 -1.02539062499999E-0002 
 1.00500000000000E+0002 -2.72216796875000E-0002 -6.50024414062500E-0003 
 1.01000000000000E+0002 -2.96264648437500E-0002 -4.66918945312497E-0003 
 1.01500000000000E+0002 -3.01696777343750E-0002 -4.29687500000000E-0003 
 1.02000000000000E+0002 -2.75024414062500E-0002 -5.85937499999999E-0003 
 1.02500000000000E+0002 -2.40234375000000E-0002 -1.00219726562500E-0002 
 1.03000000000000E+0002 -2.15881347656250E-0002 -1.53747558593749E-0002 
 1.03500000000000E+0002 -2.01171875000000E-0002 -2.08007812500000E-0002 
 1.04000000000000E+0002 -1.88476562500000E-0002 -2.53784179687500E-0002 
 1.04500000000000E+0002 -1.86157226562500E-0002 -2.85644531250000E-0002 
 1.05000000000000E+0002 -1.95800781250000E-0002 -3.06579589843750E-0002 
 1.05500000000000E+0002 -2.17285156250000E-0002 -3.12255859375000E-0002 
 1.06000000000000E+0002 -2.19665527343750E-0002 -3.00781250000000E-0002 
 1.06500000000000E+0002 -1.85913085937500E-0002 -2.91931152343750E-0002 
 1.07000000000000E+0002 -1.39709472656250E-0002 -2.98461914062500E-0002 
 1.07500000000000E+0002 -1.00769042968750E-0002 -3.05908203125000E-0002 
 1.08000000000000E+0002 -7.50732421874998E-0003 -3.02917480468750E-0002 
 1.08500000000000E+0002 -6.78710937500002E-0003 -2.94128417968750E-0002 
 1.09000000000000E+0002 -1.02111816406249E-0002 -2.90954589843750E-0002 
 1.09500000000000E+0002 -1.74499511718750E-0002 -2.75939941406250E-0002 
 1.10000000000000E+0002 -2.35290527343750E-0002 -2.31628417968750E-0002 
 1.10500000000000E+0002 -2.69531250000000E-0002 -1.78710937500000E-0002 
 1.11000000000000E+0002 -2.84423828125000E-0002 -1.34399414062500E-0002 
 1.11500000000000E+0002 -2.76062011718750E-0002 -1.14074707031250E-0002 
 1.12000000000000E+0002 -2.46154785156250E-0002 -1.16210937500000E-0002 
 1.12500000000000E+0002 -2.08312988281250E-0002 -1.30371093750000E-0002 
 1.13000000000000E+0002 -1.80480957031250E-0002 -1.56555175781250E-0002 
 1.13500000000000E+0002 -1.57775878906250E-0002 -2.02087402343750E-0002 
 1.14000000000000E+0002 -1.39160156250000E-0002 -2.56591796875000E-0002 
 1.14500000000000E+0002 -1.30554199218749E-0002 -2.92114257812500E-0002 
 1.15000000000000E+0002 -1.27380371093750E-0002 -3.00415039062500E-0002 
 1.15500000000000E+0002 -1.33666992187499E-0002 -3.12011718750000E-0002 
 1.16000000000000E+0002 -1.51306152343749E-0002 -3.15551757812500E-0002 
 1.16500000000000E+0002 -1.67236328125000E-0002 -2.82470703125000E-0002 
 1.17000000000000E+0002 -1.60766601562500E-0002 -2.22717285156250E-0002 
 1.17500000000000E+0002 -1.28784179687500E-0002 -1.74072265625000E-0002 
 1.18000000000000E+0002 -8.97827148437499E-0003 -1.43554687500000E-0002 
 1.18500000000000E+0002 -6.21337890625000E-0003 -1.22924804687500E-0002 
 1.19000000000000E+0002 -5.46875000000000E-0003 -1.21643066406250E-0002 
 1.19500000000000E+0002 -7.36083984374999E-0003 -1.46972656250000E-0002 
 1.20000000000000E+0002 -1.32629394531249E-0002 -1.86828613281250E-0002 
 1.20500000000000E+0002 -2.15576171875000E-0002 -2.30041503906250E-0002 
 1.21000000000000E+0002 -2.94555664062500E-0002 -2.56286621093750E-0002 
 1.21500000000000E+0002 -3.43627929687500E-0002 -2.62451171875000E-0002 
 1.22000000000000E+0002 -3.53393554687500E-0002 -2.78320312500000E-0002 
 1.22500000000000E+0002 -3.30993652343750E-0002 -3.25378417968750E-0002 
 1.23000000000000E+0002 -2.92419433593750E-0002 -3.78356933593751E-0002 
 1.23500000000000E+0002 -2.48840332031250E-0002 -4.16137695312500E-0002 
 1.24000000000000E+0002 -2.21191406250000E-0002 -4.43664550781250E-0002 
 1.24500000000000E+0002 -2.16491699218750E-0002 -4.62158203125001E-0002 
 1.25000000000000E+0002 -2.12097167968750E-0002 -4.43847656250000E-0002 
 1.25500000000000E+0002 -1.91223144531250E-0002 -3.95874023437500E-0002 
 1.26000000000000E+0002 -1.65649414062500E-0002 -3.40393066406250E-0002 
 1.26500000000000E+0002 -1.58508300781250E-0002 -2.87353515625000E-0002 
 1.27000000000000E+0002 -1.66870117187500E-0002 -2.38220214843750E-0002 
 1.27500000000000E+0002 -1.90856933593750E-0002 -2.04895019531250E-0002 
 1.28000000000000E+0002 -2.32421875000000E-0002 -1.91345214843750E-0002 
 1.28500000000000E+0002 -2.77099609375000E-0002 -1.88598632812500E-0002 
 1.29000000000000E+0002 -3.07678222656250E-0002 -1.98425292968750E-0002 
 1.29500000000000E+0002 -2.99865722656250E-0002 -2.10388183593750E-0002 
 1.30000000000000E+0002 -2.44018554687500E-0002 -2.15698242187500E-0002 
 1.30500000000000E+0002 -1.67846679687500E-0002 -2.11059570312500E-0002 
 1.31000000000000E+0002 -1.27258300781250E-0002 -1.99462890625000E-0002 
 1.31500000000000E+0002 -1.16699218750000E-0002 -1.84082031250000E-0002 
 1.32000000000000E+0002 -1.08825683593749E-0002 -1.77673339843750E-0002 
 1.32500000000000E+0002 -1.02905273437500E-0002 -1.96472167968750E-0002 
 1.33000000000000E+0002 -1.19140625000000E-0002 -2.26684570312500E-0002 
 1.33500000000000E+0002 -1.41113281250000E-0002 -2.41821289062500E-0002 
 1.34000000000000E+0002 -1.33605957031249E-0002 -2.42858886718750E-0002 
 1.34500000000000E+0002 -1.13525390624999E-0002 -2.32849121093750E-0002 
 1.35000000000000E+0002 -1.14379882812499E-0002 -2.05627441406250E-0002 
 1.35500000000000E+0002 -1.31896972656249E-0002 -1.59423828125000E-0002 
 1.36000000000000E+0002 -1.33422851562500E-0002 -1.20727539062500E-0002 
 1.36500000000000E+0002 -1.16943359375000E-0002 -1.12487792968750E-0002 
 1.37000000000000E+0002 -1.06506347656249E-0002 -1.27807617187500E-0002 
 1.37500000000000E+0002 -9.75341796875000E-0003 -1.60583496093750E-0002 
 1.38000000000000E+0002 -8.25805664062498E-0003 -2.00195312500000E-0002 
 1.38500000000000E+0002 -7.13500976562501E-0003 -2.52441406250000E-0002 
 1.39000000000000E+0002 -8.46557617187500E-0003 -3.12988281250000E-0002 
 1.39500000000000E+0002 -1.20239257812499E-0002 -3.71765136718750E-0002 
 1.40000000000000E+0002 -1.66748046875000E-0002 -4.17968750000000E-0002 
 1.40500000000000E+0002 -2.18200683593750E-0002 -4.44519042968750E-0002 
 1.41000000000000E+0002 -2.63000488281251E-0002 -4.47448730468750E-0002 
 1.41500000000000E+0002 -2.91259765625000E-0002 -4.27368164062500E-0002 
 1.42000000000000E+0002 -3.09875488281250E-0002 -3.88000488281250E-0002 
 1.42500000000000E+0002 -3.13659667968750E-0002 -3.50585937500000E-0002 
 1.43000000000000E+0002 -3.08959960937500E-0002 -3.19274902343750E-0002 
 1.43500000000000E+0002 -3.00659179687500E-0002 -2.90039062500000E-0002 
 1.44000000000000E+0002 -2.74230957031250E-0002 -2.61413574218750E-0002 
 1.44500000000000E+0002 -2.26623535156250E-0002 -2.42431640625000E-0002 
 1.45000000000000E+0002 -1.82983398437500E-0002 -2.37915039062500E-0002 
 1.45500000000000E+0002 -1.54052734374999E-0002 -2.37060546875000E-0002 
 1.46000000000000E+0002 -1.31835937500000E-0002 -2.35717773437500E-0002 
 1.46500000000000E+0002 -1.18408203125000E-0002 -2.35107421875000E-0002 
 1.47000000000000E+0002 -1.31958007812499E-0002 -2.43530273437500E-0002 
 1.47500000000000E+0002 -1.76696777343750E-0002 -2.52502441406250E-0002 
 1.48000000000000E+0002 -2.15087890625000E-0002 -2.40295410156250E-0002 
 1.48500000000000E+0002 -2.35473632812500E-0002 -2.14416503906250E-0002 
 1.49000000000000E+0002 -2.49267578125000E-0002 -1.80725097656250E-0002 
 1.49500000000000E+0002 -2.49145507812500E-0002 -1.44958496093750E-0002 
 1.50000000000000E+0002 -2.48413085937500E-0002 -1.18774414062500E-0002 
 1.50500000000000E+0002 -2.49206542968750E-0002 -9.15527343749999E-0003 
 1.51000000000000E+0002 -2.43652343750000E-0002 -6.15844726562499E-0003 
 1.51500000000000E+0002 -2.38647460937500E-0002 -2.47192382812502E-0003 
 1.52000000000000E+0002 -2.34802246093750E-0002  1.83105468749980E-0005 
 1.52500000000000E+0002 -2.40966796875000E-0002  3.78417968749999E-0004 
 1.53000000000000E+0002 -2.42431640625000E-0002 -6.16455078125004E-0004 
 1.53500000000000E+0002 -2.35351562500000E-0002 -4.19311523437499E-0003 
 1.54000000000000E+0002 -2.34619140625000E-0002 -8.21533203125001E-0003 
 1.54500000000000E+0002 -2.17529296875000E-0002 -1.08947753906250E-0002 
 1.55000000000000E+0002 -1.77612304687500E-0002 -1.28601074218750E-0002 
 1.55500000000000E+0002 -1.28112792968749E-0002 -1.45751953125000E-0002 
 1.56000000000000E+0002 -8.99047851562500E-0003 -1.62780761718750E-0002 
 1.56500000000000E+0002 -8.12988281249999E-0003 -1.78466796875000E-0002 
 1.57000000000000E+0002 -1.04187011718750E-0002 -2.10144042968750E-0002 
 1.57500000000000E+0002 -1.51611328125000E-0002 -2.44018554687500E-0002 
 1.58000000000000E+0002 -2.06115722656250E-0002 -2.62512207031250E-0002 
 1.58500000000000E+0002 -2.53234863281250E-0002 -2.65625000000000E-0002 
 1.59000000000000E+0002 -2.80822753906249E-0002 -2.40600585937500E-0002 
 1.59500000000000E+0002 -2.76672363281250E-0002 -1.92443847656250E-0002 
 1.60000000000000E+0002 -2.44628906250000E-0002 -1.54785156250000E-0002 
 1.60500000000000E+0002 -2.08068847656250E-0002 -1.42333984374999E-0002 
 1.61000000000000E+0002 -1.96716308593750E-0002 -1.35620117187500E-0002 
 1.61500000000000E+0002 -1.96594238281250E-0002 -1.19384765624999E-0002 
 1.62000000000000E+0002 -1.72607421875000E-0002 -1.10534667968749E-0002 
 1.62500000000000E+0002 -1.34643554687499E-0002 -1.28112792968750E-0002 
 1.63000000000000E+0002 -1.10534667968750E-0002 -1.64611816406250E-0002 
 1.63500000000000E+0002 -1.00280761718750E-0002 -2.11059570312500E-0002 
 1.64000000000000E+0002 -8.55102539062501E-0003 -2.58056640625000E-0002 
 1.64500000000000E+0002 -8.02001953125000E-0003 -3.01208496093750E-0002 
 1.65000000000000E+0002 -9.58251953125000E-0003 -3.32580566406250E-0002 
 1.65500000000000E+0002 -1.17614746093750E-0002 -3.30017089843750E-0002 
 1.66000000000000E+0002 -1.16149902343750E-0002 -2.86376953125000E-0002 
 1.66500000000000E+0002 -8.68530273437498E-0003 -2.33581542968750E-0002 
 1.67000000000000E+0002 -4.07104492187500E-0003 -2.15332031250000E-0002 
 1.67500000000000E+0002 -1.25732421875000E-0003 -2.29003906250000E-0002 
 1.68000000000000E+0002 -1.55029296874999E-0003 -2.35961914062500E-0002 
 1.68500000000000E+0002 -3.94897460937500E-0003 -2.34680175781250E-0002 
 1.69000000000000E+0002 -7.71484375000000E-0003 -2.43225097656250E-0002 
 1.69500000000000E+0002 -1.36169433593750E-0002 -2.55920410156250E-0002 
 1.70000000000000E+0002 -1.87561035156250E-0002 -2.47131347656250E-0002 
 1.70500000000000E+0002 -2.00378417968750E-0002 -2.28576660156250E-0002 
 1.71000000000000E+0002 -1.85607910156250E-0002 -2.42553710937500E-0002 
 1.71500000000000E+0002 -1.77551269531250E-0002 -2.76611328125000E-0002 
 1.72000000000000E+0002 -1.62475585937500E-0002 -3.02185058593750E-0002 
 1.72500000000000E+0002 -1.32080078124999E-0002 -3.17871093750000E-0002 
 1.73000000000000E+0002 -1.04248046875000E-0002 -3.27209472656250E-0002 
 1.73500000000000E+0002 -9.25903320312500E-0003 -3.36547851562500E-0002 
 1.74000000000000E+0002 -9.14306640625001E-0003 -3.40087890625000E-0002 
 1.74500000000000E+0002 -9.85717773437501E-0003 -3.33190917968749E-0002 
 1.75000000000000E+0002 -1.19567871093750E-0002 -3.21838378906250E-0002 
 1.75500000000000E+0002 -1.56494140625000E-0002 -3.05786132812500E-0002 
 1.76000000000000E+0002 -2.03430175781250E-0002 -2.86437988281250E-0002 
 1.76500000000000E+0002 -2.63366699218750E-0002 -2.67028808593750E-0002 
 1.77000000000000E+0002 -3.15856933593750E-0002 -2.38769531250000E-0002 
 1.77500000000000E+0002 -3.33251953125000E-0002 -2.07092285156250E-0002 
 1.78000000000000E+0002 -3.18054199218750E-0002 -1.81030273437500E-0002 
 1.78500000000000E+0002 -2.82958984375000E-0002 -1.73095703125000E-0002 
 1.79000000000000E+0002 -2.53601074218750E-0002 -1.81213378906250E-0002 
 1.79500000000000E+0002 -2.31750488281250E-0002 -1.92382812500000E-0002 
 1.80000000000000E+0002 -2.17102050781250E-0002 -2.18750000000000E-0002 
 1.80500000000000E+0002 -2.23022460937501E-0002 -2.43774414062500E-0002 
 1.81000000000000E+0002 -2.30773925781250E-0002 -2.58239746093750E-0002 
 1.81500000000000E+0002 -2.29431152343750E-0002 -2.67089843750000E-0002 
 1.82000000000000E+0002 -2.10449218750000E-0002 -2.69714355468750E-0002 
 1.82500000000000E+0002 -1.70532226562500E-0002 -2.70141601562500E-0002 
 1.83000000000000E+0002 -1.40075683593749E-0002 -2.73681640625000E-0002 
 1.83500000000000E+0002 -1.37939453125000E-0002 -2.90710449218750E-0002 
 1.84000000000000E+0002 -1.68212890625000E-0002 -3.05847167968750E-0002 
 1.84500000000000E+0002 -2.00683593750000E-0002 -2.99682617187500E-0002 
 1.85000000000000E+0002 -2.20764160156250E-0002 -2.93518066406250E-0002 
 1.85500000000000E+0002 -2.33154296875000E-0002 -2.95471191406250E-0002 
 1.86000000000000E+0002 -2.26684570312500E-0002 -2.88269042968750E-0002 
 1.86500000000000E+0002 -1.93969726562500E-0002 -2.73681640625000E-0002 
 1.87000000000000E+0002 -1.67541503906250E-0002 -2.60009765625000E-0002 
 1.87500000000000E+0002 -1.73889160156250E-0002 -2.42492675781250E-0002 
 1.88000000000000E+0002 -2.02941894531250E-0002 -2.19848632812500E-0002 
 1.88500000000000E+0002 -2.32849121093750E-0002 -1.97387695312500E-0002 
 1.89000000000000E+0002 -2.58178710937500E-0002 -1.83288574218750E-0002 
 1.89500000000000E+0002 -2.70874023437500E-0002 -1.74804687500000E-0002 
 1.90000000000000E+0002 -2.71240234375000E-0002 -1.84753417968750E-0002 
 1.90500000000000E+0002 -2.75207519531250E-0002 -1.99523925781250E-0002 
 1.91000000000000E+0002 -2.96020507812500E-0002 -1.92565917968750E-0002 
 1.91500000000000E+0002 -3.03649902343750E-0002 -1.64672851562500E-0002 
 1.92000000000000E+0002 -2.98461914062500E-0002 -1.56677246093750E-0002 
 1.92500000000000E+0002 -3.08288574218750E-0002 -1.70898437500000E-0002 
 1.93000000000000E+0002 -3.25561523437500E-0002 -1.85363769531250E-0002 
 1.93500000000000E+0002 -3.16650390625000E-0002 -1.84448242187500E-0002 
 1.94000000000000E+0002 -2.82409667968750E-0002 -1.81335449218750E-0002 
 1.94500000000000E+0002 -2.51831054687500E-0002 -1.89514160156250E-0002 
 1.95000000000000E+0002 -2.43408203125000E-0002 -1.98425292968750E-0002 
 1.95500000000000E+0002 -2.51464843750000E-0002 -1.95678710937500E-0002 
 1.96000000000000E+0002 -2.57324218750000E-0002 -1.88049316406250E-0002 
 1.96500000000000E+0002 -2.59338378906250E-0002 -2.04101562500000E-0002 
 1.97000000000000E+0002 -2.63427734375000E-0002 -2.42309570312500E-0002 
 1.97500000000000E+0002 -2.83142089843750E-0002 -2.65075683593750E-0002 
 1.98000000000000E+0002 -2.99499511718750E-0002 -2.56652832031250E-0002 
 1.98500000000000E+0002 -2.87353515625000E-0002 -2.39135742187500E-0002 
 1.99000000000000E+0002 -2.56774902343750E-0002 -2.39135742187500E-0002 
 1.99500000000000E+0002 -2.35656738281250E-0002 -2.50671386718750E-0002 
 2.00000000000000E+0002 -2.17224121093750E-0002 -2.63610839843750E-0002 
 2.00500000000000E+0002 -1.88720703125000E-0002 -2.77282714843750E-0002 
 2.01000000000000E+0002 -1.53259277343750E-0002 -2.92419433593750E-0002 
 2.01500000000000E+0002 -1.22497558593749E-0002 -3.07861328125000E-0002 
 2.02000000000000E+0002 -1.01684570312500E-0002 -3.27331542968750E-0002 
 2.02500000000000E+0002 -1.00891113281249E-0002 -3.33374023437500E-0002 
 2.03000000000000E+0002 -1.27868652343749E-0002 -3.05114746093750E-0002 
 2.03500000000000E+0002 -1.68762207031250E-0002 -2.47924804687500E-0002 
 2.04000000000000E+0002 -2.02758789062500E-0002 -1.87316894531250E-0002 
 2.04500000000000E+0002 -2.46398925781250E-0002 -1.41601562500000E-0002 
 2.05000000000000E+0002 -3.05053710937500E-0002 -1.05102539062500E-0002 
 2.05500000000000E+0002 -3.55285644531250E-0002 -8.49609375000000E-0003 
 2.06000000000000E+0002 -3.76220703125000E-0002 -8.63647460937499E-0003 
 2.06500000000000E+0002 -3.66271972656250E-0002 -1.08947753906250E-0002 
 2.07000000000000E+0002 -3.38867187500000E-0002 -1.55761718749999E-0002 
 2.07500000000000E+0002 -3.09814453125000E-0002 -2.15087890625000E-0002 
 2.08000000000000E+0002 -2.81799316406250E-0002 -2.63244628906250E-0002 
 2.08500000000000E+0002 -2.49084472656250E-0002 -2.96875000000000E-0002 
 2.09000000000000E+0002 -2.32543945312500E-0002 -3.37158203125000E-0002 
 2.09500000000000E+0002 -2.50488281250000E-0002 -3.81652832031250E-0002 
 2.10000000000000E+0002 -2.84484863281250E-0002 -4.04907226562500E-0002 
 2.10500000000000E+0002 -3.03833007812500E-0002 -4.03503417968750E-0002 
 2.11000000000000E+0002 -3.05847167968750E-0002 -3.90502929687499E-0002 
 2.11500000000000E+0002 -2.89001464843750E-0002 -3.68774414062500E-0002 
 2.12000000000000E+0002 -2.51525878906250E-0002 -3.46008300781250E-0002 
 2.12500000000000E+0002 -2.13684082031250E-0002 -3.23730468750000E-0002 
 2.13000000000000E+0002 -1.75720214843750E-0002 -2.95104980468750E-0002 
 2.13500000000000E+0002 -1.44592285156249E-0002 -2.72766113281250E-0002 
 2.14000000000000E+0002 -1.42944335937500E-0002 -2.60742187500000E-0002 
 2.14500000000000E+0002 -1.83898925781250E-0002 -2.38830566406250E-0002 
 2.15000000000000E+0002 -2.41516113281250E-0002 -1.99523925781250E-0002 
 2.15500000000000E+0002 -2.86193847656250E-0002 -1.56860351562500E-0002 
 2.16000000000000E+0002 -3.18603515625000E-0002 -1.28845214843749E-0002 
 2.16500000000000E+0002 -3.38012695312500E-0002 -1.10595703125000E-0002 
 2.17000000000000E+0002 -3.34533691406250E-0002 -9.27124023437501E-0003 
 2.17500000000000E+0002 -3.01818847656250E-0002 -8.75854492187501E-0003 
 2.18000000000000E+0002 -2.55187988281250E-0002 -9.44213867187500E-0003 
 2.18500000000000E+0002 -2.06054687500000E-0002 -9.98535156249999E-0003 
 2.19000000000000E+0002 -1.72180175781250E-0002 -1.04309082031250E-0002 
 2.19500000000000E+0002 -1.68273925781250E-0002 -1.11938476562500E-0002 
 2.20000000000000E+0002 -1.86340332031250E-0002 -1.17919921875000E-0002 
 2.20500000000000E+0002 -2.15087890625000E-0002 -1.23413085937500E-0002 
 2.21000000000000E+0002 -2.45666503906250E-0002 -1.25610351562499E-0002 
 2.21500000000000E+0002 -2.80639648437500E-0002 -1.32995605468750E-0002 
 2.22000000000000E+0002 -3.21105957031250E-0002 -1.24084472656250E-0002 
 2.22500000000000E+0002 -3.45458984375000E-0002 -9.10644531250001E-0003 
 2.23000000000000E+0002 -3.39050292968750E-0002 -6.89697265625000E-0003 
 2.23500000000000E+0002 -3.19946289062500E-0002 -7.55004882812498E-0003 
 2.24000000000000E+0002 -3.01635742187500E-0002 -8.91113281249998E-0003 
 2.24500000000000E+0002 -2.73193359375000E-0002 -9.90600585937500E-0003 
 2.25000000000000E+0002 -2.22473144531250E-0002 -1.20666503906250E-0002 
 2.25500000000000E+0002 -1.66748046874999E-0002 -1.61987304687500E-0002 
 2.26000000000000E+0002 -1.28784179687500E-0002 -1.81701660156250E-0002 
 2.26500000000000E+0002 -1.00097656250000E-0002 -1.61499023437500E-0002 
 2.27000000000000E+0002 -6.68334960937499E-0003 -1.31958007812500E-0002 
 2.27500000000000E+0002 -4.12597656249999E-0003 -1.02416992187500E-0002 
 2.28000000000000E+0002 -2.58178710937501E-0003 -6.85424804687501E-0003 
 2.28500000000000E+0002 -1.58081054687500E-0003 -5.05371093749999E-0003 
 2.29000000000000E+0002 -2.25830078125000E-0003 -6.79321289062500E-0003 
 2.29500000000000E+0002 -3.99780273437500E-0003 -9.92431640625000E-0003 
 2.30000000000000E+0002 -5.73120117187499E-0003 -1.16271972656250E-0002 
 2.30500000000000E+0002 -7.19604492187500E-0003 -1.28906250000000E-0002 
 2.31000000000000E+0002 -8.39233398437500E-0003 -1.39892578124999E-0002 
 2.31500000000000E+0002 -9.28344726562500E-0003 -1.41906738281250E-0002 
 2.32000000000000E+0002 -9.39331054687499E-0003 -1.39892578125000E-0002 
 2.32500000000000E+0002 -1.05834960937500E-0002 -1.53442382812500E-0002 
 2.33000000000000E+0002 -1.34460449218750E-0002 -1.80114746093750E-0002 
 2.33500000000000E+0002 -1.81457519531250E-0002 -2.05444335937500E-0002 
 2.34000000000000E+0002 -2.40905761718750E-0002 -2.16552734375000E-0002 
 2.34500000000000E+0002 -2.82287597656250E-0002 -2.09899902343750E-0002 
 2.35000000000000E+0002 -3.01818847656250E-0002 -2.17529296875000E-0002 
 2.35500000000000E+0002 -3.22204589843750E-0002 -2.46276855468750E-0002 
 2.36000000000000E+0002 -3.44604492187500E-0002 -2.71911621093750E-0002 
 2.36500000000000E+0002 -3.47717285156250E-0002 -2.88269042968750E-0002 
 2.37000000000000E+0002 -3.28918457031250E-0002 -3.18725585937500E-0002 
 2.37500000000000E+0002 -3.17687988281250E-0002 -3.58947753906250E-0002 
 2.38000000000000E+0002 -3.10363769531250E-0002 -3.72375488281249E-0002 
 2.38500000000000E+0002 -2.87719726562500E-0002 -3.60351562500000E-0002 
 2.39000000000000E+0002 -2.51464843750000E-0002 -3.40698242187499E-0002 
 2.39500000000000E+0002 -2.19970703125000E-0002 -3.15612792968750E-0002 
 2.40000000000000E+0002 -1.84936523437500E-0002 -2.82531738281250E-0002 
 2.40500000000000E+0002 -1.54846191406250E-0002 -2.52624511718750E-0002 
 2.41000000000000E+0002 -1.37634277343749E-0002 -2.32421875000000E-0002 
 2.41500000000000E+0002 -1.31286621093750E-0002 -2.16552734375000E-0002 
 2.42000000000000E+0002 -1.37084960937500E-0002 -2.01599121093750E-0002 
 2.42500000000000E+0002 -1.57592773437500E-0002 -1.90551757812500E-0002 
 2.43000000000000E+0002 -1.93969726562500E-0002 -1.86706542968750E-0002 
 2.43500000000000E+0002 -2.39257812500000E-0002 -1.90673828125000E-0002 
 2.44000000000000E+0002 -2.71240234375000E-0002 -2.12707519531250E-0002 
 2.44500000000000E+0002 -2.80395507812500E-0002 -2.56408691406250E-0002 
 2.45000000000000E+0002 -2.57934570312500E-0002 -3.13110351562500E-0002 
 2.45500000000000E+0002 -2.08862304687500E-0002 -3.72863769531250E-0002 
 2.46000000000000E+0002 -1.59790039062500E-0002 -4.15588378906250E-0002 
 2.46500000000000E+0002 -1.24633789062500E-0002 -4.32678222656250E-0002 
 2.47000000000000E+0002 -1.25000000000000E-0002 -4.22729492187500E-0002 
 2.47500000000000E+0002 -1.52099609374999E-0002 -3.90625000000000E-0002 
 2.48000000000000E+0002 -1.80908203125000E-0002 -3.52661132812500E-0002 
 2.48500000000000E+0002 -2.02880859375000E-0002 -3.26782226562500E-0002 
 2.49000000000000E+0002 -2.16674804687500E-0002 -3.09753417968750E-0002 
 2.49500000000000E+0002 -2.23815917968750E-0002 -2.89611816406250E-0002 
 2.50000000000000E+0002 -2.14111328125000E-0002 -2.59521484375000E-0002 
 2.50500000000000E+0002 -2.07397460937500E-0002 -2.36022949218750E-0002 
 2.51000000000000E+0002 -2.36877441406250E-0002 -2.27539062500000E-0002 
 2.51500000000000E+0002 -2.95288085937500E-0002 -2.30529785156251E-0002 
 2.52000000000000E+0002 -3.47839355468749E-0002 -2.47802734375000E-0002 
 2.52500000000000E+0002 -3.75854492187500E-0002 -2.76855468750000E-0002 
 2.53000000000000E+0002 -3.99475097656250E-0002 -3.16528320312500E-0002 
 2.53500000000000E+0002 -4.09057617187501E-0002 -3.52355957031251E-0002 
 2.54000000000000E+0002 -3.84582519531250E-0002 -3.68591308593750E-0002 
 2.54500000000000E+0002 -3.29528808593750E-0002 -3.70544433593750E-0002 
 2.55000000000000E+0002 -2.65625000000000E-0002 -3.63769531250000E-0002 
 2.55500000000000E+0002 -1.98181152343750E-0002 -3.59313964843749E-0002 
 2.56000000000000E+0002 -1.42517089843750E-0002 -3.55468750000000E-0002 
 2.56500000000000E+0002 -1.23657226562500E-0002 -3.47839355468750E-0002 
 2.57000000000000E+0002 -1.35437011718750E-0002 -3.41918945312501E-0002 
 2.57500000000000E+0002 -1.46179199218750E-0002 -3.33923339843750E-0002 
 2.58000000000000E+0002 -1.58020019531250E-0002 -3.19091796875000E-0002 
 2.58500000000000E+0002 -1.77124023437500E-0002 -3.03161621093750E-0002 
 2.59000000000000E+0002 -1.93603515625000E-0002 -2.82836914062500E-0002 
 2.59500000000000E+0002 -1.92443847656250E-0002 -2.76245117187500E-0002 
 2.60000000000000E+0002 -1.93725585937500E-0002 -2.86315917968750E-0002 
 2.60500000000000E+0002 -2.12646484375001E-0002 -2.92175292968750E-0002 
 2.61000000000000E+0002 -2.30468750000000E-0002 -2.85339355468750E-0002 
 2.61500000000000E+0002 -2.32849121093751E-0002 -2.79907226562500E-0002 
 2.62000000000000E+0002 -2.31933593750000E-0002 -2.80517578125000E-0002 
 2.62500000000000E+0002 -2.39990234375000E-0002 -2.62878417968750E-0002 
 2.63000000000000E+0002 -2.51708984375000E-0002 -2.24731445312500E-0002 
 2.63500000000000E+0002 -2.52014160156250E-0002 -1.84570312500000E-0002 
 2.64000000000000E+0002 -2.30712890625000E-0002 -1.59973144531250E-0002 
 2.64500000000000E+0002 -2.00012207031250E-0002 -1.50695800781249E-0002 
 2.65000000000000E+0002 -1.70593261718750E-0002 -1.44836425781249E-0002 
 2.65500000000000E+0002 -1.45446777343750E-0002 -1.54724121093750E-0002 
 2.66000000000000E+0002 -1.46179199218750E-0002 -1.92565917968750E-0002 
 2.66500000000000E+0002 -1.83532714843750E-0002 -2.40356445312500E-0002 
 2.67000000000000E+0002 -2.53356933593750E-0002 -2.73132324218750E-0002 
 2.67500000000000E+0002 -3.26110839843750E-0002 -2.91198730468750E-0002 
 2.68000000000000E+0002 -3.88427734375000E-0002 -3.02734375000000E-0002 
 2.68500000000000E+0002 -4.32189941406250E-0002 -2.82104492187500E-0002 
 2.69000000000000E+0002 -4.38415527343750E-0002 -2.32055664062500E-0002 
 2.69500000000000E+0002 -4.21752929687500E-0002 -1.90551757812500E-0002 
 2.70000000000000E+0002 -4.14428710937500E-0002 -1.66748046875000E-0002 
 2.70500000000000E+0002 -4.11010742187500E-0002 -1.51428222656250E-0002 
 2.71000000000000E+0002 -3.98986816406251E-0002 -1.47460937500000E-0002 
 2.71500000000000E+0002 -3.75305175781250E-0002 -1.56127929687500E-0002 
 2.72000000000000E+0002 -3.47412109375000E-0002 -1.68884277343750E-0002 
 2.72500000000000E+0002 -3.12744140625000E-0002 -1.77612304687500E-0002 
 2.73000000000000E+0002 -2.72277832031250E-0002 -1.90185546875000E-0002 
 2.73500000000000E+0002 -2.40539550781250E-0002 -2.01416015625000E-0002 
 2.74000000000000E+0002 -2.15698242187500E-0002 -2.04040527343750E-0002 
 2.74500000000000E+0002 -2.00988769531250E-0002 -2.27355957031250E-0002 
 2.75000000000000E+0002 -2.11914062500000E-0002 -2.76245117187500E-0002 
 2.75500000000000E+0002 -2.35473632812500E-0002 -3.13598632812500E-0002 
 2.76000000000000E+0002 -2.57446289062500E-0002 -3.21044921874999E-0002 
 2.76500000000000E+0002 -2.87353515625000E-0002 -3.28369140625000E-0002 
 2.77000000000000E+0002 -3.40270996093750E-0002 -3.29467773437500E-0002 
 2.77500000000000E+0002 -3.76647949218750E-0002 -3.00476074218750E-0002 
 2.78000000000000E+0002 -3.60778808593750E-0002 -2.71118164062500E-0002 
 2.78500000000000E+0002 -3.13354492187500E-0002 -2.70568847656250E-0002 
 2.79000000000000E+0002 -2.59704589843750E-0002 -2.89489746093750E-0002 
 2.79500000000000E+0002 -2.03918457031250E-0002 -3.12866210937500E-0002 
 2.80000000000000E+0002 -1.48376464843750E-0002 -3.37219238281250E-0002 
 2.80500000000000E+0002 -1.34765625000000E-0002 -3.74267578125000E-0002 
 2.81000000000000E+0002 -1.86157226562500E-0002 -3.85620117187500E-0002 
 2.81500000000000E+0002 -2.50000000000000E-0002 -3.48754882812500E-0002 
 2.82000000000000E+0002 -2.80456542968750E-0002 -2.93457031250000E-0002 
 2.82500000000000E+0002 -2.74658203125000E-0002 -2.58300781250000E-0002 
 2.83000000000000E+0002 -2.46643066406250E-0002 -2.50610351562500E-0002 
 2.83500000000000E+0002 -2.08496093750000E-0002 -2.57934570312500E-0002 
 2.84000000000000E+0002 -1.68212890625000E-0002 -2.76306152343750E-0002 
 2.84500000000000E+0002 -1.38977050781249E-0002 -3.08715820312500E-0002 
 2.85000000000000E+0002 -1.31408691406250E-0002 -3.34228515625000E-0002 
 2.85500000000000E+0002 -1.43798828125000E-0002 -3.27209472656250E-0002 
 2.86000000000000E+0002 -1.64428710937500E-0002 -2.98950195312500E-0002 
 2.86500000000000E+0002 -1.86218261718750E-0002 -2.70263671875000E-0002 
 2.87000000000000E+0002 -2.11914062500000E-0002 -2.48779296875000E-0002 
 2.87500000000000E+0002 -2.39746093750000E-0002 -2.37792968750000E-0002 
 2.88000000000000E+0002 -2.67822265625000E-0002 -2.33215332031250E-0002 
 2.88500000000000E+0002 -2.94372558593750E-0002 -2.36328125000000E-0002 
 2.89000000000000E+0002 -3.11950683593750E-0002 -2.42675781250000E-0002 
 2.89500000000000E+0002 -3.12988281250000E-0002 -2.44812011718750E-0002 
 2.90000000000000E+0002 -3.01635742187500E-0002 -2.43530273437500E-0002 
 2.90500000000000E+0002 -3.02978515625000E-0002 -2.52990722656250E-0002 
 2.91000000000000E+0002 -3.16894531250000E-0002 -2.76977539062500E-0002 
 2.91500000000000E+0002 -3.24707031249999E-0002 -2.99865722656250E-0002 
 2.92000000000000E+0002 -3.23730468750000E-0002 -3.01513671875000E-0002 
 2.92500000000000E+0002 -3.26721191406249E-0002 -2.80822753906250E-0002 
 2.93000000000000E+0002 -3.32885742187500E-0002 -2.56896972656250E-0002 
 2.93500000000000E+0002 -3.47900390625000E-0002 -2.34008789062500E-0002 
 2.94000000000000E+0002 -3.82751464843750E-0002 -2.04833984375000E-0002 
 2.94500000000000E+0002 -4.24316406250000E-0002 -1.79626464843750E-0002 
 2.95000000000000E+0002 -4.56848144531250E-0002 -1.63818359375000E-0002 
 2.95500000000000E+0002 -4.59594726562501E-0002 -1.55151367187500E-0002 
 2.96000000000000E+0002 -4.44580078125000E-0002 -1.47277832031249E-0002 
 2.96500000000000E+0002 -4.18212890625000E-0002 -1.35070800781250E-0002 
 2.97000000000000E+0002 -3.85314941406250E-0002 -1.29577636718750E-0002 
 2.97500000000000E+0002 -3.75000000000000E-0002 -1.30065917968750E-0002 
 2.98000000000000E+0002 -3.97460937500001E-0002 -1.25427246093750E-0002 
 2.98500000000000E+0002 -4.31762695312500E-0002 -1.27502441406250E-0002 
 2.99000000000000E+0002 -4.64477539062500E-0002 -1.48559570312499E-0002 
 2.99500000000000E+0002 -4.84313964843750E-0002 -1.95190429687500E-0002 
 3.00000000000000E+0002 -5.01464843749999E-0002 -2.51342773437500E-0002 
 3.00500000000000E+0002 -5.12878417968751E-0002 -3.01757812500000E-0002 
 3.01000000000000E+0002 -5.25756835937500E-0002 -3.33435058593750E-0002 
 3.01500000000000E+0002 -5.29602050781250E-0002 -3.48999023437500E-0002 
 3.02000000000000E+0002 -5.12756347656250E-0002 -3.61633300781250E-0002 
 3.02500000000000E+0002 -4.97375488281250E-0002 -3.65417480468750E-0002 
 3.03000000000000E+0002 -4.73754882812499E-0002 -3.45336914062500E-0002 
 3.03500000000000E+0002 -4.16137695312500E-0002 -3.31420898437500E-0002 
 3.04000000000000E+0002 -3.50341796875000E-0002 -3.60412597656250E-0002 
 3.04500000000000E+0002 -3.14147949218750E-0002 -3.87390136718751E-0002 
 3.05000000000000E+0002 -3.04443359375000E-0002 -3.74328613281250E-0002 
 3.05500000000000E+0002 -2.88940429687500E-0002 -3.42529296875000E-0002 
 3.06000000000000E+0002 -2.65563964843750E-0002 -3.20007324218750E-0002 
 3.06500000000000E+0002 -2.40173339843750E-0002 -3.03710937499999E-0002 
 3.07000000000000E+0002 -2.05932617187500E-0002 -2.88024902343750E-0002 
 3.07500000000000E+0002 -1.65039062500000E-0002 -2.96081542968750E-0002 
 3.08000000000000E+0002 -1.27685546875000E-0002 -3.38500976562500E-0002 
 3.08500000000000E+0002 -1.17736816406250E-0002 -3.88916015625000E-0002 
 3.09000000000000E+0002 -1.33972167968750E-0002 -4.32006835937501E-0002 
 3.09500000000000E+0002 -1.60156250000000E-0002 -4.69909667968751E-0002 
 3.10000000000000E+0002 -1.87500000000000E-0002 -5.03417968750000E-0002 
 3.10500000000000E+0002 -2.16125488281250E-0002 -5.21423339843750E-0002 
 3.11000000000000E+0002 -2.44262695312500E-0002 -5.10681152343750E-0002 
 3.11500000000000E+0002 -2.64709472656250E-0002 -4.86022949218750E-0002 
 3.12000000000000E+0002 -2.76977539062500E-0002 -4.46166992187499E-0002 
 3.12500000000000E+0002 -2.76977539062500E-0002 -3.83972167968750E-0002 
 3.13000000000000E+0002 -2.70446777343750E-0002 -3.11767578125000E-0002 
 3.13500000000000E+0002 -2.62023925781250E-0002 -2.55126953125000E-0002 
 3.14000000000000E+0002 -2.49145507812500E-0002 -2.31445312500000E-0002 
 3.14500000000000E+0002 -2.38647460937500E-0002 -2.41577148437500E-0002 
 3.15000000000000E+0002 -2.40783691406250E-0002 -2.75329589843750E-0002 
 3.15500000000000E+0002 -2.61474609375000E-0002 -3.22814941406250E-0002 
 3.16000000000000E+0002 -2.88330078125000E-0002 -3.68957519531250E-0002 
 3.16500000000000E+0002 -3.14636230468750E-0002 -3.93676757812500E-0002 
 3.17000000000000E+0002 -3.35266113281250E-0002 -3.75366210937500E-0002 
 3.17500000000000E+0002 -3.36486816406250E-0002 -3.23120117187500E-0002 
 3.18000000000000E+0002 -3.26049804687500E-0002 -2.67150878906250E-0002 
 3.18500000000000E+0002 -3.15124511718750E-0002 -2.22351074218750E-0002 
 3.19000000000000E+0002 -3.02246093750000E-0002 -1.89941406250000E-0002 
 3.19500000000000E+0002 -2.79968261718750E-0002 -1.77734375000000E-0002 
 3.20000000000000E+0002 -2.54150390625000E-0002 -1.80847167968750E-0002 
 3.20500000000000E+0002 -2.29858398437500E-0002 -1.83044433593750E-0002 
 3.21000000000000E+0002 -2.04040527343750E-0002 -1.81701660156250E-0002 
 3.21500000000000E+0002 -1.74316406250000E-0002 -1.90490722656250E-0002 
 3.22000000000000E+0002 -1.55944824218750E-0002 -2.01354980468750E-0002 
 3.22500000000000E+0002 -1.55700683593750E-0002 -2.08007812500000E-0002 
 3.23000000000000E+0002 -1.69250488281250E-0002 -2.15576171875000E-0002 
 3.23500000000000E+0002 -1.83227539062500E-0002 -2.24914550781250E-0002 
 3.24000000000000E+0002 -1.89880371093750E-0002 -2.28454589843750E-0002 
 3.24500000000000E+0002 -2.03186035156250E-0002 -2.11730957031250E-0002 
 3.25000000000000E+0002 -2.30651855468750E-0002 -1.82617187500000E-0002 
 3.25500000000000E+0002 -2.63305664062500E-0002 -1.56127929687500E-0002 
 3.26000000000000E+0002 -2.87231445312500E-0002 -1.49475097656249E-0002 
 3.26500000000000E+0002 -2.98889160156250E-0002 -1.56188964843750E-0002 
 3.27000000000000E+0002 -3.21105957031251E-0002 -1.69250488281250E-0002 
 3.27500000000000E+0002 -3.46984863281250E-0002 -1.71630859375000E-0002 
 3.28000000000000E+0002 -3.46069335937500E-0002 -1.66198730468750E-0002 
 3.28500000000000E+0002 -3.19396972656250E-0002 -1.68457031250000E-0002 
 3.29000000000000E+0002 -2.89001464843750E-0002 -1.79992675781250E-0002 
 3.29500000000000E+0002 -2.55676269531250E-0002 -1.87683105468750E-0002 
 3.30000000000000E+0002 -2.22595214843750E-0002 -2.03796386718750E-0002 
 3.30500000000000E+0002 -2.04284667968750E-0002 -2.26745605468750E-0002 
 3.31000000000000E+0002 -1.92443847656250E-0002 -2.33337402343750E-0002 
 3.31500000000000E+0002 -1.61682128906250E-0002 -2.19604492187500E-0002 
 3.32000000000000E+0002 -1.46240234375000E-0002 -2.12524414062500E-0002 
 3.32500000000000E+0002 -1.73034667968750E-0002 -2.20214843750000E-0002 
 3.33000000000000E+0002 -2.12951660156250E-0002 -2.25219726562500E-0002 
 3.33500000000000E+0002 -2.51770019531250E-0002 -2.23083496093750E-0002 
 3.34000000000000E+0002 -3.03894042968750E-0002 -2.27539062500000E-0002 
 3.34500000000000E+0002 -3.65051269531250E-0002 -2.41516113281250E-0002 
 3.35000000000000E+0002 -4.10827636718749E-0002 -2.56835937500000E-0002 
 3.35500000000000E+0002 -4.14184570312500E-0002 -2.65441894531250E-0002 
 3.36000000000000E+0002 -3.82995605468750E-0002 -2.79174804687500E-0002 
 3.36500000000000E+0002 -3.40881347656250E-0002 -3.07128906250000E-0002 
 3.37000000000000E+0002 -3.15185546875000E-0002 -3.37097167968750E-0002 
 3.37500000000000E+0002 -2.93212890625000E-0002 -3.41735839843751E-0002 
 3.38000000000000E+0002 -2.74108886718750E-0002 -3.23120117187500E-0002 
 3.38500000000000E+0002 -2.71545410156250E-0002 -2.93884277343750E-0002 
 3.39000000000000E+0002 -2.86132812500000E-0002 -2.64831542968750E-0002 
 3.39500000000000E+0002 -2.92968750000000E-0002 -2.46398925781250E-0002 
 3.40000000000000E+0002 -2.93762207031249E-0002 -2.43957519531250E-0002 
 3.40500000000000E+0002 -3.14819335937500E-0002 -2.38342285156250E-0002 
 3.41000000000000E+0002 -3.40270996093750E-0002 -2.27722167968750E-0002 
 3.41500000000000E+0002 -3.44848632812499E-0002 -2.17651367187500E-0002 
 3.42000000000000E+0002 -3.15002441406250E-0002 -2.14355468750000E-0002 
 3.42500000000000E+0002 -2.53662109375000E-0002 -2.22595214843750E-0002 
 3.43000000000000E+0002 -1.88842773437500E-0002 -2.52441406250000E-0002 
 3.43500000000000E+0002 -1.23474121093749E-0002 -2.96813964843750E-0002 
 3.44000000000000E+0002 -6.38427734374999E-0003 -3.50341796875000E-0002 
 3.44500000000000E+0002 -3.70483398437499E-0003 -4.05456542968750E-0002 
 3.45000000000000E+0002 -6.20727539062499E-0003 -4.42199707031250E-0002 
 3.45500000000000E+0002 -1.11206054687500E-0002 -4.29565429687500E-0002 
 3.46000000000000E+0002 -1.37756347656250E-0002 -3.94653320312499E-0002 
 3.46500000000000E+0002 -1.50085449218749E-0002 -3.75305175781249E-0002 
 3.47000000000000E+0002 -1.71447753906250E-0002 -3.47900390625000E-0002 
 3.47500000000000E+0002 -1.73461914062500E-0002 -2.98950195312500E-0002 
 3.48000000000000E+0002 -1.46362304687499E-0002 -2.56896972656250E-0002 
 3.48500000000000E+0002 -1.13098144531250E-0002 -2.49145507812500E-0002 
 3.49000000000000E+0002 -9.57641601562500E-0003 -2.56835937500000E-0002 
 3.49500000000000E+0002 -8.42285156249999E-0003 -2.62939453125000E-0002 
 3.50000000000000E+0002 -7.17163085937501E-0003 -2.75146484375000E-0002 
 3.50500000000000E+0002 -7.26928710937499E-0003 -2.94250488281251E-0002 
 3.51000000000000E+0002 -9.05761718750001E-0003 -3.23669433593750E-0002 
 3.51500000000000E+0002 -1.25000000000000E-0002 -3.49060058593750E-0002 
 3.52000000000000E+0002 -1.65161132812500E-0002 -3.58154296875000E-0002 
 3.52500000000000E+0002 -1.91467285156250E-0002 -3.68835449218750E-0002 
 3.53000000000000E+0002 -1.93664550781250E-0002 -4.02770996093750E-0002 
 3.53500000000000E+0002 -1.80603027343750E-0002 -4.60083007812501E-0002 
 3.54000000000000E+0002 -1.73034667968750E-0002 -5.09643554687500E-0002 
 3.54500000000000E+0002 -1.58691406250000E-0002 -5.47363281250000E-0002 
 3.55000000000000E+0002 -1.47521972656250E-0002 -5.82702636718750E-0002 
 3.55500000000000E+0002 -1.67968750000000E-0002 -5.91674804687500E-0002 
 3.56000000000000E+0002 -2.29858398437500E-0002 -5.67199707031249E-0002 
 3.56500000000000E+0002 -3.12255859375000E-0002 -5.15624999999999E-0002 
 3.57000000000000E+0002 -3.87634277343749E-0002 -4.44580078125000E-0002 
 3.57500000000000E+0002 -4.44519042968750E-0002 -3.76037597656250E-0002 
 3.58000000000000E+0002 -4.76867675781250E-0002 -3.25439453125000E-0002 
 3.58500000000000E+0002 -4.74426269531250E-0002 -2.94616699218750E-0002 
 3.59000000000000E+0002 -4.32128906250000E-0002 -2.75512695312500E-0002 
 3.59500000000000E+0002 -3.74877929687500E-0002 -2.70202636718750E-0002 
 3.60000000000000E+0002 -3.19824218750000E-0002 -2.72888183593750E-0002 
 3.60500000000000E+0002 -2.72827148437500E-0002 -2.64221191406250E-0002 
 3.61000000000000E+0002 -2.39990234375000E-0002 -2.38525390625000E-0002 
 3.61500000000000E+0002 -2.37854003906250E-0002 -2.04589843750000E-0002 
 3.62000000000000E+0002 -2.51892089843750E-0002 -1.66198730468750E-0002 
 3.62500000000000E+0002 -2.53112792968750E-0002 -1.31835937499999E-0002 
 3.63000000000000E+0002 -2.45056152343750E-0002 -1.12304687500000E-0002 
 3.63500000000000E+0002 -2.50488281250000E-0002 -1.12426757812499E-0002 
 3.64000000000000E+0002 -2.54211425781250E-0002 -1.38122558593750E-0002 
 3.64500000000000E+0002 -2.33154296875000E-0002 -1.94885253906250E-0002 
 3.65000000000000E+0002 -1.97265625000000E-0002 -2.57080078125000E-0002 
 3.65500000000000E+0002 -1.66259765625000E-0002 -2.99255371093750E-0002 
 3.66000000000000E+0002 -1.51123046875000E-0002 -3.26904296875000E-0002 
 3.66500000000000E+0002 -1.59851074218750E-0002 -3.33129882812500E-0002 
 3.67000000000000E+0002 -1.77551269531250E-0002 -3.00537109375000E-0002 
 3.67500000000000E+0002 -2.03063964843750E-0002 -2.42126464843750E-0002 
 3.68000000000000E+0002 -2.47985839843750E-0002 -1.81335449218750E-0002 
 3.68500000000000E+0002 -2.98156738281250E-0002 -1.22253417968749E-0002 
 3.69000000000000E+0002 -3.08959960937500E-0002 -6.56738281249998E-0003 
 3.69500000000000E+0002 -2.94738769531250E-0002 -5.52368164062498E-0003 
 3.70000000000000E+0002 -2.84240722656250E-0002 -7.29980468750000E-0003 
 3.70500000000000E+0002 -2.78991699218750E-0002 -9.25292968749998E-0003 
 3.71000000000000E+0002 -2.72521972656250E-0002 -1.27685546874999E-0002 
 3.71500000000000E+0002 -2.74658203125001E-0002 -1.83105468750000E-0002 
 3.72000000000000E+0002 -3.02001953125000E-0002 -2.19665527343750E-0002 
 3.72500000000000E+0002 -3.20861816406250E-0002 -2.06054687500000E-0002 
 3.73000000000000E+0002 -3.22448730468750E-0002 -1.73767089843750E-0002 
 3.73500000000000E+0002 -3.11340332031250E-0002 -1.41601562500000E-0002 
 3.74000000000000E+0002 -2.82348632812500E-0002 -1.17431640624999E-0002 
 3.74500000000000E+0002 -2.60681152343750E-0002 -1.17431640625000E-0002 
 3.75000000000000E+0002 -2.66174316406249E-0002 -1.33972167968749E-0002 
 3.75500000000000E+0002 -2.87780761718750E-0002 -1.68395996093750E-0002 
 3.76000000000000E+0002 -3.15917968750000E-0002 -2.21496582031250E-0002 
 3.76500000000000E+0002 -3.57910156250000E-0002 -2.88269042968750E-0002 
 3.77000000000000E+0002 -4.11254882812500E-0002 -3.43383789062500E-0002 
 3.77500000000000E+0002 -4.50134277343750E-0002 -3.71948242187500E-0002 
 3.78000000000000E+0002 -4.68566894531250E-0002 -3.87145996093750E-0002 
 3.78500000000000E+0002 -4.74487304687500E-0002 -3.96789550781251E-0002 
 3.79000000000000E+0002 -4.63867187500000E-0002 -3.98437500000000E-0002 
 3.79500000000000E+0002 -4.38842773437500E-0002 -3.99047851562500E-0002 
 3.80000000000000E+0002 -4.07409667968750E-0002 -3.91235351562501E-0002 
 3.80500000000000E+0002 -3.65295410156250E-0002 -3.76770019531250E-0002 
 3.81000000000000E+0002 -3.02429199218750E-0002 -3.69689941406250E-0002 
 3.81500000000000E+0002 -2.44445800781250E-0002 -3.71948242187500E-0002 
 3.82000000000000E+0002 -2.14355468750000E-0002 -3.60473632812500E-0002 
 3.82500000000000E+0002 -1.93237304687500E-0002 -3.30383300781250E-0002 
 3.83000000000000E+0002 -1.81274414062500E-0002 -3.03466796875000E-0002 
 3.83500000000000E+0002 -1.86706542968750E-0002 -2.83508300781250E-0002 
 3.84000000000000E+0002 -2.01843261718750E-0002 -2.68737792968750E-0002 
 3.84500000000000E+0002 -2.14477539062500E-0002 -2.56164550781250E-0002 
 3.85000000000000E+0002 -2.15820312500000E-0002 -2.43164062500000E-0002 
 3.85500000000000E+0002 -2.24853515625000E-0002 -2.27172851562500E-0002 
 3.86000000000000E+0002 -2.29248046875000E-0002 -2.04223632812500E-0002 
 3.86500000000000E+0002 -2.09716796875000E-0002 -1.76513671875000E-0002 
 3.87000000000000E+0002 -1.82434082031250E-0002 -1.53503417968750E-0002 
 3.87500000000000E+0002 -1.63635253906250E-0002 -1.37084960937500E-0002 
 3.88000000000000E+0002 -1.60461425781250E-0002 -1.32324218750000E-0002 
 3.88500000000000E+0002 -1.71508789062500E-0002 -1.39099121093749E-0002 
 3.89000000000000E+0002 -2.00317382812500E-0002 -1.67541503906250E-0002 
 3.89500000000000E+0002 -2.60009765625000E-0002 -2.11486816406250E-0002 
 3.90000000000000E+0002 -3.41674804687500E-0002 -2.47863769531250E-0002 
 3.90500000000000E+0002 -4.04663085937501E-0002 -2.74536132812500E-0002 
 3.91000000000000E+0002 -4.19799804687499E-0002 -3.20007324218750E-0002 
 3.91500000000000E+0002 -3.93554687500000E-0002 -3.70483398437500E-0002 
 3.92000000000000E+0002 -3.44665527343750E-0002 -3.98376464843750E-0002 
 3.92500000000000E+0002 -2.80700683593750E-0002 -3.92761230468750E-0002 
 3.93000000000000E+0002 -2.14904785156250E-0002 -3.67309570312500E-0002 
 3.93500000000000E+0002 -1.76818847656250E-0002 -3.22692871093750E-0002 
 3.94000000000000E+0002 -1.61987304687500E-0002 -2.45422363281250E-0002 
 3.94500000000000E+0002 -1.44714355468750E-0002 -1.79931640625000E-0002 
 3.95000000000000E+0002 -1.39160156250000E-0002 -1.70776367187500E-0002 
 3.95500000000000E+0002 -1.51672363281250E-0002 -2.17102050781250E-0002 
 3.96000000000000E+0002 -1.70593261718750E-0002 -2.70324707031250E-0002 
 3.96500000000000E+0002 -1.80236816406250E-0002 -3.03466796875000E-0002 
 3.97000000000000E+0002 -1.95251464843750E-0002 -3.29223632812500E-0002 
 3.97500000000000E+0002 -2.35778808593750E-0002 -3.35083007812500E-0002 
 3.98000000000000E+0002 -2.72888183593750E-0002 -2.99255371093750E-0002 
 3.98500000000000E+0002 -2.69775390625000E-0002 -2.27111816406250E-0002 
 3.99000000000000E+0002 -2.28088378906250E-0002 -1.55273437500000E-0002 
 3.99500000000000E+0002 -1.84020996093750E-0002 -1.10839843750000E-0002 
