 0.00000000000000E+0000  1.58996582031250E-0002  3.02886962890625E-0001 
 5.00000000000000E-0001  1.09863281250000E-0002  2.26715087890625E-0001 
 1.00000000000000E+0000 -2.65502929687500E-0003  4.07714843750000E-0002 
 1.50000000000000E+0000  1.50756835937500E-0002 -1.99340820312500E-0001 
 2.00000000000000E+0000  1.04675292968750E-0001 -4.13421630859375E-0001 
 2.50000000000000E+0000  2.13714599609375E-0001 -5.67016601562500E-0001 
 3.00000000000000E+0000  2.64038085937500E-0001 -6.21795654296875E-0001 
 3.50000000000000E+0000  2.51007080078125E-0001 -5.63110351562500E-0001 
 4.00000000000000E+0000  1.80206298828125E-0001 -4.36523437500000E-0001 
 4.50000000000000E+0000  4.66308593750000E-0002 -2.87200927734375E-0001 
 5.00000000000000E+0000 -1.17614746093750E-0001 -1.52923583984375E-0001 
 5.50000000000000E+0000 -2.62268066406250E-0001 -7.65991210937500E-0002 
 6.00000000000000E+0000 -3.55072021484375E-0001 -6.89392089843750E-0002 
 6.50000000000000E+0000 -3.91906738281250E-0001 -9.43298339843750E-0002 
 7.00000000000000E+0000 -3.72924804687500E-0001 -1.18164062500000E-0001 
 7.50000000000000E+0000 -3.12988281250000E-0001 -1.26068115234375E-0001 
 8.00000000000000E+0000 -2.28912353515625E-0001 -8.86840820312500E-0002 
 8.50000000000000E+0000 -1.18225097656250E-0001  4.94384765625000E-0003 
 9.00000000000000E+0000  1.30310058593750E-0002  1.18011474609375E-0001 
 9.50000000000000E+0000  1.39373779296875E-0001  2.12188720703125E-0001 
 1.00000000000000E+0001  2.37457275390625E-0001  2.80944824218750E-0001 
 1.05000000000000E+0001  2.98095703125000E-0001  3.12835693359375E-0001 
 1.10000000000000E+0001  3.09997558593750E-0001  2.89703369140625E-0001 
 1.15000000000000E+0001  2.73345947265625E-0001  2.25524902343750E-0001 
 1.20000000000000E+0001  2.10021972656250E-0001  1.48040771484375E-0001 
 1.25000000000000E+0001  1.46301269531250E-0001  7.09228515625000E-0002 
 1.30000000000000E+0001  9.90295410156250E-0002 -1.98364257812500E-0003 
 1.35000000000000E+0001  7.79113769531250E-0002 -6.39953613281250E-0002 
 1.40000000000000E+0001  7.91320800781250E-0002 -1.09405517578125E-0001 
 1.45000000000000E+0001  8.79211425781250E-0002 -1.28692626953125E-0001 
 1.50000000000000E+0001  9.39331054687500E-0002 -1.18438720703125E-0001 
 1.55000000000000E+0001  9.54895019531250E-0002 -9.05151367187500E-0002 
 1.60000000000000E+0001  9.47265625000000E-0002 -6.07910156250000E-0002 
 1.65000000000000E+0001  9.82971191406250E-0002 -3.26843261718750E-0002 
 1.70000000000000E+0001  1.20147705078125E-0001 -1.61437988281250E-0002 
 1.75000000000000E+0001  1.56402587890625E-0001 -2.97241210937500E-0002 
 1.80000000000000E+0001  1.87316894531250E-0001 -6.39953613281250E-0002 
 1.85000000000000E+0001  2.02636718750000E-0001 -8.88061523437500E-0002 
 1.90000000000000E+0001  2.04101562500000E-0001 -9.02099609375000E-0002 
 1.95000000000000E+0001  1.86096191406250E-0001 -7.29675292968750E-0002 
 2.00000000000000E+0001  1.38519287109375E-0001 -3.70788574218750E-0002 
 2.05000000000000E+0001  6.43615722656250E-0002  1.31835937500000E-0002 
 2.10000000000000E+0001 -2.28881835937500E-0002  5.74951171875000E-0002 
 2.15000000000000E+0001 -1.07788085937500E-0001  8.40454101562500E-0002 
 2.20000000000000E+0001 -1.76605224609375E-0001  9.05151367187500E-0002 
 2.25000000000000E+0001 -2.20703125000000E-0001  8.10241699218750E-0002 
 2.30000000000000E+0001 -2.32604980468750E-0001  6.05468750000000E-0002 
 2.35000000000000E+0001 -2.14416503906250E-0001  4.48303222656250E-0002 
 2.40000000000000E+0001 -1.74316406250000E-0001  5.27648925781250E-0002 
 2.45000000000000E+0001 -1.19445800781250E-0001  7.40051269531250E-0002 
 2.50000000000000E+0001 -6.64367675781250E-0002  9.53674316406250E-0002 
 2.55000000000000E+0001 -2.33154296875000E-0002  1.17126464843750E-0001 
 2.60000000000000E+0001  9.79614257812500E-0003  1.30340576171875E-0001 
 2.65000000000000E+0001  3.07312011718750E-0002  1.16394042968750E-0001 
 2.70000000000000E+0001  3.70483398437500E-0002  7.55310058593750E-0002 
 2.75000000000000E+0001  3.09448242187500E-0002  2.24914550781250E-0002 
 2.80000000000000E+0001  1.77612304687500E-0002 -2.74963378906250E-0002 
 2.85000000000000E+0001  5.34057617187500E-0003 -6.61315917968750E-0002 
 2.90000000000000E+0001 -5.98144531250000E-0003 -8.85009765625000E-0002 
 2.95000000000000E+0001 -1.51977539062500E-0002 -9.37500000000000E-0002 
 3.00000000000000E+0001 -2.24914550781250E-0002 -9.38720703125000E-0002 
 3.05000000000000E+0001 -3.40881347656250E-0002 -9.54895019531250E-0002 
 3.10000000000000E+0001 -5.25207519531250E-0002 -9.77478027343750E-0002 
 3.15000000000000E+0001 -7.40966796875000E-0002 -1.00921630859375E-0001 
 3.20000000000000E+0001 -9.31396484375000E-0002 -9.99755859375000E-0002 
 3.25000000000000E+0001 -1.02264404296875E-0001 -9.22851562500000E-0002 
 3.30000000000000E+0001 -1.02020263671875E-0001 -7.33337402343750E-0002 
 3.35000000000000E+0001 -8.90808105468750E-0002 -4.24804687500000E-0002 
 3.40000000000000E+0001 -6.70166015625000E-0002 -4.79125976562500E-0003 
 3.45000000000000E+0001 -4.34875488281250E-0002  3.48510742187500E-0002 
 3.50000000000000E+0001 -2.19421386718750E-0002  6.79321289062500E-0002 
 3.55000000000000E+0001 -9.76562500000000E-0004  9.32006835937500E-0002 
 3.60000000000000E+0001  2.06604003906250E-0002  1.13006591796875E-0001 
 3.65000000000000E+0001  4.29992675781250E-0002  1.20849609375000E-0001 
 3.70000000000000E+0001  6.44226074218750E-0002  1.10870361328125E-0001 
 3.75000000000000E+0001  8.42590332031250E-0002  8.55407714843750E-0002 
 3.80000000000000E+0001  1.02386474609375E-0001  5.45043945312500E-0002 
 3.85000000000000E+0001  1.17309570312500E-0001  2.01721191406250E-0002 
 3.90000000000000E+0001  1.20513916015625E-0001 -1.78833007812500E-0002 
 3.95000000000000E+0001  1.06475830078125E-0001 -4.83398437500000E-0002 
 4.00000000000000E+0001  8.20007324218750E-0002 -6.41784667968750E-0002 
 4.05000000000000E+0001  5.01403808593750E-0002 -7.20825195312500E-0002 
 4.10000000000000E+0001  9.58251953125000E-0003 -7.52258300781250E-0002 
 4.15000000000000E+0001 -3.23181152343750E-0002 -7.20520019531250E-0002 
 4.20000000000000E+0001 -6.57653808593750E-0002 -6.28967285156250E-0002 
 4.25000000000000E+0001 -8.76464843750000E-0002 -5.12695312500000E-0002 
 4.30000000000000E+0001 -1.01379394531250E-0001 -3.91235351562500E-0002 
 4.35000000000000E+0001 -1.07635498046875E-0001 -2.42004394531250E-0002 
 4.40000000000000E+0001 -1.04583740234375E-0001 -1.06201171875000E-0002 
 4.45000000000000E+0001 -9.25292968750000E-0002 -1.22070312500000E-0004 
 4.50000000000000E+0001 -7.02209472656250E-0002  5.95092773437500E-0003 
 4.55000000000000E+0001 -3.89099121093750E-0002  5.64575195312500E-0003 
 4.60000000000000E+0001 -2.86865234375000E-0003  1.46484375000000E-0003 
 4.65000000000000E+0001  3.26232910156250E-0002 -3.02124023437500E-0003 
 4.70000000000000E+0001  6.01196289062500E-0002 -7.20214843750000E-0003 
 4.75000000000000E+0001  7.50732421875000E-0002 -9.73510742187500E-0003 
 4.80000000000000E+0001  7.66601562500000E-0002 -1.21459960937500E-0002 
 4.85000000000000E+0001  6.84204101562500E-0002 -1.54113769531250E-0002 
 4.90000000000000E+0001  5.75866699218750E-0002 -1.72424316406250E-0002 
 4.95000000000000E+0001  4.69970703125000E-0002 -1.95312500000000E-0002 
 5.00000000000000E+0001  3.76281738281250E-0002 -2.16064453125000E-0002 
 5.05000000000000E+0001  3.43017578125000E-0002 -2.38647460937500E-0002 
 5.10000000000000E+0001  3.76281738281250E-0002 -2.75268554687500E-0002 
 5.15000000000000E+0001  4.14428710937500E-0002 -3.15246582031250E-0002 
 5.20000000000000E+0001  3.83911132812500E-0002 -3.25622558593750E-0002 
 5.25000000000000E+0001  3.42712402343750E-0002 -2.77099609375000E-0002 
 5.30000000000000E+0001  3.66210937500000E-0002 -2.36511230468750E-0002 
 5.35000000000000E+0001  3.76586914062500E-0002 -2.82592773437500E-0002 
 5.40000000000000E+0001  2.92663574218750E-0002 -3.56140136718750E-0002 
 5.45000000000000E+0001  1.90124511718750E-0002 -3.69873046875000E-0002 
 5.50000000000000E+0001  1.31225585937500E-0002 -3.45764160156250E-0002 
 5.55000000000000E+0001  8.69750976562500E-0003 -3.33251953125000E-0002 
 5.60000000000000E+0001 -1.83105468750000E-0004 -3.05480957031250E-0002 
 5.65000000000000E+0001 -7.65991210937500E-0003 -2.22778320312500E-0002 
 5.70000000000000E+0001 -7.35473632812500E-0003 -1.30310058593750E-0002 
 5.75000000000000E+0001 -2.56347656250000E-0003 -1.18408203125000E-0002 
 5.80000000000000E+0001 -4.27246093750000E-0004 -1.74255371093750E-0002 
 5.85000000000000E+0001 -3.93676757812500E-0003 -2.39257812500000E-0002 
 5.90000000000000E+0001 -1.19323730468750E-0002 -2.99682617187500E-0002 
 5.95000000000000E+0001 -2.13928222656250E-0002 -3.21350097656250E-0002 
 6.00000000000000E+0001 -2.92968750000000E-0002 -2.96936035156250E-0002 
 6.05000000000000E+0001 -3.29589843750000E-0002 -2.52685546875000E-0002 
 6.10000000000000E+0001 -3.20129394531250E-0002 -1.96228027343750E-0002 
 6.15000000000000E+0001 -2.36511230468750E-0002 -1.18103027343750E-0002 
 6.20000000000000E+0001 -8.39233398437500E-0003 -5.03540039062500E-0003 
 6.25000000000000E+0001  6.04248046875000E-0003 -1.25122070312500E-0003 
 6.30000000000000E+0001  1.64794921875000E-0002 -1.70898437500000E-0003 
 6.35000000000000E+0001  2.24914550781250E-0002 -4.54711914062500E-0003 
 6.40000000000000E+0001  2.85034179687500E-0002 -1.19934082031250E-0002 
 6.45000000000000E+0001  3.43933105468750E-0002 -2.37731933593750E-0002 
 6.50000000000000E+0001  3.83911132812500E-0002 -3.35693359375000E-0002 
 6.55000000000000E+0001  4.04357910156250E-0002 -3.80554199218750E-0002 
 6.60000000000000E+0001  3.96423339843750E-0002 -3.90930175781250E-0002 
 6.65000000000000E+0001  3.79333496093750E-0002 -3.89404296875000E-0002 
 6.70000000000000E+0001  2.93273925781250E-0002 -3.86657714843750E-0002 
 6.75000000000000E+0001  1.47399902343750E-0002 -3.42102050781250E-0002 
 6.80000000000000E+0001  1.37329101562500E-0003 -2.64282226562500E-0002 
 6.85000000000000E+0001 -4.63867187500000E-0003 -1.80358886718750E-0002 
 6.90000000000000E+0001 -3.96728515625000E-0003 -1.12609863281250E-0002 
 6.95000000000000E+0001 -2.62451171875000E-0003 -6.53076171875000E-0003 
 7.00000000000000E+0001  8.54492187500000E-0004 -7.17163085937500E-0003 
 7.05000000000000E+0001  5.37109375000000E-0003 -1.31225585937500E-0002 
 7.10000000000000E+0001  6.16455078125000E-0003 -2.02331542968750E-0002 
 7.15000000000000E+0001  3.17382812500000E-0003 -2.60925292968750E-0002 
 7.20000000000000E+0001 -2.19726562500000E-0003 -2.92053222656250E-0002 
 7.25000000000000E+0001 -7.53784179687500E-0003 -2.83813476562500E-0002 
 7.30000000000000E+0001 -1.30920410156250E-0002 -2.63671875000000E-0002 
 7.35000000000000E+0001 -2.19116210937500E-0002 -2.78930664062500E-0002 
 7.40000000000000E+0001 -3.40576171875000E-0002 -3.24401855468750E-0002 
 7.45000000000000E+0001 -4.51354980468750E-0002 -3.90319824218750E-0002 
 7.50000000000000E+0001 -5.22155761718750E-0002 -4.65087890625000E-0002 
 7.55000000000000E+0001 -5.60607910156250E-0002 -5.24597167968750E-0002 
 7.60000000000000E+0001 -5.42907714843750E-0002 -4.98352050781250E-0002 
 7.65000000000000E+0001 -4.13208007812500E-0002 -3.88793945312500E-0002 
 7.70000000000000E+0001 -2.01416015625000E-0002 -3.03344726562500E-0002 
 7.75000000000000E+0001 -3.08227539062500E-0003 -2.78015136718750E-0002 
 7.80000000000000E+0001  5.61523437500000E-0003 -2.57873535156250E-0002 
 7.85000000000000E+0001  1.28784179687500E-0002 -1.89514160156250E-0002 
 7.90000000000000E+0001  2.33764648437500E-0002 -1.32446289062500E-0002 
 7.95000000000000E+0001  3.01513671875000E-0002 -1.26342773437500E-0002 
 8.00000000000000E+0001  3.14941406250000E-0002 -1.06201171875000E-0002 
 8.05000000000000E+0001  3.18908691406250E-0002 -5.52368164062500E-0003 
 8.10000000000000E+0001  3.35998535156250E-0002  0.00000000000000E+0000 
 8.15000000000000E+0001  3.44238281250000E-0002  4.48608398437500E-0003 
 8.20000000000000E+0001  3.19824218750000E-0002  1.04675292968750E-0002 
 8.25000000000000E+0001  2.71911621093750E-0002  1.88903808593750E-0002 
 8.30000000000000E+0001  2.22473144531250E-0002  2.63366699218750E-0002 
 8.35000000000000E+0001  1.98059082031250E-0002  3.46984863281250E-0002 
 8.40000000000000E+0001  2.07214355468750E-0002  3.82995605468750E-0002 
 8.45000000000000E+0001  2.00195312500000E-0002  3.08227539062500E-0002 
 8.50000000000000E+0001  1.55029296875000E-0002  1.50756835937500E-0002 
 8.55000000000000E+0001  1.21459960937500E-0002 -1.40380859375000E-0003 
 8.60000000000000E+0001  8.91113281250000E-0003 -1.80358886718750E-0002 
 8.65000000000000E+0001  1.00708007812500E-0003 -3.33557128906250E-0002 
 8.70000000000000E+0001 -1.33972167968750E-0002 -3.72314453125000E-0002 
 8.75000000000000E+0001 -2.58789062500000E-0002 -2.90832519531250E-0002 
 8.80000000000000E+0001 -3.38439941406250E-0002 -1.93786621093750E-0002 
 8.85000000000000E+0001 -3.91540527343750E-0002 -1.25427246093750E-0002 
 8.90000000000000E+0001 -4.08325195312500E-0002 -6.53076171875000E-0003 
 8.95000000000000E+0001 -3.82995605468750E-0002 -2.16674804687500E-0003 
 9.00000000000000E+0001 -3.29895019531250E-0002 -3.96728515625000E-0003 
 9.05000000000000E+0001 -2.94799804687500E-0002 -1.16882324218750E-0002 
 9.10000000000000E+0001 -2.91748046875000E-0002 -2.02941894531250E-0002 
 9.15000000000000E+0001 -3.17382812500000E-0002 -2.42309570312500E-0002 
 9.20000000000000E+0001 -3.30810546875000E-0002 -2.11791992187500E-0002 
 9.25000000000000E+0001 -3.01208496093750E-0002 -1.71508789062500E-0002 
 9.30000000000000E+0001 -2.60314941406250E-0002 -1.75170898437500E-0002 
 9.35000000000000E+0001 -2.29187011718750E-0002 -1.66015625000000E-0002 
 9.40000000000000E+0001 -1.67236328125000E-0002 -9.64355468750000E-0003 
 9.45000000000000E+0001 -8.33129882812500E-0003 -8.11767578125000E-0003 
 9.50000000000000E+0001 -5.46264648437500E-0003 -1.43737792968750E-0002 
 9.55000000000000E+0001 -9.21630859375000E-0003 -2.01110839843750E-0002 
 9.60000000000000E+0001 -1.43432617187500E-0002 -1.86462402343750E-0002 
 9.65000000000000E+0001 -1.83105468750000E-0002 -1.27563476562500E-0002 
 9.70000000000000E+0001 -2.27966308593750E-0002 -7.75146484375000E-0003 
 9.75000000000000E+0001 -2.59094238281250E-0002 -3.38745117187500E-0003 
 9.80000000000000E+0001 -2.09960937500000E-0002 -8.54492187500000E-0004 
 9.85000000000000E+0001 -1.09558105468750E-0002 -5.24902343750000E-0003 
 9.90000000000000E+0001 -3.75366210937500E-0003 -1.55639648437500E-0002 
 9.95000000000000E+0001 -5.00488281250000E-0003 -2.63366699218750E-0002 
 1.00000000000000E+0002 -1.15661621093750E-0002 -3.14025878906250E-0002 
 1.00500000000000E+0002 -1.68151855468750E-0002 -3.25927734375000E-0002 
 1.01000000000000E+0002 -1.80358886718750E-0002 -3.31115722656250E-0002 
 1.01500000000000E+0002 -1.69677734375000E-0002 -3.11279296875000E-0002 
 1.02000000000000E+0002 -1.41601562500000E-0002 -2.94799804687500E-0002 
 1.02500000000000E+0002 -1.03759765625000E-0002 -3.49426269531250E-0002 
 1.03000000000000E+0002 -9.03320312500000E-0003 -4.52575683593750E-0002 
 1.03500000000000E+0002 -9.39941406250000E-0003 -4.98657226562500E-0002 
 1.04000000000000E+0002 -1.39465332031250E-0002 -4.63256835937500E-0002 
 1.04500000000000E+0002 -2.05383300781250E-0002 -3.81164550781250E-0002 
 1.05000000000000E+0002 -2.25830078125000E-0002 -2.48107910156250E-0002 
 1.05500000000000E+0002 -1.75170898437500E-0002 -8.69750976562500E-0003 
 1.06000000000000E+0002 -1.05285644531250E-0002  5.79833984375000E-0003 
 1.06500000000000E+0002 -9.58251953125000E-0003  1.33361816406250E-0002 
 1.07000000000000E+0002 -1.45263671875000E-0002  1.48315429687500E-0002 
 1.07500000000000E+0002 -2.09350585937500E-0002  1.31530761718750E-0002 
 1.08000000000000E+0002 -2.82592773437500E-0002  9.24682617187500E-0003 
 1.08500000000000E+0002 -3.64685058593750E-0002  4.69970703125000E-0003 
 1.09000000000000E+0002 -4.25720214843750E-0002  8.85009765625000E-0004 
 1.09500000000000E+0002 -4.55932617187500E-0002 -6.40869140625000E-0004 
 1.10000000000000E+0002 -4.40979003906250E-0002  3.66210937500000E-0004 
 1.10500000000000E+0002 -4.02221679687500E-0002  3.66210937500000E-0004 
 1.11000000000000E+0002 -3.50341796875000E-0002 -2.38037109375000E-0003 
 1.11500000000000E+0002 -3.25622558593750E-0002 -6.68334960937500E-0003 
 1.12000000000000E+0002 -3.32946777343750E-0002 -7.44628906250000E-0003 
 1.12500000000000E+0002 -3.44238281250000E-0002 -7.99560546875000E-0003 
 1.13000000000000E+0002 -3.70788574218750E-0002 -1.30920410156250E-0002 
 1.13500000000000E+0002 -4.11071777343750E-0002 -1.89819335937500E-0002 
 1.14000000000000E+0002 -4.33959960937500E-0002 -1.87072753906250E-0002 
 1.14500000000000E+0002 -4.07409667968750E-0002 -1.43127441406250E-0002 
 1.15000000000000E+0002 -3.29284667968750E-0002 -1.37023925781250E-0002 
 1.15500000000000E+0002 -2.85949707031250E-0002 -1.70288085937500E-0002 
 1.16000000000000E+0002 -2.58483886718750E-0002 -1.49230957031250E-0002 
 1.16500000000000E+0002 -1.87988281250000E-0002 -1.01623535156250E-0002 
 1.17000000000000E+0002 -1.19628906250000E-0002 -1.09863281250000E-0002 
 1.17500000000000E+0002 -1.14746093750000E-0002 -1.34582519531250E-0002 
 1.18000000000000E+0002 -1.04370117187500E-0002 -1.30310058593750E-0002 
 1.18500000000000E+0002 -2.28881835937500E-0003 -1.06811523437500E-0002 
 1.19000000000000E+0002  5.34057617187500E-0003 -1.37634277343750E-0002 
 1.19500000000000E+0002  3.60107421875000E-0003 -1.88903808593750E-0002 
 1.20000000000000E+0002  9.15527343750000E-0004 -1.92565917968750E-0002 
 1.20500000000000E+0002  4.15039062500000E-0003 -1.81579589843750E-0002 
 1.21000000000000E+0002  8.08715820312500E-0003 -1.89514160156250E-0002 
 1.21500000000000E+0002  8.57543945312500E-0003 -2.13012695312500E-0002 
 1.22000000000000E+0002  7.53784179687500E-0003 -2.44750976562500E-0002 
 1.22500000000000E+0002  5.95092773437500E-0003 -2.68249511718750E-0002 
 1.23000000000000E+0002  4.57763671875000E-0004 -3.12805175781250E-0002 
 1.23500000000000E+0002 -9.24682617187500E-0003 -4.01000976562500E-0002 
 1.24000000000000E+0002 -2.05993652343750E-0002 -5.07202148437500E-0002 
 1.24500000000000E+0002 -2.74963378906250E-0002 -5.65490722656250E-0002 
 1.25000000000000E+0002 -2.58789062500000E-0002 -5.56640625000000E-0002 
 1.25500000000000E+0002 -1.90734863281250E-0002 -4.90112304687500E-0002 
 1.26000000000000E+0002 -5.37109375000000E-0003 -3.61328125000000E-0002 
 1.26500000000000E+0002  1.62048339843750E-0002 -2.03857421875000E-0002 
 1.27000000000000E+0002  3.87573242187500E-0002 -7.84301757812500E-0003 
 1.27500000000000E+0002  5.34973144531250E-0002 -2.34985351562500E-0003 
 1.28000000000000E+0002  6.05468750000000E-0002 -5.03540039062500E-0003 
 1.28500000000000E+0002  6.31408691406250E-0002 -1.45263671875000E-0002 
 1.29000000000000E+0002  5.68847656250000E-0002 -2.67333984375000E-0002 
 1.29500000000000E+0002  3.99169921875000E-0002 -3.50341796875000E-0002 
 1.30000000000000E+0002  2.07824707031250E-0002 -3.48815917968750E-0002 
 1.30500000000000E+0002  6.40869140625000E-0003 -2.72521972656250E-0002 
 1.31000000000000E+0002 -5.61523437500000E-0003 -1.78527832031250E-0002 
 1.31500000000000E+0002 -1.88293457031250E-0002 -1.24511718750000E-0002 
 1.32000000000000E+0002 -3.18603515625000E-0002 -1.22070312500000E-0002 
 1.32500000000000E+0002 -4.03442382812500E-0002 -1.45874023437500E-0002 
 1.33000000000000E+0002 -4.29687500000000E-0002 -1.73950195312500E-0002 
 1.33500000000000E+0002 -4.36706542968750E-0002 -1.79748535156250E-0002 
 1.34000000000000E+0002 -4.09240722656250E-0002 -1.28173828125000E-0002 
 1.34500000000000E+0002 -3.18908691406250E-0002 -4.27246093750000E-0003 
 1.35000000000000E+0002 -2.08740234375000E-0002 -1.83105468750000E-0003 
 1.35500000000000E+0002 -1.70593261718750E-0002 -5.40161132812500E-0003 
 1.36000000000000E+0002 -2.01721191406250E-0002 -8.85009765625000E-0003 
 1.36500000000000E+0002 -2.26440429687500E-0002 -1.17797851562500E-0002 
 1.37000000000000E+0002 -2.38647460937500E-0002 -1.66625976562500E-0002 
 1.37500000000000E+0002 -2.61840820312500E-0002 -2.07824707031250E-0002 
 1.38000000000000E+0002 -2.58789062500000E-0002 -1.89514160156250E-0002 
 1.38500000000000E+0002 -1.98059082031250E-0002 -1.34277343750000E-0002 
 1.39000000000000E+0002 -1.33972167968750E-0002 -1.07116699218750E-0002 
 1.39500000000000E+0002 -6.83593750000000E-0003 -1.22680664062500E-0002 
 1.40000000000000E+0002  1.67846679687500E-0003 -1.78222656250000E-0002 
 1.40500000000000E+0002  6.46972656250000E-0003 -2.25219726562500E-0002 
 1.41000000000000E+0002  5.18798828125000E-0003 -2.38952636718750E-0002 
 1.41500000000000E+0002  1.92260742187500E-0003 -2.54211425781250E-0002 
 1.42000000000000E+0002 -3.35693359375000E-0003 -3.07312011718750E-0002 
 1.42500000000000E+0002 -1.43737792968750E-0002 -3.61022949218750E-0002 
 1.43000000000000E+0002 -2.66418457031250E-0002 -3.51562500000000E-0002 
 1.43500000000000E+0002 -3.18298339843750E-0002 -3.16772460937500E-0002 
 1.44000000000000E+0002 -3.42407226562500E-0002 -3.10974121093750E-0002 
 1.44500000000000E+0002 -3.83605957031250E-0002 -2.78625488281250E-0002 
 1.45000000000000E+0002 -3.82995605468750E-0002 -1.90124511718750E-0002 
 1.45500000000000E+0002 -3.16467285156250E-0002 -1.22070312500000E-0002 
 1.46000000000000E+0002 -2.59704589843750E-0002 -1.24206542968750E-0002 
 1.46500000000000E+0002 -2.54516601562500E-0002 -1.58691406250000E-0002 
 1.47000000000000E+0002 -2.34375000000000E-0002 -1.64184570312500E-0002 
 1.47500000000000E+0002 -1.80969238281250E-0002 -1.81579589843750E-0002 
 1.48000000000000E+0002 -1.46484375000000E-0002 -2.19726562500000E-0002 
 1.48500000000000E+0002 -1.39770507812500E-0002 -2.38952636718750E-0002 
 1.49000000000000E+0002 -9.15527343750000E-0003 -2.12097167968750E-0002 
 1.49500000000000E+0002 -5.49316406250000E-0004 -1.77001953125000E-0002 
 1.50000000000000E+0002  4.69970703125000E-0003 -1.56555175781250E-0002 
 1.50500000000000E+0002  3.60107421875000E-0003 -1.49536132812500E-0002 
 1.51000000000000E+0002 -4.36401367187500E-0003 -1.38549804687500E-0002 
 1.51500000000000E+0002 -1.70898437500000E-0002 -1.25732421875000E-0002 
 1.52000000000000E+0002 -3.53698730468750E-0002 -1.28173828125000E-0002 
 1.52500000000000E+0002 -5.04760742187500E-0002 -1.29699707031250E-0002 
 1.53000000000000E+0002 -5.44433593750000E-0002 -1.38854980468750E-0002 
 1.53500000000000E+0002 -5.02929687500000E-0002 -1.31530761718750E-0002 
 1.54000000000000E+0002 -4.28771972656250E-0002 -9.73510742187500E-0003 
 1.54500000000000E+0002 -3.45153808593750E-0002 -1.04370117187500E-0002 
 1.55000000000000E+0002 -2.85644531250000E-0002 -1.58691406250000E-0002 
 1.55500000000000E+0002 -2.83508300781250E-0002 -1.98059082031250E-0002 
 1.56000000000000E+0002 -3.34167480468750E-0002 -1.99890136718750E-0002 
 1.56500000000000E+0002 -3.97949218750000E-0002 -2.10571289062500E-0002 
 1.57000000000000E+0002 -4.52575683593750E-0002 -2.37121582031250E-0002 
 1.57500000000000E+0002 -4.90417480468750E-0002 -2.17895507812500E-0002 
 1.58000000000000E+0002 -4.81567382812500E-0002 -1.54418945312500E-0002 
 1.58500000000000E+0002 -4.63256835937500E-0002 -1.04675292968750E-0002 
 1.59000000000000E+0002 -4.84619140625000E-0002 -8.05664062500000E-0003 
 1.59500000000000E+0002 -4.94995117187500E-0002 -8.08715820312500E-0003 
 1.60000000000000E+0002 -4.84313964843750E-0002 -9.97924804687500E-0003 
 1.60500000000000E+0002 -4.52575683593750E-0002 -1.40686035156250E-0002 
 1.61000000000000E+0002 -4.03137207031250E-0002 -1.94702148437500E-0002 
 1.61500000000000E+0002 -3.14636230468750E-0002 -2.52380371093750E-0002 
 1.62000000000000E+0002 -2.08129882812500E-0002 -3.21960449218750E-0002 
 1.62500000000000E+0002 -1.40991210937500E-0002 -3.61328125000000E-0002 
 1.63000000000000E+0002 -8.45336914062500E-0003 -3.36303710937500E-0002 
 1.63500000000000E+0002 -3.35693359375000E-0003 -2.89611816406250E-0002 
 1.64000000000000E+0002 -2.74658203125000E-0003 -2.45056152343750E-0002 
 1.64500000000000E+0002 -6.80541992187500E-0003 -1.93176269531250E-0002 
 1.65000000000000E+0002 -1.17492675781250E-0002 -1.44958496093750E-0002 
 1.65500000000000E+0002 -1.43432617187500E-0002 -1.33666992187500E-0002 
 1.66000000000000E+0002 -1.92871093750000E-0002 -1.88903808593750E-0002 
 1.66500000000000E+0002 -2.68859863281250E-0002 -2.35595703125000E-0002 
 1.67000000000000E+0002 -3.25317382812500E-0002 -2.37731933593750E-0002 
 1.67500000000000E+0002 -3.54003906250000E-0002 -2.19116210937500E-0002 
 1.68000000000000E+0002 -3.50952148437500E-0002 -1.88903808593750E-0002 
 1.68500000000000E+0002 -3.15246582031250E-0002 -1.59301757812500E-0002 
 1.69000000000000E+0002 -2.51159667968750E-0002 -1.29699707031250E-0002 
 1.69500000000000E+0002 -1.86462402343750E-0002 -1.12915039062500E-0002 
 1.70000000000000E+0002 -1.43432617187500E-0002 -1.18103027343750E-0002 
 1.70500000000000E+0002 -1.17492675781250E-0002 -1.42822265625000E-0002 
 1.71000000000000E+0002 -7.84301757812500E-0003 -1.64794921875000E-0002 
 1.71500000000000E+0002 -6.28662109375000E-0003 -2.04162597656250E-0002 
 1.72000000000000E+0002 -1.03759765625000E-0002 -2.79235839843750E-0002 
 1.72500000000000E+0002 -1.73950195312500E-0002 -3.70178222656250E-0002 
 1.73000000000000E+0002 -2.45056152343750E-0002 -4.69360351562500E-0002 
 1.73500000000000E+0002 -3.11584472656250E-0002 -5.71594238281250E-0002 
 1.74000000000000E+0002 -3.75976562500000E-0002 -6.37817382812500E-0002 
 1.74500000000000E+0002 -4.23278808593750E-0002 -6.31713867187500E-0002 
 1.75000000000000E+0002 -4.25720214843750E-0002 -5.65490722656250E-0002 
 1.75500000000000E+0002 -4.06799316406250E-0002 -4.86755371093750E-0002 
 1.76000000000000E+0002 -3.86657714843750E-0002 -4.08325195312500E-0002 
 1.76500000000000E+0002 -3.51867675781250E-0002 -3.26538085937500E-0002 
 1.77000000000000E+0002 -2.93884277343750E-0002 -2.70690917968750E-0002 
 1.77500000000000E+0002 -2.41394042968750E-0002 -2.43225097656250E-0002 
 1.78000000000000E+0002 -2.12707519531250E-0002 -2.02026367187500E-0002 
 1.78500000000000E+0002 -1.80664062500000E-0002 -1.41601562500000E-0002 
 1.79000000000000E+0002 -1.40991210937500E-0002 -7.11059570312500E-0003 
 1.79500000000000E+0002 -1.16271972656250E-0002  1.89208984375000E-0003 
 1.80000000000000E+0002 -1.49841308593750E-0002  1.12915039062500E-0002 
 1.80500000000000E+0002 -1.84631347656250E-0002  1.78833007812500E-0002 
 1.81000000000000E+0002 -1.49841308593750E-0002  1.97143554687500E-0002 
 1.81500000000000E+0002 -6.46972656250000E-0003  1.73034667968750E-0002 
 1.82000000000000E+0002  2.74658203125000E-0004  1.36108398437500E-0002 
 1.82500000000000E+0002  3.99780273437500E-0003  1.11694335937500E-0002 
 1.83000000000000E+0002  8.30078125000000E-0003  1.22070312500000E-0002 
 1.83500000000000E+0002  1.04064941406250E-0002  1.61743164062500E-0002 
 1.84000000000000E+0002  6.01196289062500E-0003  2.21252441406250E-0002 
 1.84500000000000E+0002 -4.57763671875000E-0004  3.16772460937500E-0002 
 1.85000000000000E+0002 -1.80053710937500E-0003  3.99780273437500E-0002 
 1.85500000000000E+0002  3.84521484375000E-0003  3.97949218750000E-0002 
 1.86000000000000E+0002  1.28173828125000E-0002  2.89611816406250E-0002 
 1.86500000000000E+0002  2.26135253906250E-0002  1.37939453125000E-0002 
 1.87000000000000E+0002  2.71606445312500E-0002 -2.68554687500000E-0003 
 1.87500000000000E+0002  2.12402343750000E-0002 -1.80969238281250E-0002 
 1.88000000000000E+0002  8.23974609375000E-0003 -2.87475585937500E-0002 
 1.88500000000000E+0002 -3.17382812500000E-0003 -3.21655273437500E-0002 
 1.89000000000000E+0002 -1.20544433593750E-0002 -2.77709960937500E-0002 
 1.89500000000000E+0002 -1.87683105468750E-0002 -2.25524902343750E-0002 
 1.90000000000000E+0002 -2.00805664062500E-0002 -2.43225097656250E-0002 
 1.90500000000000E+0002 -1.78527832031250E-0002 -3.05480957031250E-0002 
 1.91000000000000E+0002 -1.70898437500000E-0002 -3.57666015625000E-0002 
 1.91500000000000E+0002 -2.06604003906250E-0002 -3.98559570312500E-0002 
 1.92000000000000E+0002 -2.65502929687500E-0002 -4.30603027343750E-0002 
 1.92500000000000E+0002 -3.03344726562500E-0002 -4.37622070312500E-0002 
 1.93000000000000E+0002 -2.86254882812500E-0002 -3.76586914062500E-0002 
 1.93500000000000E+0002 -2.07214355468750E-0002 -3.10974121093750E-0002 
 1.94000000000000E+0002 -1.00097656250000E-0002 -3.09448242187500E-0002 
 1.94500000000000E+0002 -4.27246093750000E-0004 -3.64685058593750E-0002 
 1.95000000000000E+0002  4.85229492187500E-0003 -4.34570312500000E-0002 
 1.95500000000000E+0002  5.70678710937500E-0003 -4.84924316406250E-0002 
 1.96000000000000E+0002  4.11987304687500E-0003 -5.15441894531250E-0002 
 1.96500000000000E+0002 -2.59399414062500E-0003 -5.15441894531250E-0002 
 1.97000000000000E+0002 -1.23596191406250E-0002 -4.34265136718750E-0002 
 1.97500000000000E+0002 -2.20031738281250E-0002 -2.92053222656250E-0002 
 1.98000000000000E+0002 -3.15246582031250E-0002 -1.60827636718750E-0002 
 1.98500000000000E+0002 -4.34265136718750E-0002 -7.93457031250000E-0003 
 1.99000000000000E+0002 -5.49621582031250E-0002 -1.95312500000000E-0003 
 1.99500000000000E+0002 -6.06079101562500E-0002 -2.38037109375000E-0003 
 2.00000000000000E+0002 -6.33850097656250E-0002 -1.08337402343750E-0002 
 2.00500000000000E+0002 -6.24084472656250E-0002 -2.19116210937500E-0002 
 2.01000000000000E+0002 -5.24291992187500E-0002 -3.28674316406250E-0002 
 2.01500000000000E+0002 -3.90930175781250E-0002 -4.47387695312500E-0002 
 2.02000000000000E+0002 -3.02429199218750E-0002 -5.11169433593750E-0002 
 2.02500000000000E+0002 -2.39257812500000E-0002 -4.97741699218750E-0002 
 2.03000000000000E+0002 -1.82189941406250E-0002 -4.41589355468750E-0002 
 2.03500000000000E+0002 -1.65100097656250E-0002 -3.77197265625000E-0002 
 2.04000000000000E+0002 -1.92565917968750E-0002 -2.92358398437500E-0002 
 2.04500000000000E+0002 -2.22473144531250E-0002 -2.15454101562500E-0002 
 2.05000000000000E+0002 -2.33764648437500E-0002 -1.86462402343750E-0002 
 2.05500000000000E+0002 -2.17285156250000E-0002 -2.00195312500000E-0002 
 2.06000000000000E+0002 -1.59301757812500E-0002 -2.30712890625000E-0002 
 2.06500000000000E+0002 -9.58251953125000E-0003 -2.68249511718750E-0002 
 2.07000000000000E+0002 -3.38745117187500E-0003 -2.96325683593750E-0002 
 2.07500000000000E+0002  3.75366210937500E-0003 -3.41796875000000E-0002 
 2.08000000000000E+0002  7.26318359375000E-0003 -4.15954589843750E-0002 
 2.08500000000000E+0002  5.27954101562500E-0003 -4.99877929687500E-0002 
 2.09000000000000E+0002  1.22070312500000E-0004 -5.56335449218750E-0002 
 2.09500000000000E+0002 -6.83593750000000E-0003 -5.67932128906250E-0002 
 2.10000000000000E+0002 -1.40991210937500E-0002 -5.59692382812500E-0002 
 2.10500000000000E+0002 -1.97753906250000E-0002 -5.45043945312500E-0002 
 2.11000000000000E+0002 -2.23999023437500E-0002 -5.22460937500000E-0002 
 2.11500000000000E+0002 -2.19116210937500E-0002 -4.93469238281250E-0002 
 2.12000000000000E+0002 -2.13317871093750E-0002 -4.92248535156250E-0002 
 2.12500000000000E+0002 -2.28576660156250E-0002 -5.28259277343750E-0002 
 2.13000000000000E+0002 -2.84118652343750E-0002 -5.64880371093750E-0002 
 2.13500000000000E+0002 -3.45153808593750E-0002 -5.61828613281250E-0002 
 2.14000000000000E+0002 -3.86962890625000E-0002 -5.50537109375000E-0002 
 2.14500000000000E+0002 -3.98559570312500E-0002 -5.56945800781250E-0002 
 2.15000000000000E+0002 -3.76281738281250E-0002 -5.68847656250000E-0002 
 2.15500000000000E+0002 -3.24096679687500E-0002 -5.70983886718750E-0002 
 2.16000000000000E+0002 -2.72521972656250E-0002 -5.71594238281250E-0002 
 2.16500000000000E+0002 -2.51770019531250E-0002 -5.67626953125000E-0002 
 2.17000000000000E+0002 -2.53295898437500E-0002 -5.40466308593750E-0002 
 2.17500000000000E+0002 -2.79846191406250E-0002 -4.38842773437500E-0002 
 2.18000000000000E+0002 -2.99682617187500E-0002 -2.74963378906250E-0002 
 2.18500000000000E+0002 -2.93273925781250E-0002 -1.40686035156250E-0002 
 2.19000000000000E+0002 -2.78320312500000E-0002 -6.86645507812500E-0003 
 2.19500000000000E+0002 -2.79541015625000E-0002 -5.15747070312500E-0003 
 2.20000000000000E+0002 -3.15856933593750E-0002 -1.01623535156250E-0002 
 2.20500000000000E+0002 -3.79943847656250E-0002 -2.26745605468750E-0002 
 2.21000000000000E+0002 -4.50134277343750E-0002 -3.81469726562500E-0002 
 2.21500000000000E+0002 -4.91027832031250E-0002 -5.04150390625000E-0002 
 2.22000000000000E+0002 -4.76074218750000E-0002 -5.78308105468750E-0002 
 2.22500000000000E+0002 -4.35485839843750E-0002 -6.01501464843750E-0002 
 2.23000000000000E+0002 -4.02832031250000E-0002 -5.61523437500000E-0002 
 2.23500000000000E+0002 -3.88488769531250E-0002 -4.63256835937500E-0002 
 2.24000000000000E+0002 -3.90319824218750E-0002 -3.58276367187500E-0002 
 2.24500000000000E+0002 -3.97338867187500E-0002 -2.90832519531250E-0002 
 2.25000000000000E+0002 -4.01916503906250E-0002 -2.60314941406250E-0002 
 2.25500000000000E+0002 -3.82080078125000E-0002 -2.49938964843750E-0002 
 2.26000000000000E+0002 -3.31420898437500E-0002 -2.77709960937500E-0002 
 2.26500000000000E+0002 -2.95410156250000E-0002 -3.37219238281250E-0002 
 2.27000000000000E+0002 -2.78930664062500E-0002 -3.66210937500000E-0002 
 2.27500000000000E+0002 -2.57873535156250E-0002 -3.47290039062500E-0002 
 2.28000000000000E+0002 -2.40478515625000E-0002 -3.18603515625000E-0002 
 2.28500000000000E+0002 -2.52075195312500E-0002 -2.92663574218750E-0002 
 2.29000000000000E+0002 -2.78930664062500E-0002 -2.50854492187500E-0002 
 2.29500000000000E+0002 -3.02429199218750E-0002 -2.26440429687500E-0002 
 2.30000000000000E+0002 -3.51867675781250E-0002 -2.14843750000000E-0002 
 2.30500000000000E+0002 -4.13818359375000E-0002 -1.64794921875000E-0002 
 2.31000000000000E+0002 -4.08935546875000E-0002 -8.39233398437500E-0003 
 2.31500000000000E+0002 -3.34472656250000E-0002 -5.95092773437500E-0003 
 2.32000000000000E+0002 -2.73437500000000E-0002 -1.12609863281250E-0002 
 2.32500000000000E+0002 -2.67333984375000E-0002 -1.71203613281250E-0002 
 2.33000000000000E+0002 -3.06701660156250E-0002 -2.21862792968750E-0002 
 2.33500000000000E+0002 -3.80554199218750E-0002 -2.77709960937500E-0002 
 2.34000000000000E+0002 -4.86755371093750E-0002 -3.35998535156250E-0002 
 2.34500000000000E+0002 -6.02416992187500E-0002 -3.18603515625000E-0002 
 2.35000000000000E+0002 -6.47277832031250E-0002 -2.32238769531250E-0002 
 2.35500000000000E+0002 -5.79833984375000E-0002 -1.61743164062500E-0002 
 2.36000000000000E+0002 -4.30908203125000E-0002 -1.54724121093750E-0002 
 2.36500000000000E+0002 -2.92968750000000E-0002 -1.85241699218750E-0002 
 2.37000000000000E+0002 -2.34985351562500E-0002 -2.15759277343750E-0002 
 2.37500000000000E+0002 -2.05993652343750E-0002 -2.49633789062500E-0002 
 2.38000000000000E+0002 -1.79748535156250E-0002 -2.94494628906250E-0002 
 2.38500000000000E+0002 -1.65710449218750E-0002 -3.16467285156250E-0002 
 2.39000000000000E+0002 -1.36413574218750E-0002 -3.18908691406250E-0002 
 2.39500000000000E+0002 -7.81250000000000E-0003 -3.09448242187500E-0002 
 2.40000000000000E+0002  1.25122070312500E-0003 -2.89916992187500E-0002 
 2.40500000000000E+0002  1.00708007812500E-0002 -2.81372070312500E-0002 
 2.41000000000000E+0002  1.43737792968750E-0002 -2.77709960937500E-0002 
 2.41500000000000E+0002  1.21154785156250E-0002 -2.81677246093750E-0002 
 2.42000000000000E+0002  4.60815429687500E-0003 -2.93579101562500E-0002 
 2.42500000000000E+0002 -4.79125976562500E-0003 -3.30505371093750E-0002 
 2.43000000000000E+0002 -1.47094726562500E-0002 -3.43322753906250E-0002 
 2.43500000000000E+0002 -2.39562988281250E-0002 -2.95715332031250E-0002 
 2.44000000000000E+0002 -3.25012207031250E-0002 -2.14233398437500E-0002 
 2.44500000000000E+0002 -3.78112792968750E-0002 -1.36413574218750E-0002 
 2.45000000000000E+0002 -3.84521484375000E-0002 -8.36181640625000E-0003 
 2.45500000000000E+0002 -3.69262695312500E-0002 -5.55419921875000E-0003 
 2.46000000000000E+0002 -3.50952148437500E-0002 -8.54492187500000E-0003 
 2.46500000000000E+0002 -3.03955078125000E-0002 -1.69982910156250E-0002 
 2.47000000000000E+0002 -2.09960937500000E-0002 -2.99072265625000E-0002 
 2.47500000000000E+0002 -9.03320312500000E-0003 -4.09240722656250E-0002 
 2.48000000000000E+0002  3.66210937500000E-0004 -4.49829101562500E-0002 
 2.48500000000000E+0002  5.31005859375000E-0003 -4.37622070312500E-0002 
 2.49000000000000E+0002  4.88281250000000E-0003 -4.21752929687500E-0002 
 2.49500000000000E+0002 -2.80761718750000E-0003 -4.23583984375000E-0002 
 2.50000000000000E+0002 -1.57165527343750E-0002 -4.00695800781250E-0002 
 2.50500000000000E+0002 -2.52075195312500E-0002 -3.29895019531250E-0002 
 2.51000000000000E+0002 -2.94189453125000E-0002 -2.67333984375000E-0002 
 2.51500000000000E+0002 -3.23486328125000E-0002 -2.35290527343750E-0002 
 2.52000000000000E+0002 -3.53393554687500E-0002 -2.07824707031250E-0002 
 2.52500000000000E+0002 -3.36303710937500E-0002 -1.39465332031250E-0002 
 2.53000000000000E+0002 -2.75878906250000E-0002 -1.10168457031250E-0002 
 2.53500000000000E+0002 -2.62451171875000E-0002 -1.45874023437500E-0002 
 2.54000000000000E+0002 -3.02124023437500E-0002 -1.85852050781250E-0002 
 2.54500000000000E+0002 -3.16467285156250E-0002 -2.15454101562500E-0002 
 2.55000000000000E+0002 -2.95715332031250E-0002 -2.80151367187500E-0002 
 2.55500000000000E+0002 -3.30810546875000E-0002 -3.85437011718750E-0002 
 2.56000000000000E+0002 -4.31213378906250E-0002 -4.31518554687500E-0002 
 2.56500000000000E+0002 -5.09033203125000E-0002 -4.24499511718750E-0002 
 2.57000000000000E+0002 -5.31616210937500E-0002 -3.89404296875000E-0002 
 2.57500000000000E+0002 -5.04760742187500E-0002 -3.19213867187500E-0002 
 2.58000000000000E+0002 -4.55322265625000E-0002 -2.24609375000000E-0002 
 2.58500000000000E+0002 -3.86962890625000E-0002 -1.21154785156250E-0002 
 2.59000000000000E+0002 -2.99987792968750E-0002 -1.83105468750000E-0003 
 2.59500000000000E+0002 -2.07824707031250E-0002  3.54003906250000E-0003 
 2.60000000000000E+0002 -1.40991210937500E-0002  1.19018554687500E-0003 
 2.60500000000000E+0002 -1.06811523437500E-0002 -6.16455078125000E-0003 
 2.61000000000000E+0002 -6.56127929687500E-0003 -1.18103027343750E-0002 
 2.61500000000000E+0002 -1.80053710937500E-0003 -1.75781250000000E-0002 
 2.62000000000000E+0002  3.05175781250000E-0005 -2.47802734375000E-0002 
 2.62500000000000E+0002 -2.25830078125000E-0003 -2.96325683593750E-0002 
 2.63000000000000E+0002 -8.51440429687500E-0003 -3.03039550781250E-0002 
 2.63500000000000E+0002 -1.82800292968750E-0002 -3.14025878906250E-0002 
 2.64000000000000E+0002 -2.85339355468750E-0002 -3.50036621093750E-0002 
 2.64500000000000E+0002 -3.31726074218750E-0002 -3.68957519531250E-0002 
 2.65000000000000E+0002 -2.92358398437500E-0002 -3.82385253906250E-0002 
 2.65500000000000E+0002 -2.11791992187500E-0002 -3.95507812500000E-0002 
 2.66000000000000E+0002 -1.25427246093750E-0002 -3.95812988281250E-0002 
 2.66500000000000E+0002 -3.44848632812500E-0003 -3.80554199218750E-0002 
 2.67000000000000E+0002  5.24902343750000E-0003 -3.52783203125000E-0002 
 2.67500000000000E+0002  8.57543945312500E-0003 -3.72009277343750E-0002 
 2.68000000000000E+0002  3.50952148437500E-0003 -4.03137207031250E-0002 
 2.68500000000000E+0002 -1.67846679687500E-0003 -4.14123535156250E-0002 
 2.69000000000000E+0002 -5.18798828125000E-0003 -4.19616699218750E-0002 
 2.69500000000000E+0002 -1.24511718750000E-0002 -4.47082519531250E-0002 
 2.70000000000000E+0002 -1.98059082031250E-0002 -4.60815429687500E-0002 
 2.70500000000000E+0002 -2.09960937500000E-0002 -4.66918945312500E-0002 
 2.71000000000000E+0002 -1.86462402343750E-0002 -4.80346679687500E-0002 
 2.71500000000000E+0002 -1.98974609375000E-0002 -5.05065917968750E-0002 
 2.72000000000000E+0002 -2.23388671875000E-0002 -4.59899902343750E-0002 
 2.72500000000000E+0002 -1.88598632812500E-0002 -3.38439941406250E-0002 
 2.73000000000000E+0002 -1.40686035156250E-0002 -2.30712890625000E-0002 
 2.73500000000000E+0002 -1.47399902343750E-0002 -1.95922851562500E-0002 
 2.74000000000000E+0002 -1.83105468750000E-0002 -2.13012695312500E-0002 
 2.74500000000000E+0002 -2.30712890625000E-0002 -2.47192382812500E-0002 
 2.75000000000000E+0002 -2.89306640625000E-0002 -2.58178710937500E-0002 
 2.75500000000000E+0002 -3.57360839843750E-0002 -2.54211425781250E-0002 
 2.76000000000000E+0002 -4.18395996093750E-0002 -2.04467773437500E-0002 
 2.76500000000000E+0002 -4.28161621093750E-0002 -1.10168457031250E-0002 
 2.77000000000000E+0002 -3.77197265625000E-0002 -1.73950195312500E-0003 
 2.77500000000000E+0002 -2.76489257812500E-0002  3.38745117187500E-0003 
 2.78000000000000E+0002 -1.67236328125000E-0002  1.15966796875000E-0003 
 2.78500000000000E+0002 -8.48388671875000E-0003 -8.36181640625000E-0003 
 2.79000000000000E+0002 -8.27026367187500E-0003 -1.76086425781250E-0002 
 2.79500000000000E+0002 -1.37634277343750E-0002 -1.76696777343750E-0002 
 2.80000000000000E+0002 -1.89208984375000E-0002 -9.91821289062500E-0003 
 2.80500000000000E+0002 -1.99584960937500E-0002 -4.02832031250000E-0003 
 2.81000000000000E+0002 -2.05993652343750E-0002 -1.19018554687500E-0003 
 2.81500000000000E+0002 -2.39868164062500E-0002 -2.74658203125000E-0004 
 2.82000000000000E+0002 -2.65502929687500E-0002 -3.78417968750000E-0003 
 2.82500000000000E+0002 -2.92968750000000E-0002 -1.57470703125000E-0002 
 2.83000000000000E+0002 -3.57971191406250E-0002 -2.80761718750000E-0002 
 2.83500000000000E+0002 -4.14123535156250E-0002 -3.27148437500000E-0002 
 2.84000000000000E+0002 -4.31213378906250E-0002 -3.15551757812500E-0002 
 2.84500000000000E+0002 -4.31518554687500E-0002 -2.62451171875000E-0002 
 2.85000000000000E+0002 -3.90319824218750E-0002 -1.91650390625000E-0002 
 2.85500000000000E+0002 -2.92358398437500E-0002 -1.50146484375000E-0002 
 2.86000000000000E+0002 -1.95312500000000E-0002 -1.78833007812500E-0002 
 2.86500000000000E+0002 -1.52282714843750E-0002 -2.21862792968750E-0002 
 2.87000000000000E+0002 -1.29394531250000E-0002 -2.23388671875000E-0002 
 2.87500000000000E+0002 -1.07727050781250E-0002 -1.87988281250000E-0002 
 2.88000000000000E+0002 -1.44348144531250E-0002 -9.64355468750000E-0003 
 2.88500000000000E+0002 -2.17590332031250E-0002  2.04467773437500E-0003 
 2.89000000000000E+0002 -2.83813476562500E-0002  8.27026367187500E-0003 
 2.89500000000000E+0002 -3.29284667968750E-0002  7.75146484375000E-0003 
 2.90000000000000E+0002 -3.50341796875000E-0002  3.54003906250000E-0003 
 2.90500000000000E+0002 -3.13415527343750E-0002 -1.95312500000000E-0003 
 2.91000000000000E+0002 -2.50244140625000E-0002 -1.10473632812500E-0002 
 2.91500000000000E+0002 -2.46887207031250E-0002 -2.02331542968750E-0002 
 2.92000000000000E+0002 -2.66723632812500E-0002 -2.23693847656250E-0002 
 2.92500000000000E+0002 -2.49023437500000E-0002 -2.09655761718750E-0002 
 2.93000000000000E+0002 -1.92871093750000E-0002 -1.96228027343750E-0002 
 2.93500000000000E+0002 -1.43432617187500E-0002 -2.05688476562500E-0002 
 2.94000000000000E+0002 -1.15661621093750E-0002 -2.10266113281250E-0002 
 2.94500000000000E+0002 -9.12475585937500E-0003 -2.01416015625000E-0002 
 2.95000000000000E+0002 -1.04675292968750E-0002 -1.70593261718750E-0002 
 2.95500000000000E+0002 -1.87988281250000E-0002 -1.32446289062500E-0002 
 2.96000000000000E+0002 -3.37524414062500E-0002 -1.11083984375000E-0002 
 2.96500000000000E+0002 -5.20935058593750E-0002 -9.03320312500000E-0003 
 2.97000000000000E+0002 -6.70166015625000E-0002 -2.83813476562500E-0003 
 2.97500000000000E+0002 -7.50732421875000E-0002  4.08935546875000E-0003 
 2.98000000000000E+0002 -7.79418945312500E-0002  5.00488281250000E-0003 
 2.98500000000000E+0002 -7.77282714843750E-0002  2.74658203125000E-0004 
 2.99000000000000E+0002 -7.49511718750000E-0002 -4.42504882812500E-0003 
 2.99500000000000E+0002 -6.84204101562500E-0002 -8.91113281250000E-0003 
 3.00000000000000E+0002 -6.25305175781250E-0002 -1.69067382812500E-0002 
 3.00500000000000E+0002 -5.86242675781250E-0002 -2.46887207031250E-0002 
 3.01000000000000E+0002 -5.51452636718750E-0002 -2.84423828125000E-0002 
 3.01500000000000E+0002 -5.20019531250000E-0002 -3.05480957031250E-0002 
 3.02000000000000E+0002 -5.46264648437500E-0002 -3.54614257812500E-0002 
 3.02500000000000E+0002 -6.36901855468750E-0002 -3.93981933593750E-0002 
 3.03000000000000E+0002 -7.12890625000000E-0002 -3.71398925781250E-0002 
 3.03500000000000E+0002 -7.33642578125000E-0002 -3.42712402343750E-0002 
 3.04000000000000E+0002 -7.11669921875000E-0002 -3.38745117187500E-0002 
 3.04500000000000E+0002 -6.43920898437500E-0002 -3.48510742187500E-0002 
 3.05000000000000E+0002 -5.27954101562500E-0002 -3.28674316406250E-0002 
 3.05500000000000E+0002 -3.95812988281250E-0002 -2.86560058593750E-0002 
 3.06000000000000E+0002 -2.97851562500000E-0002 -2.43530273437500E-0002 
 3.06500000000000E+0002 -2.46582031250000E-0002 -1.85241699218750E-0002 
 3.07000000000000E+0002 -2.50549316406250E-0002 -9.52148437500000E-0003 
 3.07500000000000E+0002 -2.95715332031250E-0002 -1.77001953125000E-0003 
 3.08000000000000E+0002 -3.33557128906250E-0002  2.74658203125000E-0003 
 3.08500000000000E+0002 -3.53088378906250E-0002  2.16674804687500E-0003 
 3.09000000000000E+0002 -3.86657714843750E-0002 -3.02124023437500E-0003 
 3.09500000000000E+0002 -4.58679199218750E-0002 -9.18579101562500E-0003 
 3.10000000000000E+0002 -5.32531738281250E-0002 -1.39160156250000E-0002 
 3.10500000000000E+0002 -5.64880371093750E-0002 -1.93481445312500E-0002 
 3.11000000000000E+0002 -5.43212890625000E-0002 -2.68249511718750E-0002 
 3.11500000000000E+0002 -4.99267578125000E-0002 -3.34472656250000E-0002 
 3.12000000000000E+0002 -4.63562011718750E-0002 -3.84826660156250E-0002 
 3.12500000000000E+0002 -4.55932617187500E-0002 -4.24194335937500E-0002 
 3.13000000000000E+0002 -4.32434082031250E-0002 -4.32739257812500E-0002 
 3.13500000000000E+0002 -3.92150878906250E-0002 -3.85437011718750E-0002 
 3.14000000000000E+0002 -3.85742187500000E-0002 -3.07617187500000E-0002 
 3.14500000000000E+0002 -4.07104492187500E-0002 -2.11791992187500E-0002 
 3.15000000000000E+0002 -3.82995605468750E-0002 -1.04675292968750E-0002 
 3.15500000000000E+0002 -3.01513671875000E-0002 -9.76562500000000E-0004 
 3.16000000000000E+0002 -2.31628417968750E-0002  1.89208984375000E-0003 
 3.16500000000000E+0002 -2.10876464843750E-0002  4.88281250000000E-0004 
 3.17000000000000E+0002 -1.70898437500000E-0002  3.05175781250000E-0004 
 3.17500000000000E+0002 -7.81250000000000E-0003 -1.92260742187500E-0003 
 3.18000000000000E+0002 -1.00708007812500E-0003 -8.39233398437500E-0003 
 3.18500000000000E+0002 -5.79833984375000E-0004 -1.48925781250000E-0002 
 3.19000000000000E+0002 -4.42504882812500E-0003 -1.45874023437500E-0002 
 3.19500000000000E+0002 -3.60107421875000E-0003 -1.11999511718750E-0002 
 3.20000000000000E+0002 -7.93457031250000E-0004 -1.39160156250000E-0002 
 3.20500000000000E+0002 -3.87573242187500E-0003 -1.85546875000000E-0002 
 3.21000000000000E+0002 -6.40869140625000E-0003 -1.76696777343750E-0002 
 3.21500000000000E+0002 -1.19018554687500E-0003 -1.48620605468750E-0002 
 3.22000000000000E+0002  5.24902343750000E-0003 -1.72424316406250E-0002 
 3.22500000000000E+0002  4.24194335937500E-0003 -2.23388671875000E-0002 
 3.23000000000000E+0002 -4.66918945312500E-0003 -2.45971679687500E-0002 
 3.23500000000000E+0002 -1.31530761718750E-0002 -2.33764648437500E-0002 
 3.24000000000000E+0002 -2.03552246093750E-0002 -2.34985351562500E-0002 
 3.24500000000000E+0002 -2.79235839843750E-0002 -2.61840820312500E-0002 
 3.25000000000000E+0002 -3.49121093750000E-0002 -2.85034179687500E-0002 
 3.25500000000000E+0002 -4.18090820312500E-0002 -2.66113281250000E-0002 
 3.26000000000000E+0002 -4.54101562500000E-0002 -2.17285156250000E-0002 
 3.26500000000000E+0002 -4.30297851562500E-0002 -1.79748535156250E-0002 
 3.27000000000000E+0002 -3.82690429687500E-0002 -1.79748535156250E-0002 
 3.27500000000000E+0002 -3.28369140625000E-0002 -2.13928222656250E-0002 
 3.28000000000000E+0002 -2.55126953125000E-0002 -2.76794433593750E-0002 
 3.28500000000000E+0002 -1.64184570312500E-0002 -3.43322753906250E-0002 
 3.29000000000000E+0002 -8.97216796875000E-0003 -3.96118164062500E-0002 
 3.29500000000000E+0002 -4.42504882812500E-0003 -4.16564941406250E-0002 
 3.30000000000000E+0002 -4.21142578125000E-0003 -3.82690429687500E-0002 
 3.30500000000000E+0002 -6.25610351562500E-0003 -2.94799804687500E-0002 
 3.31000000000000E+0002 -9.15527343750000E-0003 -1.96533203125000E-0002 
 3.31500000000000E+0002 -1.28784179687500E-0002 -1.32446289062500E-0002 
 3.32000000000000E+0002 -1.81579589843750E-0002 -1.20849609375000E-0002 
 3.32500000000000E+0002 -2.44750976562500E-0002 -1.27563476562500E-0002 
 3.33000000000000E+0002 -3.01513671875000E-0002 -1.33972167968750E-0002 
 3.33500000000000E+0002 -3.57055664062500E-0002 -1.47705078125000E-0002 
 3.34000000000000E+0002 -3.77807617187500E-0002 -1.48010253906250E-0002 
 3.34500000000000E+0002 -3.16772460937500E-0002 -1.52893066406250E-0002 
 3.35000000000000E+0002 -2.35290527343750E-0002 -1.84631347656250E-0002 
 3.35500000000000E+0002 -1.96533203125000E-0002 -2.54211425781250E-0002 
 3.36000000000000E+0002 -1.85852050781250E-0002 -3.28674316406250E-0002 
 3.36500000000000E+0002 -1.48315429687500E-0002 -3.92150878906250E-0002 
 3.37000000000000E+0002 -1.11083984375000E-0002 -4.69970703125000E-0002 
 3.37500000000000E+0002 -1.38549804687500E-0002 -5.15441894531250E-0002 
 3.38000000000000E+0002 -2.23388671875000E-0002 -4.92858886718750E-0002 
 3.38500000000000E+0002 -2.84118652343750E-0002 -4.12902832031250E-0002 
 3.39000000000000E+0002 -2.62145996093750E-0002 -3.34472656250000E-0002 
 3.39500000000000E+0002 -2.08129882812500E-0002 -2.79235839843750E-0002 
 3.40000000000000E+0002 -1.66625976562500E-0002 -2.27661132812500E-0002 
 3.40500000000000E+0002 -9.42993164062500E-0003 -1.85852050781250E-0002 
 3.41000000000000E+0002  3.05175781250000E-0003 -1.99584960937500E-0002 
 3.41500000000000E+0002  1.29699707031250E-0002 -2.56652832031250E-0002 
 3.42000000000000E+0002  1.40991210937500E-0002 -2.99377441406250E-0002 
 3.42500000000000E+0002  7.84301757812500E-0003 -3.03344726562500E-0002 
 3.43000000000000E+0002  3.14331054687500E-0003 -2.93884277343750E-0002 
 3.43500000000000E+0002  1.31225585937500E-0003 -2.66418457031250E-0002 
 3.44000000000000E+0002  6.10351562500000E-0005 -1.71508789062500E-0002 
 3.44500000000000E+0002  1.43432617187500E-0003 -5.73730468750000E-0003 
 3.45000000000000E+0002  4.94384765625000E-0003 -2.74658203125000E-0004 
 3.45500000000000E+0002  1.00097656250000E-0002 -1.67846679687500E-0003 
 3.46000000000000E+0002  1.63574218750000E-0002 -7.14111328125000E-0003 
 3.46500000000000E+0002  2.23999023437500E-0002 -1.59606933593750E-0002 
 3.47000000000000E+0002  2.89611816406250E-0002 -2.74047851562500E-0002 
 3.47500000000000E+0002  3.28979492187500E-0002 -3.71093750000000E-0002 
 3.48000000000000E+0002  3.12194824218750E-0002 -4.00390625000000E-0002 
 3.48500000000000E+0002  2.28271484375000E-0002 -3.69873046875000E-0002 
 3.49000000000000E+0002  1.10778808593750E-0002 -3.04565429687500E-0002 
 3.49500000000000E+0002 -2.28881835937500E-0003 -2.68249511718750E-0002 
 3.50000000000000E+0002 -2.15148925781250E-0002 -2.90527343750000E-0002 
 3.50500000000000E+0002 -4.51049804687500E-0002 -3.14025878906250E-0002 
 3.51000000000000E+0002 -6.47583007812500E-0002 -2.94189453125000E-0002 
 3.51500000000000E+0002 -7.37609863281250E-0002 -2.56042480468750E-0002 
 3.52000000000000E+0002 -7.22961425781250E-0002 -2.49023437500000E-0002 
 3.52500000000000E+0002 -6.33544921875000E-0002 -2.78625488281250E-0002 
 3.53000000000000E+0002 -4.66003417968750E-0002 -3.18908691406250E-0002 
 3.53500000000000E+0002 -2.56347656250000E-0002 -3.90930175781250E-0002 
 3.54000000000000E+0002 -7.59887695312500E-0003 -4.79125976562500E-0002 
 3.54500000000000E+0002  2.86865234375000E-0003 -5.59692382812500E-0002 
 3.55000000000000E+0002  5.58471679687500E-0003 -5.80139160156250E-0002 
 3.55500000000000E+0002  3.41796875000000E-0003 -5.38330078125000E-0002 
 3.56000000000000E+0002  1.22070312500000E-0004 -4.88586425781250E-0002 
 3.56500000000000E+0002 -2.68554687500000E-0003 -4.49829101562500E-0002 
 3.57000000000000E+0002 -5.64575195312500E-0003 -4.19006347656250E-0002 
 3.57500000000000E+0002 -9.15527343750000E-0003 -3.78112792968750E-0002 
 3.58000000000000E+0002 -1.23291015625000E-0002 -3.15856933593750E-0002 
 3.58500000000000E+0002 -1.15966796875000E-0002 -2.35900878906250E-0002 
 3.59000000000000E+0002 -8.66699218750000E-0003 -1.54418945312500E-0002 
 3.59500000000000E+0002 -4.97436523437500E-0003 -1.22375488281250E-0002 
 3.60000000000000E+0002 -5.79833984375000E-0004 -1.60827636718750E-0002 
 3.60500000000000E+0002  1.64794921875000E-0003 -2.43835449218750E-0002 
 3.61000000000000E+0002 -2.04467773437500E-0003 -3.40576171875000E-0002 
 3.61500000000000E+0002 -1.05285644531250E-0002 -4.29382324218750E-0002 
 3.62000000000000E+0002 -2.07824707031250E-0002 -5.13610839843750E-0002 
 3.62500000000000E+0002 -3.31420898437500E-0002 -5.56335449218750E-0002 
 3.63000000000000E+0002 -4.75158691406250E-0002 -5.24597167968750E-0002 
 3.63500000000000E+0002 -5.90820312500000E-0002 -4.34570312500000E-0002 
 3.64000000000000E+0002 -6.45141601562500E-0002 -3.43627929687500E-0002 
 3.64500000000000E+0002 -6.41174316406250E-0002 -3.19213867187500E-0002 
 3.65000000000000E+0002 -6.02722167968750E-0002 -3.41186523437500E-0002 
 3.65500000000000E+0002 -5.06591796875000E-0002 -3.66516113281250E-0002 
 3.66000000000000E+0002 -3.46984863281250E-0002 -3.99169921875000E-0002 
 3.66500000000000E+0002 -1.92565917968750E-0002 -4.57153320312500E-0002 
 3.67000000000000E+0002 -1.00402832031250E-0002 -5.09948730468750E-0002 
 3.67500000000000E+0002 -5.12695312500000E-0003 -4.81872558593750E-0002 
 3.68000000000000E+0002 -1.40380859375000E-0003 -4.14733886718750E-0002 
 3.68500000000000E+0002 -3.66210937500000E-0004 -3.79943847656250E-0002 
 3.69000000000000E+0002 -4.11987304687500E-0003 -3.92761230468750E-0002 
 3.69500000000000E+0002 -8.14819335937500E-0003 -4.21447753906250E-0002 
 3.70000000000000E+0002 -8.23974609375000E-0003 -4.42199707031250E-0002 
 3.70500000000000E+0002 -6.89697265625000E-0003 -4.50744628906250E-0002 
 3.71000000000000E+0002 -6.71386718750000E-0003 -4.18090820312500E-0002 
 3.71500000000000E+0002 -5.49316406250000E-0003 -3.56750488281250E-0002 
 3.72000000000000E+0002 -2.83813476562500E-0003 -3.08532714843750E-0002 
 3.72500000000000E+0002 -2.22778320312500E-0003 -2.75878906250000E-0002 
 3.73000000000000E+0002 -3.81469726562500E-0003 -2.44445800781250E-0002 
 3.73500000000000E+0002 -5.55419921875000E-0003 -2.25219726562500E-0002 
 3.74000000000000E+0002 -7.11059570312500E-0003 -2.34069824218750E-0002 
 3.74500000000000E+0002 -1.19628906250000E-0002 -2.60620117187500E-0002 
 3.75000000000000E+0002 -1.95922851562500E-0002 -2.81677246093750E-0002 
 3.75500000000000E+0002 -2.69470214843750E-0002 -2.86254882812500E-0002 
 3.76000000000000E+0002 -3.45153808593750E-0002 -2.73437500000000E-0002 
 3.76500000000000E+0002 -4.04663085937500E-0002 -2.25830078125000E-0002 
 3.77000000000000E+0002 -4.27551269531250E-0002 -1.74865722656250E-0002 
 3.77500000000000E+0002 -4.13208007812500E-0002 -1.30004882812500E-0002 
 3.78000000000000E+0002 -3.43627929687500E-0002 -5.73730468750000E-0003 
 3.78500000000000E+0002 -2.29797363281250E-0002  1.49536132812500E-0003 
 3.79000000000000E+0002 -1.04980468750000E-0002  5.15747070312500E-0003 
 3.79500000000000E+0002  5.18798828125000E-0004  3.69262695312500E-0003 
 3.80000000000000E+0002  7.99560546875000E-0003  7.93457031250000E-0004 
 3.80500000000000E+0002  9.67407226562500E-0003 -2.47192382812500E-0003 
 3.81000000000000E+0002  9.03320312500000E-0003 -6.04248046875000E-0003 
 3.81500000000000E+0002  7.99560546875000E-0003 -1.26037597656250E-0002 
 3.82000000000000E+0002  2.77709960937500E-0003 -2.29492187500000E-0002 
 3.82500000000000E+0002 -9.27734375000000E-0003 -2.89916992187500E-0002 
 3.83000000000000E+0002 -2.16064453125000E-0002 -2.48107910156250E-0002 
 3.83500000000000E+0002 -2.71606445312500E-0002 -1.66320800781250E-0002 
 3.84000000000000E+0002 -3.03039550781250E-0002 -1.02539062500000E-0002 
 3.84500000000000E+0002 -3.49121093750000E-0002 -4.36401367187500E-0003 
 3.85000000000000E+0002 -3.38745117187500E-0002  2.86865234375000E-0003 
 3.85500000000000E+0002 -2.59399414062500E-0002  4.08935546875000E-0003 
 3.86000000000000E+0002 -1.84020996093750E-0002 -2.86865234375000E-0003 
 3.86500000000000E+0002 -1.77612304687500E-0002 -1.30920410156250E-0002 
 3.87000000000000E+0002 -2.02636718750000E-0002 -2.23083496093750E-0002 
 3.87500000000000E+0002 -2.23693847656250E-0002 -2.94494628906250E-0002 
 3.88000000000000E+0002 -2.74658203125000E-0002 -3.35388183593750E-0002 
 3.88500000000000E+0002 -3.26232910156250E-0002 -3.24401855468750E-0002 
 3.89000000000000E+0002 -3.37219238281250E-0002 -2.74047851562500E-0002 
 3.89500000000000E+0002 -3.31420898437500E-0002 -2.18505859375000E-0002 
 3.90000000000000E+0002 -3.37829589843750E-0002 -1.36108398437500E-0002 
 3.90500000000000E+0002 -3.38134765625000E-0002 -4.30297851562500E-0003 
 3.91000000000000E+0002 -3.29284667968750E-0002  1.31225585937500E-0003 
 3.91500000000000E+0002 -3.28063964843750E-0002  2.47192382812500E-0003 
 3.92000000000000E+0002 -3.33557128906250E-0002  3.35693359375000E-0004 
 3.92500000000000E+0002 -3.35083007812500E-0002 -2.89916992187500E-0003 
 3.93000000000000E+0002 -3.27453613281250E-0002 -8.33129882812500E-0003 
 3.93500000000000E+0002 -3.23791503906250E-0002 -1.58691406250000E-0002 
 3.94000000000000E+0002 -3.37219238281250E-0002 -2.36511230468750E-0002 
 3.94500000000000E+0002 -3.57055664062500E-0002 -3.07312011718750E-0002 
 3.95000000000000E+0002 -3.72009277343750E-0002 -3.68957519531250E-0002 
 3.95500000000000E+0002 -3.62548828125000E-0002 -4.18701171875000E-0002 
 3.96000000000000E+0002 -3.25012207031250E-0002 -4.50439453125000E-0002 
 3.96500000000000E+0002 -2.85644531250000E-0002 -4.61730957031250E-0002 
 3.97000000000000E+0002 -2.79846191406250E-0002 -4.47387695312500E-0002 
 3.97500000000000E+0002 -3.00598144531250E-0002 -4.07104492187500E-0002 
 3.98000000000000E+0002 -3.10058593750000E-0002 -3.55834960937500E-0002 
 3.98500000000000E+0002 -2.85644531250000E-0002 -2.94189453125000E-0002 
 3.99000000000000E+0002 -2.62451171875000E-0002 -2.26745605468750E-0002 
 3.99500000000000E+0002 -2.38952636718750E-0002 -1.58386230468750E-0002 
