 0.00000000000000E+0000  1.56768798828125E-0001 -8.18725585937500E-0001 
 5.00000000000000E-0001  9.14001464843750E-0002 -8.09387207031250E-0001 
 1.00000000000000E+0000 -1.92565917968750E-0002 -6.88964843750000E-0001 
 1.50000000000000E+0000 -1.71173095703125E-0001 -4.64263916015625E-0001 
 2.00000000000000E+0000 -2.95989990234375E-0001 -1.91192626953125E-0001 
 2.50000000000000E+0000 -3.38531494140625E-0001  6.43615722656250E-0002 
 3.00000000000000E+0000 -3.13507080078125E-0001  2.54058837890625E-0001 
 3.50000000000000E+0000 -2.54638671875000E-0001  3.86688232421875E-0001 
 4.00000000000000E+0000 -1.67724609375000E-0001  4.87304687500000E-0001 
 4.50000000000000E+0000 -7.18994140625000E-0002  5.39672851562500E-0001 
 5.00000000000000E+0000  1.09558105468750E-0002  5.42083740234375E-0001 
 5.50000000000000E+0000  1.02783203125000E-0001  5.14648437500000E-0001 
 6.00000000000000E+0000  2.18658447265625E-0001  4.54467773437500E-0001 
 6.50000000000000E+0000  3.32977294921875E-0001  3.58032226562500E-0001 
 7.00000000000000E+0000  4.26910400390625E-0001  2.42767333984375E-0001 
 7.50000000000000E+0000  4.90936279296875E-0001  1.23809814453125E-0001 
 8.00000000000000E+0000  4.90539550781250E-0001  4.57763671875000E-0003 
 8.50000000000000E+0000  3.96057128906250E-0001 -9.91821289062500E-0002 
 9.00000000000000E+0000  2.36145019531250E-0001 -1.67907714843750E-0001 
 9.50000000000000E+0000  6.28967285156250E-0002 -2.01538085937500E-0001 
 1.00000000000000E+0001 -9.34143066406250E-0002 -2.10723876953125E-0001 
 1.05000000000000E+0001 -2.10479736328125E-0001 -1.95556640625000E-0001 
 1.10000000000000E+0001 -2.57629394531250E-0001 -1.57318115234375E-0001 
 1.15000000000000E+0001 -2.37213134765625E-0001 -1.08398437500000E-0001 
 1.20000000000000E+0001 -1.83990478515625E-0001 -5.66406250000000E-0002 
 1.25000000000000E+0001 -1.21490478515625E-0001 -3.14331054687500E-0003 
 1.30000000000000E+0001 -5.63659667968750E-0002  4.82482910156250E-0002 
 1.35000000000000E+0001  6.95800781250000E-0003  8.92944335937500E-0002 
 1.40000000000000E+0001  6.95495605468750E-0002  1.07055664062500E-0001 
 1.45000000000000E+0001  1.39801025390625E-0001  8.88671875000000E-0002 
 1.50000000000000E+0001  2.17864990234375E-0001  4.12902832031250E-0002 
 1.55000000000000E+0001  2.93182373046875E-0001 -1.36108398437500E-0002 
 1.60000000000000E+0001  3.55316162109375E-0001 -6.40869140625000E-0002 
 1.65000000000000E+0001  3.91082763671875E-0001 -1.07055664062500E-0001 
 1.70000000000000E+0001  3.79638671875000E-0001 -1.32354736328125E-0001 
 1.75000000000000E+0001  3.15460205078125E-0001 -1.30523681640625E-0001 
 1.80000000000000E+0001  2.07458496093750E-0001 -1.14257812500000E-0001 
 1.85000000000000E+0001  7.13195800781250E-0002 -9.84191894531250E-0002 
 1.90000000000000E+0001 -7.14111328125000E-0002 -8.22753906250000E-0002 
 1.95000000000000E+0001 -1.94122314453125E-0001 -6.84204101562500E-0002 
 2.00000000000000E+0001 -2.78411865234375E-0001 -5.69763183593750E-0002 
 2.05000000000000E+0001 -3.19091796875000E-0001 -3.76892089843750E-0002 
 2.10000000000000E+0001 -3.19366455078125E-0001  1.31225585937500E-0003 
 2.15000000000000E+0001 -2.82775878906250E-0001  5.50231933593750E-0002 
 2.20000000000000E+0001 -2.25311279296875E-0001  1.09100341796875E-0001 
 2.25000000000000E+0001 -1.61834716796875E-0001  1.64062500000000E-0001 
 2.30000000000000E+0001 -9.87243652343750E-0002  2.06970214843750E-0001 
 2.35000000000000E+0001 -4.28771972656250E-0002  2.16186523437500E-0001 
 2.40000000000000E+0001  2.41088867187500E-0003  1.91558837890625E-0001 
 2.45000000000000E+0001  3.35998535156250E-0002  1.44500732421875E-0001 
 2.50000000000000E+0001  5.13916015625000E-0002  8.61816406250000E-0002 
 2.55000000000000E+0001  5.75256347656250E-0002  2.32543945312500E-0002 
 2.60000000000000E+0001  5.43212890625000E-0002 -3.01513671875000E-0002 
 2.65000000000000E+0001  4.38232421875000E-0002 -7.02819824218750E-0002 
 2.70000000000000E+0001  2.58178710937500E-0002 -1.05651855468750E-0001 
 2.75000000000000E+0001  1.89208984375000E-0003 -1.37695312500000E-0001 
 2.80000000000000E+0001 -2.69470214843750E-0002 -1.61376953125000E-0001 
 2.85000000000000E+0001 -6.28967285156250E-0002 -1.75170898437500E-0001 
 2.90000000000000E+0001 -1.00891113281250E-0001 -1.74285888671875E-0001 
 2.95000000000000E+0001 -1.28784179687500E-0001 -1.52008056640625E-0001 
 3.00000000000000E+0001 -1.39373779296875E-0001 -1.11114501953125E-0001 
 3.05000000000000E+0001 -1.31713867187500E-0001 -6.34460449218750E-0002 
 3.10000000000000E+0001 -1.10046386718750E-0001 -1.62048339843750E-0002 
 3.15000000000000E+0001 -8.02917480468750E-0002  3.13720703125000E-0002 
 3.20000000000000E+0001 -4.45861816406250E-0002  7.27844238281250E-0002 
 3.25000000000000E+0001 -1.11389160156250E-0002  9.81750488281250E-0002 
 3.30000000000000E+0001  1.39465332031250E-0002  1.10900878906250E-0001 
 3.35000000000000E+0001  3.18298339843750E-0002  1.17309570312500E-0001 
 3.40000000000000E+0001  4.54711914062500E-0002  1.13494873046875E-0001 
 3.45000000000000E+0001  5.90515136718750E-0002  9.41467285156250E-0002 
 3.50000000000000E+0001  7.03125000000000E-0002  6.14929199218750E-0002 
 3.55000000000000E+0001  7.49816894531250E-0002  2.40478515625000E-0002 
 3.60000000000000E+0001  6.79016113281250E-0002 -1.31530761718750E-0002 
 3.65000000000000E+0001  4.78515625000000E-0002 -4.57153320312500E-0002 
 3.70000000000000E+0001  2.05993652343750E-0002 -7.12585449218750E-0002 
 3.75000000000000E+0001 -1.14746093750000E-0002 -8.79211425781250E-0002 
 3.80000000000000E+0001 -4.75463867187500E-0002 -9.32617187500000E-0002 
 3.85000000000000E+0001 -8.20312500000000E-0002 -8.37402343750000E-0002 
 3.90000000000000E+0001 -1.04095458984375E-0001 -6.49414062500000E-0002 
 3.95000000000000E+0001 -1.10626220703125E-0001 -4.32128906250000E-0002 
 4.00000000000000E+0001 -1.05285644531250E-0001 -1.98669433593750E-0002 
 4.05000000000000E+0001 -9.11254882812500E-0002  4.33349609375000E-0003 
 4.10000000000000E+0001 -7.02514648437500E-0002  2.53906250000000E-0002 
 4.15000000000000E+0001 -4.38842773437500E-0002  4.04968261718750E-0002 
 4.20000000000000E+0001 -1.61743164062500E-0002  4.76989746093750E-0002 
 4.25000000000000E+0001  9.42993164062500E-0003  4.88891601562500E-0002 
 4.30000000000000E+0001  3.12194824218750E-0002  4.44030761718750E-0002 
 4.35000000000000E+0001  4.39758300781250E-0002  3.29589843750000E-0002 
 4.40000000000000E+0001  4.53491210937500E-0002  1.92871093750000E-0002 
 4.45000000000000E+0001  4.14428710937500E-0002  7.14111328125000E-0003 
 4.50000000000000E+0001  3.61938476562500E-0002 -1.25122070312500E-0003 
 4.55000000000000E+0001  2.58178710937500E-0002 -5.49316406250000E-0003 
 4.60000000000000E+0001  1.42517089843750E-0002 -5.06591796875000E-0003 
 4.65000000000000E+0001  5.85937500000000E-0003 -3.05175781250000E-0005 
 4.70000000000000E+0001  7.93457031250000E-0004  7.96508789062500E-0003 
 4.75000000000000E+0001 -2.80761718750000E-0003  1.63574218750000E-0002 
 4.80000000000000E+0001 -6.43920898437500E-0003  2.23083496093750E-0002 
 4.85000000000000E+0001 -7.32421875000000E-0003  2.50854492187500E-0002 
 4.90000000000000E+0001 -5.92041015625000E-0003  2.45056152343750E-0002 
 4.95000000000000E+0001 -1.52587890625000E-0003  2.10876464843750E-0002 
 5.00000000000000E+0001  5.31005859375000E-0003  1.59606933593750E-0002 
 5.05000000000000E+0001  1.39465332031250E-0002  7.29370117187500E-0003 
 5.10000000000000E+0001  2.05383300781250E-0002 -5.76782226562500E-0003 
 5.15000000000000E+0001  2.18505859375000E-0002 -1.84020996093750E-0002 
 5.20000000000000E+0001  2.02941894531250E-0002 -2.86560058593750E-0002 
 5.25000000000000E+0001  2.06604003906250E-0002 -3.92761230468750E-0002 
 5.30000000000000E+0001  2.19726562500000E-0002 -5.26428222656250E-0002 
 5.35000000000000E+0001  1.69982910156250E-0002 -6.39953613281250E-0002 
 5.40000000000000E+0001  7.04956054687500E-0003 -6.48193359375000E-0002 
 5.45000000000000E+0001 -4.02832031250000E-0003 -6.03332519531250E-0002 
 5.50000000000000E+0001 -1.65100097656250E-0002 -5.24291992187500E-0002 
 5.55000000000000E+0001 -2.71606445312500E-0002 -3.88793945312500E-0002 
 5.60000000000000E+0001 -3.61938476562500E-0002 -2.29492187500000E-0002 
 5.65000000000000E+0001 -4.45861816406250E-0002 -7.44628906250000E-0003 
 5.70000000000000E+0001 -4.71801757812500E-0002  5.12695312500000E-0003 
 5.75000000000000E+0001 -3.93066406250000E-0002  1.05895996093750E-0002 
 5.80000000000000E+0001 -2.80456542968750E-0002  9.91821289062500E-0003 
 5.85000000000000E+0001 -2.19726562500000E-0002  1.02233886718750E-0002 
 5.90000000000000E+0001 -1.52587890625000E-0002  1.37023925781250E-0002 
 5.95000000000000E+0001 -1.89208984375000E-0003  1.54418945312500E-0002 
 6.00000000000000E+0001  8.94165039062500E-0003  1.69372558593750E-0002 
 6.05000000000000E+0001  1.20239257812500E-0002  2.08740234375000E-0002 
 6.10000000000000E+0001  1.28784179687500E-0002  2.07519531250000E-0002 
 6.15000000000000E+0001  1.68151855468750E-0002  8.36181640625000E-0003 
 6.20000000000000E+0001  2.02636718750000E-0002 -1.30004882812500E-0002 
 6.25000000000000E+0001  2.04467773437500E-0002 -3.40576171875000E-0002 
 6.30000000000000E+0001  2.08129882812500E-0002 -5.26428222656250E-0002 
 6.35000000000000E+0001  2.20642089843750E-0002 -6.89086914062500E-0002 
 6.40000000000000E+0001  2.12402343750000E-0002 -7.69958496093750E-0002 
 6.45000000000000E+0001  1.63574218750000E-0002 -7.43713378906250E-0002 
 6.50000000000000E+0001  1.15356445312500E-0002 -6.35681152343750E-0002 
 6.55000000000000E+0001  8.94165039062500E-0003 -5.22460937500000E-0002 
 6.60000000000000E+0001  5.24902343750000E-0003 -4.25109863281250E-0002 
 6.65000000000000E+0001  2.38037109375000E-0003 -3.38439941406250E-0002 
 6.70000000000000E+0001  5.49316406250000E-0004 -3.08227539062500E-0002 
 6.75000000000000E+0001 -2.19726562500000E-0003 -3.11584472656250E-0002 
 6.80000000000000E+0001 -5.43212890625000E-0003 -3.05175781250000E-0002 
 6.85000000000000E+0001 -5.34057617187500E-0003 -2.82897949218750E-0002 
 6.90000000000000E+0001  5.18798828125000E-0004 -2.77709960937500E-0002 
 6.95000000000000E+0001  1.03149414062500E-0002 -3.18603515625000E-0002 
 7.00000000000000E+0001  2.20642089843750E-0002 -3.73229980468750E-0002 
 7.05000000000000E+0001  3.31726074218750E-0002 -4.22973632812500E-0002 
 7.10000000000000E+0001  3.93981933593750E-0002 -4.43725585937500E-0002 
 7.15000000000000E+0001  3.83605957031250E-0002 -4.59594726562500E-0002 
 7.20000000000000E+0001  3.00292968750000E-0002 -4.65393066406250E-0002 
 7.25000000000000E+0001  1.61743164062500E-0002 -4.24194335937500E-0002 
 7.30000000000000E+0001  3.05175781250000E-0004 -3.18603515625000E-0002 
 7.35000000000000E+0001 -1.49841308593750E-0002 -2.16979980468750E-0002 
 7.40000000000000E+0001 -2.92053222656250E-0002 -1.67236328125000E-0002 
 7.45000000000000E+0001 -3.86047363281250E-0002 -1.45874023437500E-0002 
 7.50000000000000E+0001 -4.14123535156250E-0002 -1.50756835937500E-0002 
 7.55000000000000E+0001 -3.82995605468750E-0002 -1.78527832031250E-0002 
 7.60000000000000E+0001 -3.03039550781250E-0002 -2.63366699218750E-0002 
 7.65000000000000E+0001 -2.16369628906250E-0002 -3.83300781250000E-0002 
 7.70000000000000E+0001 -1.27563476562500E-0002 -4.73327636718750E-0002 
 7.75000000000000E+0001 -5.67626953125000E-0003 -4.90112304687500E-0002 
 7.80000000000000E+0001 -1.43432617187500E-0003 -4.08630371093750E-0002 
 7.85000000000000E+0001  2.04467773437500E-0003 -2.90527343750000E-0002 
 7.90000000000000E+0001  2.74658203125000E-0003 -1.86767578125000E-0002 
 7.95000000000000E+0001  1.19018554687500E-0003 -1.19018554687500E-0002 
 8.00000000000000E+0001 -3.05175781250000E-0003 -1.22985839843750E-0002 
 8.05000000000000E+0001 -1.07421875000000E-0002 -1.69982910156250E-0002 
 8.10000000000000E+0001 -1.83105468750000E-0002 -2.00500488281250E-0002 
 8.15000000000000E+0001 -2.55126953125000E-0002 -1.80969238281250E-0002 
 8.20000000000000E+0001 -3.48815917968750E-0002 -9.64355468750000E-0003 
 8.25000000000000E+0001 -4.51354980468750E-0002  1.06811523437500E-0003 
 8.30000000000000E+0001 -5.14526367187500E-0002  1.00708007812500E-0002 
 8.35000000000000E+0001 -5.27954101562500E-0002  1.45568847656250E-0002 
 8.40000000000000E+0001 -4.87670898437500E-0002  1.39465332031250E-0002 
 8.45000000000000E+0001 -3.86352539062500E-0002  4.73022460937500E-0003 
 8.50000000000000E+0001 -2.48107910156250E-0002 -1.17187500000000E-0002 
 8.55000000000000E+0001 -8.72802734375000E-0003 -2.72827148437500E-0002 
 8.60000000000000E+0001  6.37817382812500E-0003 -3.81469726562500E-0002 
 8.65000000000000E+0001  1.53808593750000E-0002 -4.52270507812500E-0002 
 8.70000000000000E+0001  1.64794921875000E-0002 -5.03540039062500E-0002 
 8.75000000000000E+0001  1.01013183593750E-0002 -5.13000488281250E-0002 
 8.80000000000000E+0001 -1.61743164062500E-0003 -4.61120605468750E-0002 
 8.85000000000000E+0001 -1.31225585937500E-0002 -3.98559570312500E-0002 
 8.90000000000000E+0001 -2.01721191406250E-0002 -3.73535156250000E-0002 
 8.95000000000000E+0001 -2.10266113281250E-0002 -3.86047363281250E-0002 
 9.00000000000000E+0001 -2.33154296875000E-0002 -3.87878417968750E-0002 
 9.05000000000000E+0001 -2.56347656250000E-0002 -3.41186523437500E-0002 
 9.10000000000000E+0001 -2.27966308593750E-0002 -3.03344726562500E-0002 
 9.15000000000000E+0001 -2.01416015625000E-0002 -2.70080566406250E-0002 
 9.20000000000000E+0001 -2.09960937500000E-0002 -2.26745605468750E-0002 
 9.25000000000000E+0001 -2.48413085937500E-0002 -2.22167968750000E-0002 
 9.30000000000000E+0001 -2.78320312500000E-0002 -2.73742675781250E-0002 
 9.35000000000000E+0001 -2.90222167968750E-0002 -3.31420898437500E-0002 
 9.40000000000000E+0001 -2.68859863281250E-0002 -3.37829589843750E-0002 
 9.45000000000000E+0001 -2.08435058593750E-0002 -2.99682617187500E-0002 
 9.50000000000000E+0001 -1.80358886718750E-0002 -2.57568359375000E-0002 
 9.55000000000000E+0001 -1.87377929687500E-0002 -2.06604003906250E-0002 
 9.60000000000000E+0001 -1.65405273437500E-0002 -1.63879394531250E-0002 
 9.65000000000000E+0001 -1.25427246093750E-0002 -1.65710449218750E-0002 
 9.70000000000000E+0001 -1.01928710937500E-0002 -2.15148925781250E-0002 
 9.75000000000000E+0001 -7.96508789062500E-0003 -3.18603515625000E-0002 
 9.80000000000000E+0001 -4.18090820312500E-0003 -4.22363281250000E-0002 
 9.85000000000000E+0001 -1.22070312500000E-0003 -4.86450195312500E-0002 
 9.90000000000000E+0001 -7.93457031250000E-0004 -5.02014160156250E-0002 
 9.95000000000000E+0001 -2.01416015625000E-0003 -4.78820800781250E-0002 
 1.00000000000000E+0002 -3.47900390625000E-0003 -4.16564941406250E-0002 
 1.00500000000000E+0002 -3.38745117187500E-0003 -3.07922363281250E-0002 
 1.01000000000000E+0002  1.00708007812500E-0003 -2.15454101562500E-0002 
 1.01500000000000E+0002  5.95092773437500E-0003 -1.72119140625000E-0002 
 1.02000000000000E+0002  7.84301757812500E-0003 -1.46179199218750E-0002 
 1.02500000000000E+0002  7.32421875000000E-0003 -1.09863281250000E-0002 
 1.03000000000000E+0002  3.75366210937500E-0003 -1.12609863281250E-0002 
 1.03500000000000E+0002 -4.39453125000000E-0003 -1.68457031250000E-0002 
 1.04000000000000E+0002 -1.50451660156250E-0002 -2.20031738281250E-0002 
 1.04500000000000E+0002 -2.09655761718750E-0002 -2.60009765625000E-0002 
 1.05000000000000E+0002 -2.27355957031250E-0002 -3.04870605468750E-0002 
 1.05500000000000E+0002 -2.33154296875000E-0002 -3.36914062500000E-0002 
 1.06000000000000E+0002 -1.96838378906250E-0002 -3.18603515625000E-0002 
 1.06500000000000E+0002 -1.44348144531250E-0002 -2.49938964843750E-0002 
 1.07000000000000E+0002 -1.28479003906250E-0002 -1.59606933593750E-0002 
 1.07500000000000E+0002 -1.24206542968750E-0002 -7.04956054687500E-0003 
 1.08000000000000E+0002 -1.21765136718750E-0002 -2.83813476562500E-0003 
 1.08500000000000E+0002 -1.73645019531250E-0002 -4.60815429687500E-0003 
 1.09000000000000E+0002 -2.96020507812500E-0002 -5.82885742187500E-0003 
 1.09500000000000E+0002 -3.71398925781250E-0002 -4.79125976562500E-0003 
 1.10000000000000E+0002 -3.52172851562500E-0002 -7.38525390625000E-0003 
 1.10500000000000E+0002 -3.03039550781250E-0002 -1.30004882812500E-0002 
 1.11000000000000E+0002 -2.51464843750000E-0002 -1.59301757812500E-0002 
 1.11500000000000E+0002 -1.64489746093750E-0002 -1.60217285156250E-0002 
 1.12000000000000E+0002 -5.03540039062500E-0003 -1.67846679687500E-0002 
 1.12500000000000E+0002  2.83813476562500E-0003 -1.87988281250000E-0002 
 1.13000000000000E+0002  3.69262695312500E-0003 -1.91955566406250E-0002 
 1.13500000000000E+0002  3.35693359375000E-0004 -1.88293457031250E-0002 
 1.14000000000000E+0002 -4.27246093750000E-0003 -1.71203613281250E-0002 
 1.14500000000000E+0002 -9.00268554687500E-0003 -1.56250000000000E-0002 
 1.15000000000000E+0002 -1.24816894531250E-0002 -1.60522460937500E-0002 
 1.15500000000000E+0002 -1.76696777343750E-0002 -1.75781250000000E-0002 
 1.16000000000000E+0002 -2.32849121093750E-0002 -1.64184570312500E-0002 
 1.16500000000000E+0002 -2.48107910156250E-0002 -1.34582519531250E-0002 
 1.17000000000000E+0002 -2.20947265625000E-0002 -1.02233886718750E-0002 
 1.17500000000000E+0002 -1.87072753906250E-0002 -9.61303710937500E-0003 
 1.18000000000000E+0002 -1.60217285156250E-0002 -9.70458984375000E-0003 
 1.18500000000000E+0002 -1.01318359375000E-0002 -8.54492187500000E-0003 
 1.19000000000000E+0002 -3.14331054687500E-0003 -9.85717773437500E-0003 
 1.19500000000000E+0002 -5.18798828125000E-0004 -1.79443359375000E-0002 
 1.20000000000000E+0002  7.32421875000000E-0004 -3.27758789062500E-0002 
 1.20500000000000E+0002  2.31933593750000E-0003 -4.90417480468750E-0002 
 1.21000000000000E+0002  1.09863281250000E-0003 -6.16760253906250E-0002 
 1.21500000000000E+0002 -1.70898437500000E-0003 -6.73828125000000E-0002 
 1.22000000000000E+0002  4.27246093750000E-0004 -6.43920898437500E-0002 
 1.22500000000000E+0002  7.08007812500000E-0003 -5.55114746093750E-0002 
 1.23000000000000E+0002  1.02539062500000E-0002 -4.36706542968750E-0002 
 1.23500000000000E+0002  5.49316406250000E-0003 -2.90222167968750E-0002 
 1.24000000000000E+0002 -3.47900390625000E-0003 -1.55639648437500E-0002 
 1.24500000000000E+0002 -1.28479003906250E-0002 -6.50024414062500E-0003 
 1.25000000000000E+0002 -2.25830078125000E-0002 -3.60107421875000E-0003 
 1.25500000000000E+0002 -2.90222167968750E-0002 -9.15527343750000E-0004 
 1.26000000000000E+0002 -2.48413085937500E-0002  2.71606445312500E-0003 
 1.26500000000000E+0002 -6.56127929687500E-0003  1.58691406250000E-0003 
 1.27000000000000E+0002  1.66320800781250E-0002 -7.29370117187500E-0003 
 1.27500000000000E+0002  3.12805175781250E-0002 -1.88903808593750E-0002 
 1.28000000000000E+0002  3.39965820312500E-0002 -2.98461914062500E-0002 
 1.28500000000000E+0002  2.74963378906250E-0002 -3.95202636718750E-0002 
 1.29000000000000E+0002  1.28784179687500E-0002 -4.72717285156250E-0002 
 1.29500000000000E+0002 -4.15039062500000E-0003 -5.14221191406250E-0002 
 1.30000000000000E+0002 -1.57165527343750E-0002 -5.53588867187500E-0002 
 1.30500000000000E+0002 -2.27355957031250E-0002 -5.77697753906250E-0002 
 1.31000000000000E+0002 -2.67639160156250E-0002 -5.69152832031250E-0002 
 1.31500000000000E+0002 -2.84729003906250E-0002 -5.24597167968750E-0002 
 1.32000000000000E+0002 -2.72216796875000E-0002 -4.70886230468750E-0002 
 1.32500000000000E+0002 -2.56652832031250E-0002 -4.04663085937500E-0002 
 1.33000000000000E+0002 -2.65197753906250E-0002 -3.16162109375000E-0002 
 1.33500000000000E+0002 -2.81677246093750E-0002 -2.34680175781250E-0002 
 1.34000000000000E+0002 -2.75878906250000E-0002 -1.87683105468750E-0002 
 1.34500000000000E+0002 -2.70690917968750E-0002 -1.61437988281250E-0002 
 1.35000000000000E+0002 -2.88696289062500E-0002 -1.54418945312500E-0002 
 1.35500000000000E+0002 -3.39355468750000E-0002 -1.58996582031250E-0002 
 1.36000000000000E+0002 -3.99169921875000E-0002 -1.75476074218750E-0002 
 1.36500000000000E+0002 -4.36096191406250E-0002 -1.86157226562500E-0002 
 1.37000000000000E+0002 -4.33349609375000E-0002 -1.94396972656250E-0002 
 1.37500000000000E+0002 -3.95507812500000E-0002 -1.81884765625000E-0002 
 1.38000000000000E+0002 -3.49121093750000E-0002 -1.72424316406250E-0002 
 1.38500000000000E+0002 -2.97851562500000E-0002 -1.75170898437500E-0002 
 1.39000000000000E+0002 -2.02026367187500E-0002 -1.82800292968750E-0002 
 1.39500000000000E+0002 -9.33837890625000E-0003 -1.85546875000000E-0002 
 1.40000000000000E+0002 -3.60107421875000E-0003 -2.04162597656250E-0002 
 1.40500000000000E+0002 -3.29589843750000E-0003 -2.67944335937500E-0002 
 1.41000000000000E+0002 -5.70678710937500E-0003 -3.50341796875000E-0002 
 1.41500000000000E+0002 -9.70458984375000E-0003 -3.91540527343750E-0002 
 1.42000000000000E+0002 -1.61743164062500E-0002 -3.66821289062500E-0002 
 1.42500000000000E+0002 -2.16674804687500E-0002 -2.97546386718750E-0002 
 1.43000000000000E+0002 -2.02636718750000E-0002 -2.16369628906250E-0002 
 1.43500000000000E+0002 -1.08947753906250E-0002 -1.58691406250000E-0002 
 1.44000000000000E+0002 -1.89208984375000E-0003 -1.32141113281250E-0002 
 1.44500000000000E+0002  9.46044921875000E-0004 -1.37023925781250E-0002 
 1.45000000000000E+0002 -3.35693359375000E-0004 -1.87988281250000E-0002 
 1.45500000000000E+0002 -5.61523437500000E-0003 -2.71301269531250E-0002 
 1.46000000000000E+0002 -1.80969238281250E-0002 -3.00292968750000E-0002 
 1.46500000000000E+0002 -3.47900390625000E-0002 -2.20947265625000E-0002 
 1.47000000000000E+0002 -4.79125976562500E-0002 -6.43920898437500E-0003 
 1.47500000000000E+0002 -5.45349121093750E-0002  9.88769531250000E-0003 
 1.48000000000000E+0002 -5.54504394531250E-0002  2.22167968750000E-0002 
 1.48500000000000E+0002 -5.11169433593750E-0002  2.77099609375000E-0002 
 1.49000000000000E+0002 -4.60205078125000E-0002  2.48413085937500E-0002 
 1.49500000000000E+0002 -4.27246093750000E-0002  1.62353515625000E-0002 
 1.50000000000000E+0002 -4.05883789062500E-0002  5.88989257812500E-0003 
 1.50500000000000E+0002 -4.06188964843750E-0002 -3.32641601562500E-0003 
 1.51000000000000E+0002 -4.41589355468750E-0002 -9.76562500000000E-0003 
 1.51500000000000E+0002 -5.03234863281250E-0002 -1.26647949218750E-0002 
 1.52000000000000E+0002 -5.44433593750000E-0002 -1.00402832031250E-0002 
 1.52500000000000E+0002 -5.39245605468750E-0002 -1.61743164062500E-0003 
 1.53000000000000E+0002 -4.73327636718750E-0002  3.44848632812500E-0003 
 1.53500000000000E+0002 -3.85437011718750E-0002  2.74658203125000E-0004 
 1.54000000000000E+0002 -3.06396484375000E-0002 -5.67626953125000E-0003 
 1.54500000000000E+0002 -2.45361328125000E-0002 -8.85009765625000E-0003 
 1.55000000000000E+0002 -1.97448730468750E-0002 -1.36108398437500E-0002 
 1.55500000000000E+0002 -1.70593261718750E-0002 -2.30407714843750E-0002 
 1.56000000000000E+0002 -1.52282714843750E-0002 -2.89916992187500E-0002 
 1.56500000000000E+0002 -1.18713378906250E-0002 -2.54821777343750E-0002 
 1.57000000000000E+0002 -6.77490234375000E-0003 -1.73950195312500E-0002 
 1.57500000000000E+0002 -3.78417968750000E-0003 -1.03759765625000E-0002 
 1.58000000000000E+0002 -4.63867187500000E-0003 -6.43920898437500E-0003 
 1.58500000000000E+0002 -9.94873046875000E-0003 -1.73950195312500E-0003 
 1.59000000000000E+0002 -1.68457031250000E-0002  6.31713867187500E-0003 
 1.59500000000000E+0002 -1.95312500000000E-0002  1.36413574218750E-0002 
 1.60000000000000E+0002 -1.66625976562500E-0002  1.43432617187500E-0002 
 1.60500000000000E+0002 -9.46044921875000E-0003  8.85009765625000E-0003 
 1.61000000000000E+0002 -1.61743164062500E-0003 -6.10351562500000E-0005 
 1.61500000000000E+0002  2.96020507812500E-0003 -1.00708007812500E-0002 
 1.62000000000000E+0002  1.95312500000000E-0003 -2.11181640625000E-0002 
 1.62500000000000E+0002 -4.66918945312500E-0003 -3.18908691406250E-0002 
 1.63000000000000E+0002 -1.34887695312500E-0002 -3.76892089843750E-0002 
 1.63500000000000E+0002 -2.05993652343750E-0002 -3.84521484375000E-0002 
 1.64000000000000E+0002 -2.34680175781250E-0002 -3.60107421875000E-0002 
 1.64500000000000E+0002 -1.82495117187500E-0002 -3.49121093750000E-0002 
 1.65000000000000E+0002 -8.57543945312500E-0003 -3.74450683593750E-0002 
 1.65500000000000E+0002 -1.70898437500000E-0003 -3.91845703125000E-0002 
 1.66000000000000E+0002  2.47192382812500E-0003 -3.75976562500000E-0002 
 1.66500000000000E+0002  3.66210937500000E-0003 -3.21960449218750E-0002 
 1.67000000000000E+0002  1.83105468750000E-0003 -2.53906250000000E-0002 
 1.67500000000000E+0002 -3.17382812500000E-0003 -1.92260742187500E-0002 
 1.68000000000000E+0002 -7.29370117187500E-0003 -1.47705078125000E-0002 
 1.68500000000000E+0002 -8.08715820312500E-0003 -1.36718750000000E-0002 
 1.69000000000000E+0002 -7.96508789062500E-0003 -1.66931152343750E-0002 
 1.69500000000000E+0002 -6.77490234375000E-0003 -2.22778320312500E-0002 
 1.70000000000000E+0002 -2.77709960937500E-0003 -2.96936035156250E-0002 
 1.70500000000000E+0002 -9.15527343750000E-0005 -3.88183593750000E-0002 
 1.71000000000000E+0002 -5.06591796875000E-0003 -4.91943359375000E-0002 
 1.71500000000000E+0002 -1.72119140625000E-0002 -5.89599609375000E-0002 
 1.72000000000000E+0002 -3.00292968750000E-0002 -6.40258789062500E-0002 
 1.72500000000000E+0002 -3.68347167968750E-0002 -6.49719238281250E-0002 
 1.73000000000000E+0002 -3.62854003906250E-0002 -6.32019042968750E-0002 
 1.73500000000000E+0002 -3.07006835937500E-0002 -5.93261718750000E-0002 
 1.74000000000000E+0002 -2.29187011718750E-0002 -5.17578125000000E-0002 
 1.74500000000000E+0002 -1.49536132812500E-0002 -4.54711914062500E-0002 
 1.75000000000000E+0002 -1.14746093750000E-0002 -4.46472167968750E-0002 
 1.75500000000000E+0002 -1.55944824218750E-0002 -4.88586425781250E-0002 
 1.76000000000000E+0002 -2.78320312500000E-0002 -5.27038574218750E-0002 
 1.76500000000000E+0002 -4.24499511718750E-0002 -5.24291992187500E-0002 
 1.77000000000000E+0002 -5.12084960937500E-0002 -5.03845214843750E-0002 
 1.77500000000000E+0002 -5.17578125000000E-0002 -4.75158691406250E-0002 
 1.78000000000000E+0002 -4.50744628906250E-0002 -4.73022460937500E-0002 
 1.78500000000000E+0002 -3.61328125000000E-0002 -4.93164062500000E-0002 
 1.79000000000000E+0002 -2.87475585937500E-0002 -5.10253906250000E-0002 
 1.79500000000000E+0002 -2.36816406250000E-0002 -5.21850585937500E-0002 
 1.80000000000000E+0002 -2.27050781250000E-0002 -5.41076660156250E-0002 
 1.80500000000000E+0002 -2.39257812500000E-0002 -5.55419921875000E-0002 
 1.81000000000000E+0002 -2.44140625000000E-0002 -5.62438964843750E-0002 
 1.81500000000000E+0002 -2.58178710937500E-0002 -5.46875000000000E-0002 
 1.82000000000000E+0002 -2.61230468750000E-0002 -4.97131347656250E-0002 
 1.82500000000000E+0002 -2.15759277343750E-0002 -4.66003417968750E-0002 
 1.83000000000000E+0002 -1.54418945312500E-0002 -4.67834472656250E-0002 
 1.83500000000000E+0002 -1.63269042968750E-0002 -4.55322265625000E-0002 
 1.84000000000000E+0002 -2.89001464843750E-0002 -3.90625000000000E-0002 
 1.84500000000000E+0002 -4.22668457031250E-0002 -2.66113281250000E-0002 
 1.85000000000000E+0002 -4.62036132812500E-0002 -1.56250000000000E-0002 
 1.85500000000000E+0002 -4.32128906250000E-0002 -1.09252929687500E-0002 
 1.86000000000000E+0002 -3.81164550781250E-0002 -9.55200195312500E-0003 
 1.86500000000000E+0002 -2.84729003906250E-0002 -9.88769531250000E-0003 
 1.87000000000000E+0002 -1.64489746093750E-0002 -1.18408203125000E-0002 
 1.87500000000000E+0002 -8.94165039062500E-0003 -1.65710449218750E-0002 
 1.88000000000000E+0002 -8.30078125000000E-0003 -2.62756347656250E-0002 
 1.88500000000000E+0002 -1.24206542968750E-0002 -3.45458984375000E-0002 
 1.89000000000000E+0002 -1.84631347656250E-0002 -3.59191894531250E-0002 
 1.89500000000000E+0002 -2.32849121093750E-0002 -3.22265625000000E-0002 
 1.90000000000000E+0002 -2.27661132812500E-0002 -2.83813476562500E-0002 
 1.90500000000000E+0002 -1.91650390625000E-0002 -2.56347656250000E-0002 
 1.91000000000000E+0002 -2.18505859375000E-0002 -1.97143554687500E-0002 
 1.91500000000000E+0002 -2.65808105468750E-0002 -1.23901367187500E-0002 
 1.92000000000000E+0002 -2.88391113281250E-0002 -1.27563476562500E-0002 
 1.92500000000000E+0002 -3.37829589843750E-0002 -2.19421386718750E-0002 
 1.93000000000000E+0002 -4.34570312500000E-0002 -3.04565429687500E-0002 
 1.93500000000000E+0002 -4.93469238281250E-0002 -3.35083007812500E-0002 
 1.94000000000000E+0002 -4.79125976562500E-0002 -3.50341796875000E-0002 
 1.94500000000000E+0002 -4.41589355468750E-0002 -3.51257324218750E-0002 
 1.95000000000000E+0002 -3.93371582031250E-0002 -3.29589843750000E-0002 
 1.95500000000000E+0002 -2.84423828125000E-0002 -3.19824218750000E-0002 
 1.96000000000000E+0002 -1.43737792968750E-0002 -3.62548828125000E-0002 
 1.96500000000000E+0002 -6.65283203125000E-0003 -4.26025390625000E-0002 
 1.97000000000000E+0002 -6.07299804687500E-0003 -4.46472167968750E-0002 
 1.97500000000000E+0002 -9.73510742187500E-0003 -4.36096191406250E-0002 
 1.98000000000000E+0002 -1.60217285156250E-0002 -4.17175292968750E-0002 
 1.98500000000000E+0002 -2.27661132812500E-0002 -3.82690429687500E-0002 
 1.99000000000000E+0002 -2.57568359375000E-0002 -3.54919433593750E-0002 
 1.99500000000000E+0002 -2.63671875000000E-0002 -3.83605957031250E-0002 
 2.00000000000000E+0002 -2.62451171875000E-0002 -4.20227050781250E-0002 
 2.00500000000000E+0002 -2.46887207031250E-0002 -4.17175292968750E-0002 
 2.01000000000000E+0002 -1.90429687500000E-0002 -3.59802246093750E-0002 
 2.01500000000000E+0002 -1.29394531250000E-0002 -2.86254882812500E-0002 
 2.02000000000000E+0002 -9.67407226562500E-0003 -2.13012695312500E-0002 
 2.02500000000000E+0002 -7.23266601562500E-0003 -1.53808593750000E-0002 
 2.03000000000000E+0002 -3.60107421875000E-0003 -1.68457031250000E-0002 
 2.03500000000000E+0002 -2.53295898437500E-0003 -2.66113281250000E-0002 
 2.04000000000000E+0002 -3.99780273437500E-0003 -3.72924804687500E-0002 
 2.04500000000000E+0002 -6.10351562500000E-0003 -4.36401367187500E-0002 
 2.05000000000000E+0002 -6.71386718750000E-0003 -4.80957031250000E-0002 
 2.05500000000000E+0002 -7.35473632812500E-0003 -5.47485351562500E-0002 
 2.06000000000000E+0002 -9.30786132812500E-0003 -5.99975585937500E-0002 
 2.06500000000000E+0002 -1.43432617187500E-0002 -6.08520507812500E-0002 
 2.07000000000000E+0002 -1.90124511718750E-0002 -6.06384277343750E-0002 
 2.07500000000000E+0002 -2.32849121093750E-0002 -6.45446777343750E-0002 
 2.08000000000000E+0002 -2.81677246093750E-0002 -6.96105957031250E-0002 
 2.08500000000000E+0002 -3.49731445312500E-0002 -6.86035156250000E-0002 
 2.09000000000000E+0002 -4.03137207031250E-0002 -5.78002929687500E-0002 
 2.09500000000000E+0002 -3.91845703125000E-0002 -4.63867187500000E-0002 
 2.10000000000000E+0002 -3.82080078125000E-0002 -4.17175292968750E-0002 
 2.10500000000000E+0002 -4.12292480468750E-0002 -4.00085449218750E-0002 
 2.11000000000000E+0002 -4.24499511718750E-0002 -3.90625000000000E-0002 
 2.11500000000000E+0002 -3.81774902343750E-0002 -4.40979003906250E-0002 
 2.12000000000000E+0002 -3.47290039062500E-0002 -5.53894042968750E-0002 
 2.12500000000000E+0002 -3.59497070312500E-0002 -6.65283203125000E-0002 
 2.13000000000000E+0002 -3.81774902343750E-0002 -7.11669921875000E-0002 
 2.13500000000000E+0002 -3.85131835937500E-0002 -7.24792480468750E-0002 
 2.14000000000000E+0002 -3.90930175781250E-0002 -7.09533691406250E-0002 
 2.14500000000000E+0002 -3.67431640625000E-0002 -6.57043457031250E-0002 
 2.15000000000000E+0002 -2.87475585937500E-0002 -6.27441406250000E-0002 
 2.15500000000000E+0002 -1.95617675781250E-0002 -6.43615722656250E-0002 
 2.16000000000000E+0002 -1.31835937500000E-0002 -6.64367675781250E-0002 
 2.16500000000000E+0002 -8.66699218750000E-0003 -6.40563964843750E-0002 
 2.17000000000000E+0002 -3.75366210937500E-0003 -5.89294433593750E-0002 
 2.17500000000000E+0002 -2.99072265625000E-0003 -5.40161132812500E-0002 
 2.18000000000000E+0002 -8.81958007812500E-0003 -4.68444824218750E-0002 
 2.18500000000000E+0002 -1.62353515625000E-0002 -3.62243652343750E-0002 
 2.19000000000000E+0002 -2.25524902343750E-0002 -2.86254882812500E-0002 
 2.19500000000000E+0002 -2.77404785156250E-0002 -2.87780761718750E-0002 
 2.20000000000000E+0002 -3.53698730468750E-0002 -3.52478027343750E-0002 
 2.20500000000000E+0002 -4.22973632812500E-0002 -4.29687500000000E-0002 
 2.21000000000000E+0002 -4.26635742187500E-0002 -4.74243164062500E-0002 
 2.21500000000000E+0002 -3.74145507812500E-0002 -4.73937988281250E-0002 
 2.22000000000000E+0002 -3.32336425781250E-0002 -4.24194335937500E-0002 
 2.22500000000000E+0002 -3.62854003906250E-0002 -3.31420898437500E-0002 
 2.23000000000000E+0002 -4.24194335937500E-0002 -2.14843750000000E-0002 
 2.23500000000000E+0002 -4.61730957031250E-0002 -1.25732421875000E-0002 
 2.24000000000000E+0002 -4.51660156250000E-0002 -1.22070312500000E-0002 
 2.24500000000000E+0002 -4.07409667968750E-0002 -1.92871093750000E-0002 
 2.25000000000000E+0002 -3.40576171875000E-0002 -2.65197753906250E-0002 
 2.25500000000000E+0002 -2.18811035156250E-0002 -3.17382812500000E-0002 
 2.26000000000000E+0002 -8.05664062500000E-0003 -3.45153808593750E-0002 
 2.26500000000000E+0002  4.88281250000000E-0004 -3.33557128906250E-0002 
 2.27000000000000E+0002 -5.79833984375000E-0004 -3.04565429687500E-0002 
 2.27500000000000E+0002 -8.11767578125000E-0003 -3.04565429687500E-0002 
 2.28000000000000E+0002 -1.62963867187500E-0002 -3.54919433593750E-0002 
 2.28500000000000E+0002 -2.27966308593750E-0002 -3.90625000000000E-0002 
 2.29000000000000E+0002 -2.65502929687500E-0002 -3.75671386718750E-0002 
 2.29500000000000E+0002 -2.81677246093750E-0002 -3.55834960937500E-0002 
 2.30000000000000E+0002 -3.08532714843750E-0002 -3.38745117187500E-0002 
 2.30500000000000E+0002 -3.42102050781250E-0002 -2.78930664062500E-0002 
 2.31000000000000E+0002 -3.41186523437500E-0002 -2.15148925781250E-0002 
 2.31500000000000E+0002 -3.15551757812500E-0002 -1.99890136718750E-0002 
 2.32000000000000E+0002 -2.98767089843750E-0002 -2.24304199218750E-0002 
 2.32500000000000E+0002 -2.63061523437500E-0002 -2.68554687500000E-0002 
 2.33000000000000E+0002 -1.89819335937500E-0002 -3.27148437500000E-0002 
 2.33500000000000E+0002 -9.94873046875000E-0003 -3.70788574218750E-0002 
 2.34000000000000E+0002 -2.92968750000000E-0003 -3.74145507812500E-0002 
 2.34500000000000E+0002  1.83105468750000E-0003 -3.59497070312500E-0002 
 2.35000000000000E+0002  5.03540039062500E-0003 -3.33557128906250E-0002 
 2.35500000000000E+0002  5.70678710937500E-0003 -2.53906250000000E-0002 
 2.36000000000000E+0002  5.49316406250000E-0003 -1.44348144531250E-0002 
 2.36500000000000E+0002  6.13403320312500E-0003 -1.13220214843750E-0002 
 2.37000000000000E+0002  2.47192382812500E-0003 -1.86157226562500E-0002 
 2.37500000000000E+0002 -8.36181640625000E-0003 -2.97851562500000E-0002 
 2.38000000000000E+0002 -2.26745605468750E-0002 -3.98864746093750E-0002 
 2.38500000000000E+0002 -3.55224609375000E-0002 -4.63562011718750E-0002 
 2.39000000000000E+0002 -4.30297851562500E-0002 -5.06286621093750E-0002 
 2.39500000000000E+0002 -5.02624511718750E-0002 -5.05371093750000E-0002 
 2.40000000000000E+0002 -5.66101074218750E-0002 -4.21752929687500E-0002 
 2.40500000000000E+0002 -5.95092773437500E-0002 -3.08227539062500E-0002 
 2.41000000000000E+0002 -6.28356933593750E-0002 -2.11486816406250E-0002 
 2.41500000000000E+0002 -6.64367675781250E-0002 -1.26953125000000E-0002 
 2.42000000000000E+0002 -6.91528320312500E-0002 -4.97436523437500E-0003 
 2.42500000000000E+0002 -6.94274902343750E-0002 -7.62939453125000E-0004 
 2.43000000000000E+0002 -6.52770996093750E-0002 -4.08935546875000E-0003 
 2.43500000000000E+0002 -6.10961914062500E-0002 -1.30004882812500E-0002 
 2.44000000000000E+0002 -5.54199218750000E-0002 -2.34069824218750E-0002 
 2.44500000000000E+0002 -4.84924316406250E-0002 -3.49731445312500E-0002 
 2.45000000000000E+0002 -4.25415039062500E-0002 -4.31213378906250E-0002 
 2.45500000000000E+0002 -3.63464355468750E-0002 -4.61425781250000E-0002 
 2.46000000000000E+0002 -2.99377441406250E-0002 -4.46777343750000E-0002 
 2.46500000000000E+0002 -2.04772949218750E-0002 -3.97644042968750E-0002 
 2.47000000000000E+0002 -9.67407226562500E-0003 -3.25927734375000E-0002 
 2.47500000000000E+0002 -3.05175781250000E-0003 -2.36511230468750E-0002 
 2.48000000000000E+0002 -7.62939453125000E-0004 -1.44958496093750E-0002 
 2.48500000000000E+0002 -2.74658203125000E-0003 -7.01904296875000E-0003 
 2.49000000000000E+0002 -9.33837890625000E-0003 -3.08227539062500E-0003 
 2.49500000000000E+0002 -2.06604003906250E-0002 -6.07299804687500E-0003 
 2.50000000000000E+0002 -3.09143066406250E-0002 -1.73645019531250E-0002 
 2.50500000000000E+0002 -3.94592285156250E-0002 -3.42712402343750E-0002 
 2.51000000000000E+0002 -4.66613769531250E-0002 -4.85229492187500E-0002 
 2.51500000000000E+0002 -4.90722656250000E-0002 -5.54504394531250E-0002 
 2.52000000000000E+0002 -4.47387695312500E-0002 -5.85327148437500E-0002 
 2.52500000000000E+0002 -3.96118164062500E-0002 -5.75561523437500E-0002 
 2.53000000000000E+0002 -3.96728515625000E-0002 -4.84619140625000E-0002 
 2.53500000000000E+0002 -3.88183593750000E-0002 -3.38439941406250E-0002 
 2.54000000000000E+0002 -3.30200195312500E-0002 -2.42614746093750E-0002 
 2.54500000000000E+0002 -2.83813476562500E-0002 -2.18505859375000E-0002 
 2.55000000000000E+0002 -2.96936035156250E-0002 -2.08129882812500E-0002 
 2.55500000000000E+0002 -3.19519042968750E-0002 -1.97753906250000E-0002 
 2.56000000000000E+0002 -3.38134765625000E-0002 -2.56347656250000E-0002 
 2.56500000000000E+0002 -3.98254394531250E-0002 -3.58276367187500E-0002 
 2.57000000000000E+0002 -4.62646484375000E-0002 -4.15954589843750E-0002 
 2.57500000000000E+0002 -4.72106933593750E-0002 -4.31213378906250E-0002 
 2.58000000000000E+0002 -4.36096191406250E-0002 -4.13818359375000E-0002 
 2.58500000000000E+0002 -3.67126464843750E-0002 -3.64685058593750E-0002 
 2.59000000000000E+0002 -2.62451171875000E-0002 -2.99072265625000E-0002 
 2.59500000000000E+0002 -1.38854980468750E-0002 -2.83203125000000E-0002 
 2.60000000000000E+0002 -9.61303710937500E-0003 -3.18298339843750E-0002 
 2.60500000000000E+0002 -1.20544433593750E-0002 -3.53088378906250E-0002 
 2.61000000000000E+0002 -1.21459960937500E-0002 -3.54003906250000E-0002 
 2.61500000000000E+0002 -8.17871093750000E-0003 -3.64379882812500E-0002 
 2.62000000000000E+0002 -6.77490234375000E-0003 -3.76281738281250E-0002 
 2.62500000000000E+0002 -8.66699218750000E-0003 -3.52172851562500E-0002 
 2.63000000000000E+0002 -8.54492187500000E-0003 -2.92968750000000E-0002 
 2.63500000000000E+0002 -5.27954101562500E-0003 -2.58483886718750E-0002 
 2.64000000000000E+0002 -4.42504882812500E-0003 -2.78625488281250E-0002 
 2.64500000000000E+0002 -9.24682617187500E-0003 -2.95715332031250E-0002 
 2.65000000000000E+0002 -1.34277343750000E-0002 -2.73742675781250E-0002 
 2.65500000000000E+0002 -1.52282714843750E-0002 -2.55432128906250E-0002 
 2.66000000000000E+0002 -1.93481445312500E-0002 -2.44750976562500E-0002 
 2.66500000000000E+0002 -2.65197753906250E-0002 -1.89819335937500E-0002 
 2.67000000000000E+0002 -3.12805175781250E-0002 -1.03454589843750E-0002 
 2.67500000000000E+0002 -3.27453613281250E-0002 -2.04467773437500E-0003 
 2.68000000000000E+0002 -3.10974121093750E-0002  5.79833984375000E-0003 
 2.68500000000000E+0002 -2.72827148437500E-0002  1.25427246093750E-0002 
 2.69000000000000E+0002 -2.18811035156250E-0002  1.41601562500000E-0002 
 2.69500000000000E+0002 -1.57470703125000E-0002  6.68334960937500E-0003 
 2.70000000000000E+0002 -9.97924804687500E-0003 -6.22558593750000E-0003 
 2.70500000000000E+0002 -6.98852539062500E-0003 -1.93481445312500E-0002 
 2.71000000000000E+0002 -9.18579101562500E-0003 -2.77404785156250E-0002 
 2.71500000000000E+0002 -1.26037597656250E-0002 -2.86254882812500E-0002 
 2.72000000000000E+0002 -1.28784179687500E-0002 -2.50854492187500E-0002 
 2.72500000000000E+0002 -1.27868652343750E-0002 -2.31018066406250E-0002 
 2.73000000000000E+0002 -1.59301757812500E-0002 -2.15759277343750E-0002 
 2.73500000000000E+0002 -2.09350585937500E-0002 -1.98364257812500E-0002 
 2.74000000000000E+0002 -2.41394042968750E-0002 -1.93786621093750E-0002 
 2.74500000000000E+0002 -2.50549316406250E-0002 -2.28271484375000E-0002 
 2.75000000000000E+0002 -2.68554687500000E-0002 -2.63061523437500E-0002 
 2.75500000000000E+0002 -3.20434570312500E-0002 -2.40478515625000E-0002 
 2.76000000000000E+0002 -3.58276367187500E-0002 -2.15148925781250E-0002 
 2.76500000000000E+0002 -3.64074707031250E-0002 -2.46276855468750E-0002 
 2.77000000000000E+0002 -3.43322753906250E-0002 -2.96020507812500E-0002 
 2.77500000000000E+0002 -3.36303710937500E-0002 -3.14025878906250E-0002 
 2.78000000000000E+0002 -3.43322753906250E-0002 -3.33862304687500E-0002 
 2.78500000000000E+0002 -3.39660644531250E-0002 -3.65905761718750E-0002 
 2.79000000000000E+0002 -3.06396484375000E-0002 -3.82690429687500E-0002 
 2.79500000000000E+0002 -2.45361328125000E-0002 -4.18090820312500E-0002 
 2.80000000000000E+0002 -2.04162597656250E-0002 -4.90417480468750E-0002 
 2.80500000000000E+0002 -1.90429687500000E-0002 -5.32836914062500E-0002 
 2.81000000000000E+0002 -1.63879394531250E-0002 -4.91638183593750E-0002 
 2.81500000000000E+0002 -1.93176269531250E-0002 -4.08630371093750E-0002 
 2.82000000000000E+0002 -3.14636230468750E-0002 -2.97241210937500E-0002 
 2.82500000000000E+0002 -4.41589355468750E-0002 -1.89208984375000E-0002 
 2.83000000000000E+0002 -5.08422851562500E-0002 -1.40991210937500E-0002 
 2.83500000000000E+0002 -5.29785156250000E-0002 -1.79138183593750E-0002 
 2.84000000000000E+0002 -5.17578125000000E-0002 -2.63061523437500E-0002 
 2.84500000000000E+0002 -4.35180664062500E-0002 -3.45153808593750E-0002 
 2.85000000000000E+0002 -2.71606445312500E-0002 -3.97644042968750E-0002 
 2.85500000000000E+0002 -1.03454589843750E-0002 -4.17785644531250E-0002 
 2.86000000000000E+0002 -2.77709960937500E-0003 -3.88793945312500E-0002 
 2.86500000000000E+0002 -1.61743164062500E-0003 -2.95410156250000E-0002 
 2.87000000000000E+0002  1.92260742187500E-0003 -1.81884765625000E-0002 
 2.87500000000000E+0002  7.38525390625000E-0003 -1.31225585937500E-0002 
 2.88000000000000E+0002  5.67626953125000E-0003 -1.81579589843750E-0002 
 2.88500000000000E+0002 -4.08935546875000E-0003 -2.58483886718750E-0002 
 2.89000000000000E+0002 -1.34887695312500E-0002 -2.94189453125000E-0002 
 2.89500000000000E+0002 -1.58691406250000E-0002 -3.13720703125000E-0002 
 2.90000000000000E+0002 -1.77917480468750E-0002 -3.32336425781250E-0002 
 2.90500000000000E+0002 -2.26745605468750E-0002 -3.15246582031250E-0002 
 2.91000000000000E+0002 -2.84423828125000E-0002 -2.55126953125000E-0002 
 2.91500000000000E+0002 -3.24096679687500E-0002 -1.94396972656250E-0002 
 2.92000000000000E+0002 -3.34472656250000E-0002 -2.00195312500000E-0002 
 2.92500000000000E+0002 -3.40881347656250E-0002 -2.48718261718750E-0002 
 2.93000000000000E+0002 -3.25622558593750E-0002 -2.74353027343750E-0002 
 2.93500000000000E+0002 -2.58483886718750E-0002 -2.79235839843750E-0002 
 2.94000000000000E+0002 -1.69067382812500E-0002 -2.89001464843750E-0002 
 2.94500000000000E+0002 -1.02844238281250E-0002 -2.63671875000000E-0002 
 2.95000000000000E+0002 -1.01318359375000E-0002 -1.99584960937500E-0002 
 2.95500000000000E+0002 -1.60522460937500E-0002 -1.43432617187500E-0002 
 2.96000000000000E+0002 -2.65808105468750E-0002 -1.56555175781250E-0002 
 2.96500000000000E+0002 -3.86047363281250E-0002 -2.08129882812500E-0002 
 2.97000000000000E+0002 -4.86145019531250E-0002 -2.46887207031250E-0002 
 2.97500000000000E+0002 -5.44738769531250E-0002 -2.97546386718750E-0002 
 2.98000000000000E+0002 -5.56945800781250E-0002 -3.96423339843750E-0002 
 2.98500000000000E+0002 -5.45959472656250E-0002 -4.75158691406250E-0002 
 2.99000000000000E+0002 -5.30090332031250E-0002 -4.67834472656250E-0002 
 2.99500000000000E+0002 -5.03540039062500E-0002 -4.04968261718750E-0002 
 3.00000000000000E+0002 -4.45556640625000E-0002 -3.21960449218750E-0002 
 3.00500000000000E+0002 -3.36914062500000E-0002 -2.42004394531250E-0002 
 3.01000000000000E+0002 -2.23083496093750E-0002 -1.75476074218750E-0002 
 3.01500000000000E+0002 -1.41601562500000E-0002 -1.30004882812500E-0002 
 3.02000000000000E+0002 -9.30786132812500E-0003 -1.34277343750000E-0002 
 3.02500000000000E+0002 -1.09863281250000E-0002 -1.73950195312500E-0002 
 3.03000000000000E+0002 -1.91650390625000E-0002 -2.05383300781250E-0002 
 3.03500000000000E+0002 -3.19519042968750E-0002 -2.18811035156250E-0002 
 3.04000000000000E+0002 -4.73632812500000E-0002 -2.19116210937500E-0002 
 3.04500000000000E+0002 -5.87463378906250E-0002 -2.27661132812500E-0002 
 3.05000000000000E+0002 -6.30187988281250E-0002 -2.16979980468750E-0002 
 3.05500000000000E+0002 -5.91735839843750E-0002 -1.73950195312500E-0002 
 3.06000000000000E+0002 -5.06286621093750E-0002 -1.45263671875000E-0002 
 3.06500000000000E+0002 -4.11376953125000E-0002 -1.21154785156250E-0002 
 3.07000000000000E+0002 -3.14025878906250E-0002 -8.02612304687500E-0003 
 3.07500000000000E+0002 -2.42614746093750E-0002 -3.87573242187500E-0003 
 3.08000000000000E+0002 -2.38342285156250E-0002 -3.87573242187500E-0003 
 3.08500000000000E+0002 -2.64282226562500E-0002 -7.08007812500000E-0003 
 3.09000000000000E+0002 -2.43835449218750E-0002 -1.32751464843750E-0002 
 3.09500000000000E+0002 -1.85852050781250E-0002 -2.11181640625000E-0002 
 3.10000000000000E+0002 -1.39770507812500E-0002 -2.76794433593750E-0002 
 3.10500000000000E+0002 -1.25122070312500E-0002 -3.25622558593750E-0002 
 3.11000000000000E+0002 -1.17492675781250E-0002 -3.78112792968750E-0002 
 3.11500000000000E+0002 -1.12915039062500E-0002 -4.08325195312500E-0002 
 3.12000000000000E+0002 -1.15966796875000E-0002 -4.05578613281250E-0002 
 3.12500000000000E+0002 -9.33837890625000E-0003 -4.23889160156250E-0002 
 3.13000000000000E+0002 -6.10351562500000E-0003 -4.98657226562500E-0002 
 3.13500000000000E+0002 -1.95312500000000E-0003 -5.55419921875000E-0002 
 3.14000000000000E+0002  5.21850585937500E-0003 -5.51757812500000E-0002 
 3.14500000000000E+0002  1.36413574218750E-0002 -5.40771484375000E-0002 
 3.15000000000000E+0002  1.57470703125000E-0002 -5.47180175781250E-0002 
 3.15500000000000E+0002  1.00402832031250E-0002 -5.28869628906250E-0002 
 3.16000000000000E+0002  8.23974609375000E-0004 -4.68139648437500E-0002 
 3.16500000000000E+0002 -9.76562500000000E-0003 -4.39758300781250E-0002 
 3.17000000000000E+0002 -2.55126953125000E-0002 -4.35180664062500E-0002 
 3.17500000000000E+0002 -4.33349609375000E-0002 -4.08630371093750E-0002 
 3.18000000000000E+0002 -5.72204589843750E-0002 -3.71398925781250E-0002 
 3.18500000000000E+0002 -6.29577636718750E-0002 -3.30810546875000E-0002 
 3.19000000000000E+0002 -6.17065429687500E-0002 -3.16772460937500E-0002 
 3.19500000000000E+0002 -5.74035644531250E-0002 -2.96630859375000E-0002 
 3.20000000000000E+0002 -4.94995117187500E-0002 -2.75573730468750E-0002 
 3.20500000000000E+0002 -4.36706542968750E-0002 -2.80456542968750E-0002 
 3.21000000000000E+0002 -4.30297851562500E-0002 -2.65502929687500E-0002 
 3.21500000000000E+0002 -4.51660156250000E-0002 -2.13928222656250E-0002 
 3.22000000000000E+0002 -4.58679199218750E-0002 -1.63574218750000E-0002 
 3.22500000000000E+0002 -4.49523925781250E-0002 -1.58996582031250E-0002 
 3.23000000000000E+0002 -4.38232421875000E-0002 -1.85852050781250E-0002 
 3.23500000000000E+0002 -4.25415039062500E-0002 -2.18505859375000E-0002 
 3.24000000000000E+0002 -3.86352539062500E-0002 -2.74963378906250E-0002 
 3.24500000000000E+0002 -3.47595214843750E-0002 -3.41186523437500E-0002 
 3.25000000000000E+0002 -3.39050292968750E-0002 -3.95812988281250E-0002 
 3.25500000000000E+0002 -3.62854003906250E-0002 -4.19921875000000E-0002 
 3.26000000000000E+0002 -3.74145507812500E-0002 -4.36706542968750E-0002 
 3.26500000000000E+0002 -3.64074707031250E-0002 -4.71801757812500E-0002 
 3.27000000000000E+0002 -3.55834960937500E-0002 -5.37719726562500E-0002 
 3.27500000000000E+0002 -3.68347167968750E-0002 -6.24694824218750E-0002 
 3.28000000000000E+0002 -3.97644042968750E-0002 -7.05261230468750E-0002 
 3.28500000000000E+0002 -4.31518554687500E-0002 -7.56835937500000E-0002 
 3.29000000000000E+0002 -4.73327636718750E-0002 -7.50732421875000E-0002 
 3.29500000000000E+0002 -5.12084960937500E-0002 -6.77185058593750E-0002 
 3.30000000000000E+0002 -5.45959472656250E-0002 -5.51757812500000E-0002 
 3.30500000000000E+0002 -5.41076660156250E-0002 -4.07714843750000E-0002 
 3.31000000000000E+0002 -4.74548339843750E-0002 -2.78625488281250E-0002 
 3.31500000000000E+0002 -3.72314453125000E-0002 -2.09655761718750E-0002 
 3.32000000000000E+0002 -3.03955078125000E-0002 -1.86462402343750E-0002 
 3.32500000000000E+0002 -2.93579101562500E-0002 -1.81579589843750E-0002 
 3.33000000000000E+0002 -3.25622558593750E-0002 -2.11181640625000E-0002 
 3.33500000000000E+0002 -4.01000976562500E-0002 -2.70385742187500E-0002 
 3.34000000000000E+0002 -5.01708984375000E-0002 -3.32946777343750E-0002 
 3.34500000000000E+0002 -5.93566894531250E-0002 -3.92761230468750E-0002 
 3.35000000000000E+0002 -6.77490234375000E-0002 -4.56848144531250E-0002 
 3.35500000000000E+0002 -7.32727050781250E-0002 -4.55322265625000E-0002 
 3.36000000000000E+0002 -7.26623535156250E-0002 -3.88488769531250E-0002 
 3.36500000000000E+0002 -6.90612792968750E-0002 -3.19824218750000E-0002 
 3.37000000000000E+0002 -6.45446777343750E-0002 -2.61840820312500E-0002 
 3.37500000000000E+0002 -5.51147460937500E-0002 -2.00805664062500E-0002 
 3.38000000000000E+0002 -3.96423339843750E-0002 -1.67541503906250E-0002 
 3.38500000000000E+0002 -2.32543945312500E-0002 -2.23999023437500E-0002 
 3.39000000000000E+0002 -1.02844238281250E-0002 -3.26843261718750E-0002 
 3.39500000000000E+0002  4.27246093750000E-0004 -3.87878417968750E-0002 
 3.40000000000000E+0002  5.70678710937500E-0003 -3.93981933593750E-0002 
 3.40500000000000E+0002  3.29589843750000E-0003 -3.47595214843750E-0002 
 3.41000000000000E+0002 -1.03759765625000E-0003 -2.61230468750000E-0002 
 3.41500000000000E+0002 -4.42504882812500E-0003 -1.64794921875000E-0002 
 3.42000000000000E+0002 -7.75146484375000E-0003 -1.14746093750000E-0002 
 3.42500000000000E+0002 -1.37023925781250E-0002 -1.25122070312500E-0002 
 3.43000000000000E+0002 -2.06604003906250E-0002 -1.73950195312500E-0002 
 3.43500000000000E+0002 -2.45971679687500E-0002 -2.51770019531250E-0002 
 3.44000000000000E+0002 -2.60620117187500E-0002 -3.47290039062500E-0002 
 3.44500000000000E+0002 -3.03955078125000E-0002 -4.21752929687500E-0002 
 3.45000000000000E+0002 -3.95507812500000E-0002 -3.95812988281250E-0002 
 3.45500000000000E+0002 -4.54101562500000E-0002 -2.73742675781250E-0002 
 3.46000000000000E+0002 -4.52575683593750E-0002 -1.66625976562500E-0002 
 3.46500000000000E+0002 -4.38842773437500E-0002 -1.37023925781250E-0002 
 3.47000000000000E+0002 -4.63867187500000E-0002 -1.78222656250000E-0002 
 3.47500000000000E+0002 -4.99877929687500E-0002 -2.76794433593750E-0002 
 3.48000000000000E+0002 -5.02319335937500E-0002 -4.23583984375000E-0002 
 3.48500000000000E+0002 -4.58374023437500E-0002 -5.79833984375000E-0002 
 3.49000000000000E+0002 -4.22058105468750E-0002 -6.77185058593750E-0002 
 3.49500000000000E+0002 -4.22058105468750E-0002 -6.73217773437500E-0002 
 3.50000000000000E+0002 -4.10156250000000E-0002 -5.75561523437500E-0002 
 3.50500000000000E+0002 -3.67736816406250E-0002 -4.64782714843750E-0002 
 3.51000000000000E+0002 -3.35998535156250E-0002 -3.90930175781250E-0002 
 3.51500000000000E+0002 -3.30200195312500E-0002 -3.36608886718750E-0002 
 3.52000000000000E+0002 -3.10058593750000E-0002 -2.99987792968750E-0002 
 3.52500000000000E+0002 -2.61230468750000E-0002 -2.83508300781250E-0002 
 3.53000000000000E+0002 -2.13928222656250E-0002 -2.87475585937500E-0002 
 3.53500000000000E+0002 -1.87683105468750E-0002 -2.96630859375000E-0002 
 3.54000000000000E+0002 -1.73339843750000E-0002 -2.98156738281250E-0002 
 3.54500000000000E+0002 -2.02331542968750E-0002 -2.98461914062500E-0002 
 3.55000000000000E+0002 -2.47192382812500E-0002 -2.76489257812500E-0002 
 3.55500000000000E+0002 -2.46276855468750E-0002 -2.29187011718750E-0002 
 3.56000000000000E+0002 -2.14538574218750E-0002 -1.91345214843750E-0002 
 3.56500000000000E+0002 -1.89819335937500E-0002 -1.69372558593750E-0002 
 3.57000000000000E+0002 -1.96533203125000E-0002 -1.65405273437500E-0002 
 3.57500000000000E+0002 -2.41699218750000E-0002 -1.96228027343750E-0002 
 3.58000000000000E+0002 -3.34167480468750E-0002 -2.29187011718750E-0002 
 3.58500000000000E+0002 -4.52270507812500E-0002 -2.45056152343750E-0002 
 3.59000000000000E+0002 -5.34057617187500E-0002 -2.27355957031250E-0002 
 3.59500000000000E+0002 -5.76782226562500E-0002 -2.23388671875000E-0002 
 3.60000000000000E+0002 -6.08825683593750E-0002 -2.32543945312500E-0002 
 3.60500000000000E+0002 -6.03942871093750E-0002 -1.96838378906250E-0002 
 3.61000000000000E+0002 -5.44128417968750E-0002 -1.35192871093750E-0002 
 3.61500000000000E+0002 -4.58068847656250E-0002 -1.02233886718750E-0002 
 3.62000000000000E+0002 -4.03747558593750E-0002 -9.15527343750000E-0003 
 3.62500000000000E+0002 -3.72619628906250E-0002 -7.99560546875000E-0003 
 3.63000000000000E+0002 -3.39355468750000E-0002 -6.95800781250000E-0003 
 3.63500000000000E+0002 -3.06396484375000E-0002 -1.34887695312500E-0002 
 3.64000000000000E+0002 -3.20129394531250E-0002 -2.67333984375000E-0002 
 3.64500000000000E+0002 -4.08325195312500E-0002 -3.86047363281250E-0002 
 3.65000000000000E+0002 -5.13305664062500E-0002 -4.57458496093750E-0002 
 3.65500000000000E+0002 -5.55114746093750E-0002 -4.80041503906250E-0002 
 3.66000000000000E+0002 -5.31311035156250E-0002 -4.79736328125000E-0002 
 3.66500000000000E+0002 -4.98046875000000E-0002 -4.57763671875000E-0002 
 3.67000000000000E+0002 -4.51965332031250E-0002 -4.17175292968750E-0002 
 3.67500000000000E+0002 -3.66821289062500E-0002 -3.77502441406250E-0002 
 3.68000000000000E+0002 -2.44445800781250E-0002 -3.44238281250000E-0002 
 3.68500000000000E+0002 -1.29089355468750E-0002 -3.25317382812500E-0002 
 3.69000000000000E+0002 -5.88989257812500E-0003 -3.08532714843750E-0002 
 3.69500000000000E+0002 -2.62451171875000E-0003 -2.85339355468750E-0002 
 3.70000000000000E+0002 -2.25830078125000E-0003 -2.66418457031250E-0002 
 3.70500000000000E+0002 -4.60815429687500E-0003 -2.40478515625000E-0002 
 3.71000000000000E+0002 -8.81958007812500E-0003 -2.13317871093750E-0002 
 3.71500000000000E+0002 -1.62353515625000E-0002 -1.94091796875000E-0002 
 3.72000000000000E+0002 -2.40783691406250E-0002 -1.84631347656250E-0002 
 3.72500000000000E+0002 -2.91442871093750E-0002 -1.64794921875000E-0002 
 3.73000000000000E+0002 -3.07617187500000E-0002 -1.41601562500000E-0002 
 3.73500000000000E+0002 -3.30505371093750E-0002 -1.52282714843750E-0002 
 3.74000000000000E+0002 -3.43017578125000E-0002 -1.73645019531250E-0002 
 3.74500000000000E+0002 -3.24707031250000E-0002 -2.13928222656250E-0002 
 3.75000000000000E+0002 -2.89611816406250E-0002 -2.69165039062500E-0002 
 3.75500000000000E+0002 -2.25524902343750E-0002 -3.14025878906250E-0002 
 3.76000000000000E+0002 -1.22680664062500E-0002 -3.83605957031250E-0002 
 3.76500000000000E+0002 -2.65502929687500E-0003 -4.88586425781250E-0002 
 3.77000000000000E+0002  1.03759765625000E-0003 -6.00585937500000E-0002 
 3.77500000000000E+0002  1.31225585937500E-0003 -6.44836425781250E-0002 
 3.78000000000000E+0002  2.50244140625000E-0003 -6.54296875000000E-0002 
 3.78500000000000E+0002 -5.49316406250000E-0004 -6.78710937500000E-0002 
 3.79000000000000E+0002 -8.05664062500000E-0003 -6.45141601562500E-0002 
 3.79500000000000E+0002 -1.15356445312500E-0002 -4.90417480468750E-0002 
 3.80000000000000E+0002 -7.96508789062500E-0003 -3.04565429687500E-0002 
 3.80500000000000E+0002 -5.49316406250000E-0003 -1.73034667968750E-0002 
 3.81000000000000E+0002 -8.27026367187500E-0003 -8.05664062500000E-0003 
 3.81500000000000E+0002 -1.15966796875000E-0002 -2.65502929687500E-0003 
 3.82000000000000E+0002 -1.74865722656250E-0002 -7.87353515625000E-0003 
 3.82500000000000E+0002 -3.17993164062500E-0002 -2.58483886718750E-0002 
 3.83000000000000E+0002 -4.99267578125000E-0002 -4.52575683593750E-0002 
 3.83500000000000E+0002 -6.17370605468750E-0002 -5.76171875000000E-0002 
 3.84000000000000E+0002 -6.83593750000000E-0002 -6.32629394531250E-0002 
 3.84500000000000E+0002 -7.15942382812500E-0002 -5.95397949218750E-0002 
 3.85000000000000E+0002 -6.72607421875000E-0002 -4.64172363281250E-0002 
 3.85500000000000E+0002 -5.54199218750000E-0002 -2.89916992187500E-0002 
 3.86000000000000E+0002 -4.26940917968750E-0002 -1.43432617187500E-0002 
 3.86500000000000E+0002 -3.75976562500000E-0002 -6.22558593750000E-0003 
 3.87000000000000E+0002 -3.68347167968750E-0002 -8.23974609375000E-0004 
 3.87500000000000E+0002 -3.25927734375000E-0002  1.70898437500000E-0003 
 3.88000000000000E+0002 -2.36206054687500E-0002  1.06811523437500E-0003 
 3.88500000000000E+0002 -1.41296386718750E-0002 -1.92260742187500E-0003 
 3.89000000000000E+0002 -7.23266601562500E-0003 -6.56127929687500E-0003 
 3.89500000000000E+0002 -6.10351562500000E-0004 -1.24206542968750E-0002 
 3.90000000000000E+0002  2.99072265625000E-0003 -2.09350585937500E-0002 
 3.90500000000000E+0002 -1.06811523437500E-0003 -2.94494628906250E-0002 
 3.91000000000000E+0002 -1.21765136718750E-0002 -3.32641601562500E-0002 
 3.91500000000000E+0002 -2.14538574218750E-0002 -3.26843261718750E-0002 
 3.92000000000000E+0002 -2.52990722656250E-0002 -2.99377441406250E-0002 
 3.92500000000000E+0002 -2.57568359375000E-0002 -2.57263183593750E-0002 
 3.93000000000000E+0002 -2.18505859375000E-0002 -1.86462402343750E-0002 
 3.93500000000000E+0002 -1.29089355468750E-0002 -1.27258300781250E-0002 
 3.94000000000000E+0002 -6.95800781250000E-0003 -1.22680664062500E-0002 
 3.94500000000000E+0002 -1.03454589843750E-0002 -1.49841308593750E-0002 
 3.95000000000000E+0002 -1.64794921875000E-0002 -1.61743164062500E-0002 
 3.95500000000000E+0002 -1.91040039062500E-0002 -1.62048339843750E-0002 
 3.96000000000000E+0002 -2.16369628906250E-0002 -1.86767578125000E-0002 
 3.96500000000000E+0002 -2.53906250000000E-0002 -2.35290527343750E-0002 
 3.97000000000000E+0002 -2.23083496093750E-0002 -2.92968750000000E-0002 
 3.97500000000000E+0002 -1.29089355468750E-0002 -3.57971191406250E-0002 
 3.98000000000000E+0002 -7.14111328125000E-0003 -3.87268066406250E-0002 
 3.98500000000000E+0002 -4.45556640625000E-0003 -3.73229980468750E-0002 
 3.99000000000000E+0002 -1.92260742187500E-0003 -3.45458984375000E-0002 
 3.99500000000000E+0002 -1.25122070312500E-0003 -2.79846191406250E-0002 
