 0.00000000000000E+0000  2.97211608886719E+0001 -4.03326416015625E+0000 
 5.00000000000000E-0001  3.53471984863281E+0001 -4.95135498046875E+0000 
 1.00000000000000E+0000  3.80725708007813E+0001 -5.52642822265625E+0000 
 1.50000000000000E+0000  3.81098937988281E+0001 -5.73721313476563E+0000 
 2.00000000000000E+0000  3.74670715332031E+0001 -5.80392456054688E+0000 
 2.50000000000000E+0000  3.67058105468750E+0001 -5.80596923828125E+0000 
 3.00000000000000E+0000  3.59084777832031E+0001 -5.77047729492188E+0000 
 3.50000000000000E+0000  3.51379699707031E+0001 -5.73217773437500E+0000 
 4.00000000000000E+0000  3.44101867675781E+0001 -5.70651245117188E+0000 
 4.50000000000000E+0000  3.37058105468750E+0001 -5.67565917968750E+0000 
 5.00000000000000E+0000  3.30089721679688E+0001 -5.62252807617188E+0000 
 5.50000000000000E+0000  3.22951049804688E+0001 -5.55780029296875E+0000 
 6.00000000000000E+0000  3.15359802246094E+0001 -5.48654174804688E+0000 
 6.50000000000000E+0000  3.07392272949219E+0001 -5.41979980468750E+0000 
 7.00000000000000E+0000  2.99239196777344E+0001 -5.38201904296875E+0000 
 7.50000000000000E+0000  2.90953979492188E+0001 -5.37728881835938E+0000 
 8.00000000000000E+0000  2.82414245605469E+0001 -5.39361572265625E+0000 
 8.50000000000000E+0000  2.73422546386719E+0001 -5.42230224609375E+0000 
 9.00000000000000E+0000  2.63799133300781E+0001 -5.45574951171875E+0000 
 9.50000000000000E+0000  2.53432312011719E+0001 -5.47695922851563E+0000 
 1.00000000000000E+0001  2.42349853515625E+0001 -5.46676635742188E+0000 
 1.05000000000000E+0001  2.30848999023438E+0001 -5.41546630859375E+0000 
 1.10000000000000E+0001  2.19279174804688E+0001 -5.32196044921875E+0000 
 1.15000000000000E+0001  2.08007202148438E+0001 -5.18243408203125E+0000 
 1.20000000000000E+0001  1.97354736328125E+0001 -5.00256347656250E+0000 
 1.25000000000000E+0001  1.87435913085938E+0001 -4.78958129882813E+0000 
 1.30000000000000E+0001  1.78136291503906E+0001 -4.55691528320313E+0000 
 1.35000000000000E+0001  1.69203491210938E+0001 -4.32589721679688E+0000 
 1.40000000000000E+0001  1.60427856445313E+0001 -4.10861206054688E+0000 
 1.45000000000000E+0001  1.51758728027343E+0001 -3.90286254882813E+0000 
 1.50000000000000E+0001  1.43259277343750E+0001 -3.71282958984375E+0000 
 1.55000000000000E+0001  1.35016784667968E+0001 -3.55044555664063E+0000 
 1.60000000000000E+0001  1.27063598632812E+0001 -3.40963745117188E+0000 
 1.65000000000000E+0001  1.19428405761718E+0001 -3.27218627929688E+0000 
 1.70000000000000E+0001  1.12147216796875E+0001 -3.13278198242188E+0000 
 1.75000000000000E+0001  1.05116577148437E+0001 -2.99877929687500E+0000 
 1.80000000000000E+0001  9.80596923828125E+0000 -2.85745239257813E+0000 
 1.85000000000000E+0001  9.08633422851563E+0000 -2.68792724609375E+0000 
 1.90000000000000E+0001  8.36547851562500E+0000 -2.49850463867188E+0000 
 1.95000000000000E+0001  7.65927124023438E+0000 -2.30804443359375E+0000 
 2.00000000000000E+0001  6.97631835937500E+0000 -2.12396240234375E+0000 
 2.05000000000000E+0001  6.32669067382813E+0000 -1.94967651367188E+0000 
 2.10000000000000E+0001  5.73275756835938E+0000 -1.78555297851563E+0000 
 2.15000000000000E+0001  5.20135498046875E+0000 -1.62722778320313E+0000 
 2.20000000000000E+0001  4.72723388671875E+0000 -1.46081542968750E+0000 
 2.25000000000000E+0001  4.31015014648438E+0000 -1.28656005859375E+0000 
 2.30000000000000E+0001  3.94552612304688E+0000 -1.11187744140625E+0000 
 2.35000000000000E+0001  3.62704467773438E+0000 -9.37377929687500E-0001 
 2.40000000000000E+0001  3.34512329101563E+0000 -7.80761718750000E-0001 
 2.45000000000000E+0001  3.08392333984375E+0000 -6.65222167968750E-0001 
 2.50000000000000E+0001  2.83386230468750E+0000 -5.90698242187500E-0001 
 2.55000000000000E+0001  2.59542846679688E+0000 -5.40039062500000E-0001 
 2.60000000000000E+0001  2.37252807617188E+0000 -4.99481201171875E-0001 
 2.65000000000000E+0001  2.16439819335938E+0000 -4.63012695312500E-0001 
 2.70000000000000E+0001  1.96920776367188E+0000 -4.23492431640625E-0001 
 2.75000000000000E+0001  1.79141235351563E+0000 -3.78540039062500E-0001 
 2.80000000000000E+0001  1.63409423828125E+0000 -3.34411621093750E-0001 
 2.85000000000000E+0001  1.48989868164063E+0000 -2.98675537109375E-0001 
 2.90000000000000E+0001  1.35214233398438E+0000 -2.72766113281250E-0001 
 2.95000000000000E+0001  1.22518920898438E+0000 -2.50122070312500E-0001 
 3.00000000000000E+0001  1.11654663085938E+0000 -2.17926025390625E-0001 
 3.05000000000000E+0001  1.03155517578125E+0000 -1.66412353515625E-0001 
 3.10000000000000E+0001  9.71679687500000E-0001 -1.00036621093750E-0001 
 3.15000000000000E+0001  9.38446044921875E-0001 -2.24609375000000E-0002 
 3.20000000000000E+0001  9.33349609375000E-0001  6.39648437500000E-0002 
 3.25000000000000E+0001  9.51904296875000E-0001  1.45965576171875E-0001 
 3.30000000000000E+0001  9.77844238281250E-0001  2.05474853515625E-0001 
 3.35000000000000E+0001  1.00341796875000E+0000  2.43469238281250E-0001 
 3.40000000000000E+0001  1.03036499023438E+0000  2.69317626953125E-0001 
 3.45000000000000E+0001  1.05780029296875E+0000  2.79602050781250E-0001 
 3.50000000000000E+0001  1.08078002929688E+0000  2.71423339843750E-0001 
 3.55000000000000E+0001  1.10104370117188E+0000  2.51098632812500E-0001 
 3.60000000000000E+0001  1.12127685546875E+0000  2.23022460937500E-0001 
 3.65000000000000E+0001  1.13845825195313E+0000  1.88110351562500E-0001 
 3.70000000000000E+0001  1.15084838867188E+0000  1.47705078125000E-0001 
 3.75000000000000E+0001  1.16098022460938E+0000  1.13952636718750E-0001 
 3.80000000000000E+0001  1.16735839843750E+0000  9.12170410156250E-0002 
 3.85000000000000E+0001  1.16842651367188E+0000  8.07800292968750E-0002 
 3.90000000000000E+0001  1.17059326171875E+0000  8.27331542968750E-0002 
 3.95000000000000E+0001  1.18099975585938E+0000  9.07287597656250E-0002 
 4.00000000000000E+0001  1.19696044921875E+0000  9.98535156250000E-0002 
 4.05000000000000E+0001  1.21539306640625E+0000  1.10198974609375E-0001 
 4.10000000000000E+0001  1.24111938476563E+0000  1.24969482421875E-0001 
 4.15000000000000E+0001  1.28161621093750E+0000  1.41876220703125E-0001 
 4.20000000000000E+0001  1.33596801757813E+0000  1.55700683593750E-0001 
 4.25000000000000E+0001  1.39874267578125E+0000  1.66473388671875E-0001 
 4.30000000000000E+0001  1.46942138671875E+0000  1.70532226562500E-0001 
 4.35000000000000E+0001  1.54522705078125E+0000  1.60827636718750E-0001 
 4.40000000000000E+0001  1.61389160156250E+0000  1.38427734375000E-0001 
 4.45000000000000E+0001  1.66778564453125E+0000  1.12213134765625E-0001 
 4.50000000000000E+0001  1.70800781250000E+0000  8.81042480468750E-0002 
 4.55000000000000E+0001  1.73815917968750E+0000  6.72302246093750E-0002 
 4.60000000000000E+0001  1.75622558593750E+0000  5.20935058593750E-0002 
 4.65000000000000E+0001  1.76824951171875E+0000  4.52880859375000E-0002 
 4.70000000000000E+0001  1.77990722656250E+0000  4.20837402343750E-0002 
 4.75000000000000E+0001  1.78979492187500E+0000  3.61022949218750E-0002 
 4.80000000000000E+0001  1.79547119140625E+0000  2.76489257812500E-0002 
 4.85000000000000E+0001  1.79669189453125E+0000  1.62048339843750E-0002 
 4.90000000000000E+0001  1.79391479492188E+0000 -7.01904296875000E-0004 
 4.95000000000000E+0001  1.78610229492188E+0000 -2.11486816406250E-0002 
 5.00000000000000E+0001  1.77792358398438E+0000 -3.80554199218750E-0002 
 5.05000000000000E+0001  1.77487182617188E+0000 -5.01098632812500E-0002 
 5.10000000000000E+0001  1.77752685546875E+0000 -5.78613281250000E-0002 
 5.15000000000000E+0001  1.78704833984375E+0000 -6.21337890625000E-0002 
 5.20000000000000E+0001  1.80062866210938E+0000 -6.17980957031250E-0002 
 5.25000000000000E+0001  1.81271362304688E+0000 -6.02722167968750E-0002 
 5.30000000000000E+0001  1.81982421875000E+0000 -5.95092773437500E-0002 
 5.35000000000000E+0001  1.82183837890625E+0000 -6.25305175781250E-0002 
 5.40000000000000E+0001  1.81790161132813E+0000 -6.88781738281250E-0002 
 5.45000000000000E+0001  1.80792236328125E+0000 -7.99865722656250E-0002 
 5.50000000000000E+0001  1.79290771484375E+0000 -9.20715332031250E-0002 
 5.55000000000000E+0001  1.77969360351563E+0000 -9.93347167968750E-0002 
 5.60000000000000E+0001  1.76879882812500E+0000 -1.00708007812500E-0001 
 5.65000000000000E+0001  1.75778198242188E+0000 -9.79003906250000E-0002 
 5.70000000000000E+0001  1.74063110351563E+0000 -9.21630859375000E-0002 
 5.75000000000000E+0001  1.71749877929688E+0000 -8.22753906250000E-0002 
 5.80000000000000E+0001  1.69332885742188E+0000 -7.32421875000000E-0002 
 5.85000000000000E+0001  1.66921997070313E+0000 -6.86645507812500E-0002 
 5.90000000000000E+0001  1.64447021484375E+0000 -6.73522949218750E-0002 
 5.95000000000000E+0001  1.62252807617188E+0000 -6.65283203125000E-0002 
 6.00000000000000E+0001  1.61004638671875E+0000 -6.23168945312500E-0002 
 6.05000000000000E+0001  1.60910034179688E+0000 -5.05065917968750E-0002 
 6.10000000000000E+0001  1.61441040039063E+0000 -3.14941406250000E-0002 
 6.15000000000000E+0001  1.62179565429688E+0000 -1.18103027343750E-0002 
 6.20000000000000E+0001  1.62744140625000E+0000  2.41088867187500E-0003 
 6.25000000000000E+0001  1.62857055664063E+0000  7.75146484375000E-0003 
 6.30000000000000E+0001  1.62045288085938E+0000 -6.71386718750000E-0004 
 6.35000000000000E+0001  1.59799194335938E+0000 -2.30407714843750E-0002 
 6.40000000000000E+0001  1.56604003906250E+0000 -5.10253906250000E-0002 
 6.45000000000000E+0001  1.53091430664063E+0000 -7.62023925781250E-0002 
 6.50000000000000E+0001  1.49633789062500E+0000 -9.41467285156250E-0002 
 6.55000000000000E+0001  1.46365356445313E+0000 -1.00708007812500E-0001 
 6.60000000000000E+0001  1.43887329101563E+0000 -8.95690917968750E-0002 
 6.65000000000000E+0001  1.42611694335938E+0000 -6.73217773437500E-0002 
 6.70000000000000E+0001  1.42114257812500E+0000 -4.60510253906250E-0002 
 6.75000000000000E+0001  1.41793823242188E+0000 -3.15551757812500E-0002 
 6.80000000000000E+0001  1.41638183593750E+0000 -1.92565917968750E-0002 
 6.85000000000000E+0001  1.41455078125000E+0000 -7.75146484375000E-0003 
 6.90000000000000E+0001  1.41146850585938E+0000  7.62939453125000E-0004 
 6.95000000000000E+0001  1.40765380859375E+0000  6.92749023437500E-0003 
 7.00000000000000E+0001  1.40286254882813E+0000  1.09558105468750E-0002 
 7.05000000000000E+0001  1.39672851562500E+0000  1.22070312500000E-0002 
 7.10000000000000E+0001  1.38754272460938E+0000  8.69750976562500E-0003 
 7.15000000000000E+0001  1.37655639648438E+0000  1.43432617187500E-0003 
 7.20000000000000E+0001  1.36660766601563E+0000 -1.19628906250000E-0002 
 7.25000000000000E+0001  1.35467529296875E+0000 -3.39050292968750E-0002 
 7.30000000000000E+0001  1.33978271484375E+0000 -5.54199218750000E-0002 
 7.35000000000000E+0001  1.32754516601563E+0000 -6.60400390625000E-0002 
 7.40000000000000E+0001  1.32217407226563E+0000 -6.44226074218750E-0002 
 7.45000000000000E+0001  1.32205200195313E+0000 -5.68237304687500E-0002 
 7.50000000000000E+0001  1.31994628906250E+0000 -4.55017089843750E-0002 
 7.55000000000000E+0001  1.31698608398438E+0000 -2.76489257812500E-0002 
 7.60000000000000E+0001  1.31933593750000E+0000 -5.55419921875000E-0003 
 7.65000000000000E+0001  1.32394409179688E+0000  1.18713378906250E-0002 
 7.70000000000000E+0001  1.32421875000000E+0000  1.99890136718750E-0002 
 7.75000000000000E+0001  1.32128906250000E+0000  2.23999023437500E-0002 
 7.80000000000000E+0001  1.32073974609375E+0000  2.42919921875000E-0002 
 7.85000000000000E+0001  1.32446289062500E+0000  2.51770019531250E-0002 
 7.90000000000000E+0001  1.32708740234375E+0000  2.00500488281250E-0002 
 7.95000000000000E+0001  1.32827758789063E+0000  9.30786132812500E-0003 
 8.00000000000000E+0001  1.33312988281250E+0000  4.27246093750000E-0004 
 8.05000000000000E+0001  1.34130859375000E+0000 -6.46972656250000E-0003 
 8.10000000000000E+0001  1.34707641601563E+0000 -1.55639648437500E-0002 
 8.15000000000000E+0001  1.34664916992188E+0000 -2.68249511718750E-0002 
 8.20000000000000E+0001  1.34066772460938E+0000 -3.51562500000000E-0002 
 8.25000000000000E+0001  1.33328247070313E+0000 -4.04357910156250E-0002 
 8.30000000000000E+0001  1.32824707031250E+0000 -4.74243164062500E-0002 
 8.35000000000000E+0001  1.32598876953125E+0000 -5.49926757812500E-0002 
 8.40000000000000E+0001  1.32522583007813E+0000 -5.53894042968750E-0002 
 8.45000000000000E+0001  1.32458496093750E+0000 -4.76989746093750E-0002 
 8.50000000000000E+0001  1.32269287109375E+0000 -3.55529785156250E-0002 
 8.55000000000000E+0001  1.31909179687500E+0000 -2.34680175781250E-0002 
 8.60000000000000E+0001  1.31271362304688E+0000 -1.41601562500000E-0002 
 8.65000000000000E+0001  1.30462646484375E+0000 -9.94873046875000E-0003 
 8.70000000000000E+0001  1.29855346679688E+0000 -1.08642578125000E-0002 
 8.75000000000000E+0001  1.29589843750000E+0000 -1.54724121093750E-0002 
 8.80000000000000E+0001  1.29461669921875E+0000 -1.99890136718750E-0002 
 8.85000000000000E+0001  1.29064941406250E+0000 -1.90124511718750E-0002 
 8.90000000000000E+0001  1.28643798828125E+0000 -1.03149414062500E-0002 
 8.95000000000000E+0001  1.28341674804688E+0000  1.55639648437500E-0003 
 9.00000000000000E+0001  1.27905273437500E+0000  1.01013183593750E-0002 
 9.05000000000000E+0001  1.27551269531250E+0000  1.42211914062500E-0002 
 9.10000000000000E+0001  1.27740478515625E+0000  1.26953125000000E-0002 
 9.15000000000000E+0001  1.28475952148438E+0000  4.69970703125000E-0003 
 9.20000000000000E+0001  1.29077148437500E+0000 -9.55200195312500E-0003 
 9.25000000000000E+0001  1.29187011718750E+0000 -2.08740234375000E-0002 
 9.30000000000000E+0001  1.28759765625000E+0000 -2.15759277343750E-0002 
 9.35000000000000E+0001  1.28137207031250E+0000 -1.77307128906250E-0002 
 9.40000000000000E+0001  1.27304077148438E+0000 -1.64794921875000E-0002 
 9.45000000000000E+0001  1.26062011718750E+0000 -1.98974609375000E-0002 
 9.50000000000000E+0001  1.24319458007813E+0000 -2.08435058593750E-0002 
 9.55000000000000E+0001  1.22802734375000E+0000 -1.79138183593750E-0002 
 9.60000000000000E+0001  1.21853637695313E+0000 -1.60217285156250E-0002 
 9.65000000000000E+0001  1.21105957031250E+0000 -1.14746093750000E-0002 
 9.70000000000000E+0001  1.20681762695313E+0000 -1.22070312500000E-0003 
 9.75000000000000E+0001  1.20687866210938E+0000  1.28479003906250E-0002 
 9.80000000000000E+0001  1.21160888671875E+0000  2.20642089843750E-0002 
 9.85000000000000E+0001  1.21548461914063E+0000  2.01110839843750E-0002 
 9.90000000000000E+0001  1.22027587890625E+0000  1.07727050781250E-0002 
 9.95000000000000E+0001  1.22753906250000E+0000 -1.92260742187500E-0003 
 1.00000000000000E+0002  1.23214721679688E+0000 -1.39770507812500E-0002 
 1.00500000000000E+0002  1.23577880859375E+0000 -2.42919921875000E-0002 
 1.01000000000000E+0002  1.24108886718750E+0000 -3.40881347656250E-0002 
 1.01500000000000E+0002  1.24594116210938E+0000 -3.95812988281250E-0002 
 1.02000000000000E+0002  1.24670410156250E+0000 -4.11682128906250E-0002 
 1.02500000000000E+0002  1.24038696289063E+0000 -4.08325195312500E-0002 
 1.03000000000000E+0002  1.23150634765625E+0000 -3.89709472656250E-0002 
 1.03500000000000E+0002  1.22250366210938E+0000 -3.18298339843750E-0002 
 1.04000000000000E+0002  1.21118164062500E+0000 -1.82800292968750E-0002 
 1.04500000000000E+0002  1.19674682617188E+0000 -1.52587890625000E-0003 
 1.05000000000000E+0002  1.18243408203125E+0000  1.44348144531250E-0002 
 1.05500000000000E+0002  1.17187500000000E+0000  2.83508300781250E-0002 
 1.06000000000000E+0002  1.16464233398438E+0000  3.95202636718750E-0002 
 1.06500000000000E+0002  1.15954589843750E+0000  4.51049804687500E-0002 
 1.07000000000000E+0002  1.15872192382813E+0000  4.28161621093750E-0002 
 1.07500000000000E+0002  1.15820312500000E+0000  3.59191894531250E-0002 
 1.08000000000000E+0002  1.15408325195313E+0000  2.95104980468750E-0002 
 1.08500000000000E+0002  1.14892578125000E+0000  2.50244140625000E-0002 
 1.09000000000000E+0002  1.14428710937500E+0000  1.83105468750000E-0002 
 1.09500000000000E+0002  1.13989257812500E+0000  1.15661621093750E-0002 
 1.10000000000000E+0002  1.13961791992188E+0000  5.92041015625000E-0003 
 1.10500000000000E+0002  1.14706420898438E+0000 -2.07519531250000E-0003 
 1.11000000000000E+0002  1.15814208984375E+0000 -1.41296386718750E-0002 
 1.11500000000000E+0002  1.16394042968750E+0000 -2.38647460937500E-0002 
 1.12000000000000E+0002  1.16067504882813E+0000 -2.66113281250000E-0002 
 1.12500000000000E+0002  1.14840698242188E+0000 -2.37731933593750E-0002 
 1.13000000000000E+0002  1.13244628906250E+0000 -1.59301757812500E-0002 
 1.13500000000000E+0002  1.11877441406250E+0000 -4.63867187500000E-0003 
 1.14000000000000E+0002  1.11026000976563E+0000  5.95092773437500E-0003 
 1.14500000000000E+0002  1.10714721679688E+0000  1.29699707031250E-0002 
 1.15000000000000E+0002  1.10391235351563E+0000  1.78222656250000E-0002 
 1.15500000000000E+0002  1.09918212890625E+0000  2.35290527343750E-0002 
 1.16000000000000E+0002  1.09329223632813E+0000  3.07006835937500E-0002 
 1.16500000000000E+0002  1.08712768554688E+0000  3.68652343750000E-0002 
 1.17000000000000E+0002  1.07949829101563E+0000  4.13818359375000E-0002 
 1.17500000000000E+0002  1.07092285156250E+0000  4.38842773437500E-0002 
 1.18000000000000E+0002  1.06964111328125E+0000  4.20837402343750E-0002 
 1.18500000000000E+0002  1.07662963867188E+0000  3.17993164062500E-0002 
 1.19000000000000E+0002  1.08154296875000E+0000  1.60522460937500E-0002 
 1.19500000000000E+0002  1.08023071289063E+0000  4.30297851562500E-0003 
 1.20000000000000E+0002  1.07995605468750E+0000 -6.71386718750000E-0004 
 1.20500000000000E+0002  1.08358764648438E+0000 -2.96020507812500E-0003 
 1.21000000000000E+0002  1.08496093750000E+0000 -9.15527343750000E-0003 
 1.21500000000000E+0002  1.07717895507813E+0000 -1.66015625000000E-0002 
 1.22000000000000E+0002  1.06661987304688E+0000 -1.85852050781250E-0002 
 1.22500000000000E+0002  1.06335449218750E+0000 -1.74560546875000E-0002 
 1.23000000000000E+0002  1.06265258789063E+0000 -1.79138183593750E-0002 
 1.23500000000000E+0002  1.05770874023438E+0000 -1.67541503906250E-0002 
 1.24000000000000E+0002  1.05474853515625E+0000 -8.33129882812500E-0003 
 1.24500000000000E+0002  1.05975341796875E+0000  6.34765625000000E-0003 
 1.25000000000000E+0002  1.06671142578125E+0000  1.74560546875000E-0002 
 1.25500000000000E+0002  1.06637573242188E+0000  2.06298828125000E-0002 
 1.26000000000000E+0002  1.05975341796875E+0000  1.87683105468750E-0002 
 1.26500000000000E+0002  1.05242919921875E+0000  1.48620605468750E-0002 
 1.27000000000000E+0002  1.04415893554688E+0000  1.05285644531250E-0002 
 1.27500000000000E+0002  1.03369140625000E+0000  5.18798828125000E-0003 
 1.28000000000000E+0002  1.02239990234375E+0000  3.05175781250000E-0004 
 1.28500000000000E+0002  1.01190185546875E+0000  1.73950195312500E-0003 
 1.29000000000000E+0002  1.00765991210938E+0000  9.36889648437500E-0003 
 1.29500000000000E+0002  1.01062011718750E+0000  1.72119140625000E-0002 
 1.30000000000000E+0002  1.01199340820313E+0000  2.20947265625000E-0002 
 1.30500000000000E+0002  1.00994873046875E+0000  2.83813476562500E-0002 
 1.31000000000000E+0002  1.01245117187500E+0000  3.35998535156250E-0002 
 1.31500000000000E+0002  1.01950073242188E+0000  3.04565429687500E-0002 
 1.32000000000000E+0002  1.02398681640625E+0000  2.16674804687500E-0002 
 1.32500000000000E+0002  1.02578735351563E+0000  1.48315429687500E-0002 
 1.33000000000000E+0002  1.03042602539063E+0000  1.08032226562500E-0002 
 1.33500000000000E+0002  1.03659057617188E+0000  5.24902343750000E-0003 
 1.34000000000000E+0002  1.03594970703125E+0000  6.10351562500000E-0005 
 1.34500000000000E+0002  1.02581787109375E+0000 -2.44140625000000E-0004 
 1.35000000000000E+0002  1.01092529296875E+0000  4.79125976562500E-0003 
 1.35500000000000E+0002  9.97314453125000E-0001  1.36413574218750E-0002 
 1.36000000000000E+0002  9.87976074218750E-0001  2.15759277343750E-0002 
 1.36500000000000E+0002  9.80346679687500E-0001  2.48107910156250E-0002 
 1.37000000000000E+0002  9.77539062500000E-0001  2.82287597656250E-0002 
 1.37500000000000E+0002  9.82757568359375E-0001  3.09448242187500E-0002 
 1.38000000000000E+0002  9.91149902343750E-0001  2.72827148437500E-0002 
 1.38500000000000E+0002  9.95574951171875E-0001  1.67236328125000E-0002 
 1.39000000000000E+0002  9.94201660156250E-0001  9.46044921875000E-0003 
 1.39500000000000E+0002  9.91302490234375E-0001  7.96508789062500E-0003 
 1.40000000000000E+0002  9.87335205078125E-0001  6.98852539062500E-0003 
 1.40500000000000E+0002  9.83612060546875E-0001  5.06591796875000E-0003 
 1.41000000000000E+0002  9.82696533203125E-0001  7.23266601562500E-0003 
 1.41500000000000E+0002  9.83001708984375E-0001  1.51062011718750E-0002 
 1.42000000000000E+0002  9.86083984375000E-0001  2.22778320312500E-0002 
 1.42500000000000E+0002  9.95788574218750E-0001  2.35900878906250E-0002 
 1.43000000000000E+0002  1.00650024414063E+0000  2.08740234375000E-0002 
 1.43500000000000E+0002  1.01129150390625E+0000  2.02941894531250E-0002 
 1.44000000000000E+0002  1.00997924804688E+0000  2.06298828125000E-0002 
 1.44500000000000E+0002  1.00509643554688E+0000  1.78833007812500E-0002 
 1.45000000000000E+0002  9.96063232421875E-0001  1.48620605468750E-0002 
 1.45500000000000E+0002  9.82513427734375E-0001  1.76391601562500E-0002 
 1.46000000000000E+0002  9.67742919921875E-0001  2.44140625000000E-0002 
 1.46500000000000E+0002  9.54925537109375E-0001  2.83813476562500E-0002 
 1.47000000000000E+0002  9.45831298828125E-0001  2.88391113281250E-0002 
 1.47500000000000E+0002  9.39056396484375E-0001  2.90832519531250E-0002 
 1.48000000000000E+0002  9.28253173828125E-0001  3.10668945312500E-0002 
 1.48500000000000E+0002  9.14398193359375E-0001  3.35998535156250E-0002 
 1.49000000000000E+0002  9.03259277343750E-0001  3.81774902343750E-0002 
 1.49500000000000E+0002  9.00299072265625E-0001  4.44946289062500E-0002 
 1.50000000000000E+0002  9.02984619140625E-0001  4.89196777343750E-0002 
 1.50500000000000E+0002  9.10736083984375E-0001  4.97131347656250E-0002 
 1.51000000000000E+0002  9.25384521484375E-0001  4.51965332031250E-0002 
 1.51500000000000E+0002  9.41436767578125E-0001  3.30200195312500E-0002 
 1.52000000000000E+0002  9.52117919921875E-0001  1.52282714843750E-0002 
 1.52500000000000E+0002  9.52789306640625E-0001 -4.45556640625000E-0003 
 1.53000000000000E+0002  9.44549560546875E-0001 -2.08129882812500E-0002 
 1.53500000000000E+0002  9.32281494140625E-0001 -3.10668945312500E-0002 
 1.54000000000000E+0002  9.19982910156250E-0001 -3.21960449218750E-0002 
 1.54500000000000E+0002  9.11560058593750E-0001 -2.24609375000000E-0002 
 1.55000000000000E+0002  9.09423828125000E-0001 -5.06591796875000E-0003 
 1.55500000000000E+0002  9.11773681640625E-0001  1.53198242187500E-0002 
 1.56000000000000E+0002  9.14306640625000E-0001  3.37219238281250E-0002 
 1.56500000000000E+0002  9.10858154296875E-0001  4.48913574218750E-0002 
 1.57000000000000E+0002  9.00177001953125E-0001  4.69665527343750E-0002 
 1.57500000000000E+0002  8.85528564453125E-0001  3.98864746093750E-0002 
 1.58000000000000E+0002  8.72100830078125E-0001  2.96630859375000E-0002 
 1.58500000000000E+0002  8.66180419921875E-0001  2.04162597656250E-0002 
 1.59000000000000E+0002  8.67980957031250E-0001  1.60217285156250E-0002 
 1.59500000000000E+0002  8.76342773437500E-0001  1.70898437500000E-0002 
 1.60000000000000E+0002  8.87420654296875E-0001  2.05993652343750E-0002 
 1.60500000000000E+0002  8.95202636718750E-0001  2.43530273437500E-0002 
 1.61000000000000E+0002  8.95996093750000E-0001  2.51159667968750E-0002 
 1.61500000000000E+0002  8.87542724609375E-0001  2.15759277343750E-0002 
 1.62000000000000E+0002  8.77716064453125E-0001  1.74560546875000E-0002 
 1.62500000000000E+0002  8.73962402343750E-0001  1.32446289062500E-0002 
 1.63000000000000E+0002  8.75823974609375E-0001  6.28662109375000E-0003 
 1.63500000000000E+0002  8.80065917968750E-0001 -1.67846679687500E-0003 
 1.64000000000000E+0002  8.83056640625000E-0001 -6.28662109375000E-0003 
 1.64500000000000E+0002  8.84918212890625E-0001 -6.25610351562500E-0003 
 1.65000000000000E+0002  8.82507324218750E-0001 -4.85229492187500E-0003 
 1.65500000000000E+0002  8.73382568359375E-0001 -2.62451171875000E-0003 
 1.66000000000000E+0002  8.58367919921875E-0001  2.56347656250000E-0003 
 1.66500000000000E+0002  8.41339111328125E-0001  1.37939453125000E-0002 
 1.67000000000000E+0002  8.25744628906250E-0001  2.80151367187500E-0002 
 1.67500000000000E+0002  8.13201904296875E-0001  3.84521484375000E-0002 
 1.68000000000000E+0002  8.00354003906250E-0001  3.97949218750000E-0002 
 1.68500000000000E+0002  7.87445068359375E-0001  3.67736816406250E-0002 
 1.69000000000000E+0002  7.81066894531250E-0001  3.61938476562500E-0002 
 1.69500000000000E+0002  7.82348632812500E-0001  3.32641601562500E-0002 
 1.70000000000000E+0002  7.84820556640625E-0001  2.35900878906250E-0002 
 1.70500000000000E+0002  7.89093017578125E-0001  1.20544433593750E-0002 
 1.71000000000000E+0002  7.98156738281250E-0001  3.20434570312500E-0003 
 1.71500000000000E+0002  8.06304931640625E-0001 -6.50024414062500E-0003 
 1.72000000000000E+0002  8.07281494140625E-0001 -1.65710449218750E-0002 
 1.72500000000000E+0002  8.05572509765625E-0001 -2.02941894531250E-0002 
 1.73000000000000E+0002  8.05053710937500E-0001 -1.69067382812500E-0002 
 1.73500000000000E+0002  8.02703857421875E-0001 -8.97216796875000E-0003 
 1.74000000000000E+0002  7.99285888671875E-0001  4.33349609375000E-0003 
 1.74500000000000E+0002  7.99560546875000E-0001  1.88293457031250E-0002 
 1.75000000000000E+0002  8.02001953125000E-0001  2.61535644531250E-0002 
 1.75500000000000E+0002  8.03344726562500E-0001  2.65197753906250E-0002 
 1.76000000000000E+0002  8.04718017578125E-0001  2.43530273437500E-0002 
 1.76500000000000E+0002  8.07281494140625E-0001  2.21252441406250E-0002 
 1.77000000000000E+0002  8.12591552734375E-0001  2.31323242187500E-0002 
 1.77500000000000E+0002  8.19427490234375E-0001  2.94494628906250E-0002 
 1.78000000000000E+0002  8.25531005859375E-0001  3.86352539062500E-0002 
 1.78500000000000E+0002  8.28216552734375E-0001  4.54101562500000E-0002 
 1.79000000000000E+0002  8.27362060546875E-0001  4.89501953125000E-0002 
 1.79500000000000E+0002  8.23883056640625E-0001  4.94079589843750E-0002 
 1.80000000000000E+0002  8.17260742187500E-0001  4.22058105468750E-0002 
 1.80500000000000E+0002  8.07098388671875E-0001  2.90527343750000E-0002 
 1.81000000000000E+0002  7.97241210937500E-0001  1.80053710937500E-0002 
 1.81500000000000E+0002  7.90954589843750E-0001  1.38549804687500E-0002 
 1.82000000000000E+0002  7.92297363281250E-0001  1.15051269531250E-0002 
 1.82500000000000E+0002  7.98828125000000E-0001  6.22558593750000E-0003 
 1.83000000000000E+0002  8.07342529296875E-0001  2.28881835937500E-0003 
 1.83500000000000E+0002  8.13934326171875E-0001  2.92968750000000E-0003 
 1.84000000000000E+0002  8.18634033203125E-0001  6.40869140625000E-0003 
 1.84500000000000E+0002  8.17443847656250E-0001  7.08007812500000E-0003 
 1.85000000000000E+0002  8.09600830078125E-0001  5.61523437500000E-0003 
 1.85500000000000E+0002  7.97607421875000E-0001  3.63159179687500E-0003 
 1.86000000000000E+0002  7.83538818359375E-0001 -4.57763671875000E-0004 
 1.86500000000000E+0002  7.71667480468750E-0001 -6.40869140625000E-0003 
 1.87000000000000E+0002  7.66174316406250E-0001 -1.45568847656250E-0002 
 1.87500000000000E+0002  7.67486572265625E-0001 -1.91040039062500E-0002 
 1.88000000000000E+0002  7.74230957031250E-0001 -1.77612304687500E-0002 
 1.88500000000000E+0002  7.84057617187500E-0001 -1.24511718750000E-0002 
 1.89000000000000E+0002  7.94128417968750E-0001 -6.86645507812500E-0003 
 1.89500000000000E+0002  8.00750732421875E-0001 -7.72094726562500E-0003 
 1.90000000000000E+0002  7.99682617187500E-0001 -1.29394531250000E-0002 
 1.90500000000000E+0002  7.91473388671875E-0001 -1.48010253906250E-0002 
 1.91000000000000E+0002  7.77038574218750E-0001 -1.07116699218750E-0002 
 1.91500000000000E+0002  7.62145996093750E-0001 -5.21850585937500E-0003 
 1.92000000000000E+0002  7.52136230468750E-0001 -4.33349609375000E-0003 
 1.92500000000000E+0002  7.41973876953125E-0001 -4.82177734375000E-0003 
 1.93000000000000E+0002  7.32513427734375E-0001 -2.04467773437500E-0003 
 1.93500000000000E+0002  7.27752685546875E-0001 -4.57763671875000E-0004 
 1.94000000000000E+0002  7.27294921875000E-0001 -4.66918945312500E-0003 
 1.94500000000000E+0002  7.24639892578125E-0001 -8.81958007812500E-0003 
 1.95000000000000E+0002  7.16766357421875E-0001 -2.83813476562500E-0003 
 1.95500000000000E+0002  7.12005615234375E-0001  1.19018554687500E-0002 
 1.96000000000000E+0002  7.09991455078125E-0001  2.12097167968750E-0002 
 1.96500000000000E+0002  7.04223632812500E-0001  2.09350585937500E-0002 
 1.97000000000000E+0002  6.96685791015625E-0001  1.74255371093750E-0002 
 1.97500000000000E+0002  6.93634033203125E-0001  1.28479003906250E-0002 
 1.98000000000000E+0002  6.93420410156250E-0001  5.49316406250000E-0003 
 1.98500000000000E+0002  6.92260742187500E-0001 -2.47192382812500E-0003 
 1.99000000000000E+0002  6.94793701171875E-0001 -4.24194335937500E-0003 
 1.99500000000000E+0002  7.04223632812500E-0001 -2.44140625000000E-0004 
 2.00000000000000E+0002  7.12432861328125E-0001  4.39453125000000E-0003 
 2.00500000000000E+0002  7.14111328125000E-0001  7.08007812500000E-0003 
 2.01000000000000E+0002  7.12646484375000E-0001  7.44628906250000E-0003 
 2.01500000000000E+0002  7.09869384765625E-0001  6.56127929687500E-0003 
 2.02000000000000E+0002  7.03796386718750E-0001  7.90405273437500E-0003 
 2.02500000000000E+0002  6.98822021484375E-0001  1.27563476562500E-0002 
 2.03000000000000E+0002  6.98150634765625E-0001  1.70593261718750E-0002 
 2.03500000000000E+0002  6.99218750000000E-0001  1.78222656250000E-0002 
 2.04000000000000E+0002  6.97235107421875E-0001  1.82800292968750E-0002 
 2.04500000000000E+0002  6.96838378906250E-0001  1.81884765625000E-0002 
 2.05000000000000E+0002  6.98913574218750E-0001  1.09863281250000E-0002 
 2.05500000000000E+0002  6.95648193359375E-0001 -3.23486328125000E-0003 
 2.06000000000000E+0002  6.87774658203125E-0001 -1.47399902343750E-0002 
 2.06500000000000E+0002  6.81304931640625E-0001 -1.96838378906250E-0002 
 2.07000000000000E+0002  6.78955078125000E-0001 -2.01110839843750E-0002 
 2.07500000000000E+0002  6.75781250000000E-0001 -1.73034667968750E-0002 
 2.08000000000000E+0002  6.68884277343750E-0001 -1.25427246093750E-0002 
 2.08500000000000E+0002  6.60064697265625E-0001 -4.36401367187500E-0003 
 2.09000000000000E+0002  6.52130126953125E-0001  4.39453125000000E-0003 
 2.09500000000000E+0002  6.45782470703125E-0001  7.69042968750000E-0003 
 2.10000000000000E+0002  6.39343261718750E-0001  4.85229492187500E-0003 
 2.10500000000000E+0002  6.32598876953125E-0001 -8.54492187500000E-0004 
 2.11000000000000E+0002  6.28326416015625E-0001 -6.53076171875000E-0003 
 2.11500000000000E+0002  6.28814697265625E-0001 -1.06201171875000E-0002 
 2.12000000000000E+0002  6.31866455078125E-0001 -1.18713378906250E-0002 
 2.12500000000000E+0002  6.37451171875000E-0001 -9.00268554687500E-0003 
 2.13000000000000E+0002  6.47247314453125E-0001 -8.81958007812500E-0003 
 2.13500000000000E+0002  6.57287597656250E-0001 -1.57775878906250E-0002 
 2.14000000000000E+0002  6.61376953125000E-0001 -2.33764648437500E-0002 
 2.14500000000000E+0002  6.58874511718750E-0001 -2.48718261718750E-0002 
 2.15000000000000E+0002  6.53289794921875E-0001 -2.11791992187500E-0002 
 2.15500000000000E+0002  6.49414062500000E-0001 -1.43127441406250E-0002 
 2.16000000000000E+0002  6.46392822265625E-0001 -6.04248046875000E-0003 
 2.16500000000000E+0002  6.42059326171875E-0001 -7.62939453125000E-0004 
 2.17000000000000E+0002  6.38610839843750E-0001  2.44140625000000E-0004 
 2.17500000000000E+0002  6.37512207031250E-0001 -3.96728515625000E-0003 
 2.18000000000000E+0002  6.35314941406250E-0001 -1.28479003906250E-0002 
 2.18500000000000E+0002  6.28204345703125E-0001 -2.22167968750000E-0002 
 2.19000000000000E+0002  6.17248535156250E-0001 -2.72216796875000E-0002 
 2.19500000000000E+0002  6.10504150390625E-0001 -2.63671875000000E-0002 
 2.20000000000000E+0002  6.07696533203125E-0001 -2.69165039062500E-0002 
 2.20500000000000E+0002  6.06170654296875E-0001 -3.04870605468750E-0002 
 2.21000000000000E+0002  6.06781005859375E-0001 -3.35083007812500E-0002 
 2.21500000000000E+0002  6.10687255859375E-0001 -3.61022949218750E-0002 
 2.22000000000000E+0002  6.12091064453125E-0001 -3.81164550781250E-0002 
 2.22500000000000E+0002  6.07299804687500E-0001 -3.60717773437500E-0002 
 2.23000000000000E+0002  5.99914550781250E-0001 -2.85644531250000E-0002 
 2.23500000000000E+0002  5.96527099609375E-0001 -1.90429687500000E-0002 
 2.24000000000000E+0002  5.96130371093750E-0001 -1.45874023437500E-0002 
 2.24500000000000E+0002  5.94573974609375E-0001 -1.59301757812500E-0002 
 2.25000000000000E+0002  5.91400146484375E-0001 -1.81274414062500E-0002 
 2.25500000000000E+0002  5.90270996093750E-0001 -1.98364257812500E-0002 
 2.26000000000000E+0002  5.93475341796875E-0001 -2.27966308593750E-0002 
 2.26500000000000E+0002  5.94818115234375E-0001 -2.80151367187500E-0002 
 2.27000000000000E+0002  5.87890625000000E-0001 -3.10058593750000E-0002 
 2.27500000000000E+0002  5.75164794921875E-0001 -2.63977050781250E-0002 
 2.28000000000000E+0002  5.62225341796875E-0001 -1.87072753906250E-0002 
 2.28500000000000E+0002  5.44342041015625E-0001 -1.28479003906250E-0002 
 2.29000000000000E+0002  5.23529052734375E-0001 -5.58471679687500E-0003 
 2.29500000000000E+0002  5.09979248046875E-0001  3.29589843750000E-0003 
 2.30000000000000E+0002  5.08819580078125E-0001  9.18579101562500E-0003 
 2.30500000000000E+0002  5.17333984375000E-0001  1.26953125000000E-0002 
 2.31000000000000E+0002  5.33721923828125E-0001  1.35803222656250E-0002 
 2.31500000000000E+0002  5.56243896484375E-0001  1.05590820312500E-0002 
 2.32000000000000E+0002  5.76721191406250E-0001  5.79833984375000E-0004 
 2.32500000000000E+0002  5.86578369140625E-0001 -9.61303710937500E-0003 
 2.33000000000000E+0002  5.89233398437500E-0001 -1.20849609375000E-0002 
 2.33500000000000E+0002  5.92285156250000E-0001 -9.85717773437500E-0003 
 2.34000000000000E+0002  5.93963623046875E-0001 -5.76782226562500E-0003 
 2.34500000000000E+0002  5.93200683593750E-0001  3.26538085937500E-0003 
 2.35000000000000E+0002  5.91705322265625E-0001  1.43432617187500E-0002 
 2.35500000000000E+0002  5.90362548828125E-0001  2.29187011718750E-0002 
 2.36000000000000E+0002  5.87402343750000E-0001  2.23083496093750E-0002 
 2.36500000000000E+0002  5.80780029296875E-0001  1.48925781250000E-0002 
 2.37000000000000E+0002  5.71838378906250E-0001  7.23266601562500E-0003 
 2.37500000000000E+0002  5.62530517578125E-0001  2.13623046875000E-0004 
 2.38000000000000E+0002  5.54443359375000E-0001 -6.37817382812500E-0003 
 2.38500000000000E+0002  5.47973632812500E-0001 -1.11389160156250E-0002 
 2.39000000000000E+0002  5.44616699218750E-0001 -1.25122070312500E-0002 
 2.39500000000000E+0002  5.43395996093750E-0001 -1.14746093750000E-0002 
 2.40000000000000E+0002  5.42175292968750E-0001 -1.24206542968750E-0002 
 2.40500000000000E+0002  5.40832519531250E-0001 -1.52893066406250E-0002 
 2.41000000000000E+0002  5.40618896484375E-0001 -1.75476074218750E-0002 
 2.41500000000000E+0002  5.42541503906250E-0001 -1.57470703125000E-0002 
 2.42000000000000E+0002  5.46630859375000E-0001 -1.32751464843750E-0002 
 2.42500000000000E+0002  5.50506591796875E-0001 -1.12915039062500E-0002 
 2.43000000000000E+0002  5.54718017578125E-0001 -6.25610351562500E-0003 
 2.43500000000000E+0002  5.60058593750000E-0001  7.62939453125000E-0004 
 2.44000000000000E+0002  5.62591552734375E-0001  6.43920898437500E-0003 
 2.44500000000000E+0002  5.64422607421875E-0001  9.73510742187500E-0003 
 2.45000000000000E+0002  5.64361572265625E-0001  1.11999511718750E-0002 
 2.45500000000000E+0002  5.61737060546875E-0001  9.18579101562500E-0003 
 2.46000000000000E+0002  5.58471679687500E-0001  3.50952148437500E-0003 
 2.46500000000000E+0002  5.55572509765625E-0001 -7.32421875000000E-0004 
 2.47000000000000E+0002  5.53955078125000E-0001 -1.37329101562500E-0003 
 2.47500000000000E+0002  5.50994873046875E-0001 -1.89208984375000E-0003 
 2.48000000000000E+0002  5.44708251953125E-0001 -3.47900390625000E-0003 
 2.48500000000000E+0002  5.38024902343750E-0001  7.32421875000000E-0004 
 2.49000000000000E+0002  5.35491943359375E-0001  8.91113281250000E-0003 
 2.49500000000000E+0002  5.33203125000000E-0001  1.21765136718750E-0002 
 2.50000000000000E+0002  5.26397705078125E-0001  9.94873046875000E-0003 
 2.50500000000000E+0002  5.19256591796875E-0001  5.15747070312500E-0003 
 2.51000000000000E+0002  5.16448974609375E-0001  1.83105468750000E-0004 
 2.51500000000000E+0002  5.16967773437500E-0001 -6.86645507812500E-0003 
 2.52000000000000E+0002  5.16754150390625E-0001 -1.34887695312500E-0002 
 2.52500000000000E+0002  5.18493652343750E-0001 -1.59301757812500E-0002 
 2.53000000000000E+0002  5.23498535156250E-0001 -1.42517089843750E-0002 
 2.53500000000000E+0002  5.26306152343750E-0001 -9.27734375000000E-0003 
 2.54000000000000E+0002  5.25360107421875E-0001 -2.28881835937500E-0003 
 2.54500000000000E+0002  5.19989013671875E-0001  2.83813476562500E-0003 
 2.55000000000000E+0002  5.10498046875000E-0001  7.23266601562500E-0003 
 2.55500000000000E+0002  5.03845214843750E-0001  1.34582519531250E-0002 
 2.56000000000000E+0002  5.04394531250000E-0001  1.83715820312500E-0002 
 2.56500000000000E+0002  5.09246826171875E-0001  1.86767578125000E-0002 
 2.57000000000000E+0002  5.11322021484375E-0001  1.93176269531250E-0002 
 2.57500000000000E+0002  5.13305664062500E-0001  2.16064453125000E-0002 
 2.58000000000000E+0002  5.18371582031250E-0001  1.59606933593750E-0002 
 2.58500000000000E+0002  5.17852783203125E-0001  3.08227539062500E-0003 
 2.59000000000000E+0002  5.09643554687500E-0001 -5.85937500000000E-0003 
 2.59500000000000E+0002  5.01190185546875E-0001 -8.85009765625000E-0003 
 2.60000000000000E+0002  4.97558593750000E-0001 -1.17187500000000E-0002 
 2.60500000000000E+0002  4.96307373046875E-0001 -1.20849609375000E-0002 
 2.61000000000000E+0002  4.91851806640625E-0001 -5.73730468750000E-0003 
 2.61500000000000E+0002  4.87945556640625E-0001  2.53295898437500E-0003 
 2.62000000000000E+0002  4.88220214843750E-0001  6.83593750000000E-0003 
 2.62500000000000E+0002  4.92401123046875E-0001  4.45556640625000E-0003 
 2.63000000000000E+0002  4.99328613281250E-0001 -5.92041015625000E-0003 
 2.63500000000000E+0002  5.03417968750000E-0001 -2.32238769531250E-0002 
 2.64000000000000E+0002  5.04608154296875E-0001 -4.00390625000000E-0002 
 2.64500000000000E+0002  5.03784179687500E-0001 -5.15441894531250E-0002 
 2.65000000000000E+0002  5.01129150390625E-0001 -5.42297363281250E-0002 
 2.65500000000000E+0002  4.96368408203125E-0001 -5.01708984375000E-0002 
 2.66000000000000E+0002  4.91882324218750E-0001 -4.07409667968750E-0002 
 2.66500000000000E+0002  4.89166259765625E-0001 -2.75573730468750E-0002 
 2.67000000000000E+0002  4.89593505859375E-0001 -1.37939453125000E-0002 
 2.67500000000000E+0002  4.90844726562500E-0001 -3.87573242187500E-0003 
 2.68000000000000E+0002  4.90905761718750E-0001  1.12915039062500E-0003 
 2.68500000000000E+0002  4.89318847656250E-0001  5.73730468750000E-0003 
 2.69000000000000E+0002  4.90020751953125E-0001  1.45568847656250E-0002 
 2.69500000000000E+0002  4.93377685546875E-0001  2.34985351562500E-0002 
 2.70000000000000E+0002  4.94689941406250E-0001  2.66723632812500E-0002 
 2.70500000000000E+0002  4.92523193359375E-0001  2.38342285156250E-0002 
 2.71000000000000E+0002  4.87396240234375E-0001  1.62963867187500E-0002 
 2.71500000000000E+0002  4.79919433593750E-0001  5.52368164062500E-0003 
 2.72000000000000E+0002  4.70886230468750E-0001 -7.04956054687500E-0003 
 2.72500000000000E+0002  4.61547851562500E-0001 -1.64184570312500E-0002 
 2.73000000000000E+0002  4.55230712890625E-0001 -2.37426757812500E-0002 
 2.73500000000000E+0002  4.53765869140625E-0001 -2.89306640625000E-0002 
 2.74000000000000E+0002  4.55993652343750E-0001 -3.04260253906250E-0002 
 2.74500000000000E+0002  4.60418701171875E-0001 -2.81372070312500E-0002 
 2.75000000000000E+0002  4.67926025390625E-0001 -2.74658203125000E-0002 
 2.75500000000000E+0002  4.78179931640625E-0001 -2.94189453125000E-0002 
 2.76000000000000E+0002  4.88861083984375E-0001 -3.12500000000000E-0002 
 2.76500000000000E+0002  4.97436523437500E-0001 -3.32641601562500E-0002 
 2.77000000000000E+0002  5.01983642578125E-0001 -3.51257324218750E-0002 
 2.77500000000000E+0002  5.00396728515625E-0001 -3.53393554687500E-0002 
 2.78000000000000E+0002  4.88464355468750E-0001 -3.28979492187500E-0002 
 2.78500000000000E+0002  4.68414306640625E-0001 -2.60314941406250E-0002 
 2.79000000000000E+0002  4.48974609375000E-0001 -1.36108398437500E-0002 
 2.79500000000000E+0002  4.36706542968750E-0001 -3.96728515625000E-0004 
 2.80000000000000E+0002  4.30664062500000E-0001  8.48388671875000E-0003 
 2.80500000000000E+0002  4.29504394531250E-0001  1.30310058593750E-0002 
 2.81000000000000E+0002  4.28619384765625E-0001  1.66931152343750E-0002 
 2.81500000000000E+0002  4.26208496093750E-0001  1.84326171875000E-0002 
 2.82000000000000E+0002  4.20562744140625E-0001  1.25427246093750E-0002 
 2.82500000000000E+0002  4.11285400390625E-0001  1.67846679687500E-0003 
 2.83000000000000E+0002  4.00970458984375E-0001 -7.72094726562500E-0003 
 2.83500000000000E+0002  3.94256591796875E-0001 -1.17797851562500E-0002 
 2.84000000000000E+0002  3.97216796875000E-0001 -1.48925781250000E-0002 
 2.84500000000000E+0002  4.06677246093750E-0001 -2.08129882812500E-0002 
 2.85000000000000E+0002  4.14916992187500E-0001 -2.20947265625000E-0002 
 2.85500000000000E+0002  4.20837402343750E-0001 -1.69677734375000E-0002 
 2.86000000000000E+0002  4.26452636718750E-0001 -1.00402832031250E-0002 
 2.86500000000000E+0002  4.31945800781250E-0001 -1.00097656250000E-0002 
 2.87000000000000E+0002  4.33898925781250E-0001 -1.52587890625000E-0002 
 2.87500000000000E+0002  4.33624267578125E-0001 -1.89514160156250E-0002 
 2.88000000000000E+0002  4.32312011718750E-0001 -2.08435058593750E-0002 
 2.88500000000000E+0002  4.27795410156250E-0001 -2.26135253906250E-0002 
 2.89000000000000E+0002  4.17755126953125E-0001 -2.45666503906250E-0002 
 2.89500000000000E+0002  4.05731201171875E-0001 -2.22778320312500E-0002 
 2.90000000000000E+0002  3.99078369140625E-0001 -1.58691406250000E-0002 
 2.90500000000000E+0002  3.98651123046875E-0001 -1.16882324218750E-0002 
 2.91000000000000E+0002  4.01458740234375E-0001 -1.35498046875000E-0002 
 2.91500000000000E+0002  4.06250000000000E-0001 -2.01416015625000E-0002 
 2.92000000000000E+0002  4.15985107421875E-0001 -2.65502929687500E-0002 
 2.92500000000000E+0002  4.26269531250000E-0001 -3.12500000000000E-0002 
 2.93000000000000E+0002  4.31823730468750E-0001 -3.34777832031250E-0002 
 2.93500000000000E+0002  4.35272216796875E-0001 -3.32641601562500E-0002 
 2.94000000000000E+0002  4.41528320312500E-0001 -3.28369140625000E-0002 
 2.94500000000000E+0002  4.50744628906250E-0001 -3.48205566406250E-0002 
 2.95000000000000E+0002  4.57916259765625E-0001 -4.25720214843750E-0002 
 2.95500000000000E+0002  4.57183837890625E-0001 -5.24291992187500E-0002 
 2.96000000000000E+0002  4.48333740234375E-0001 -5.92956542968750E-0002 
 2.96500000000000E+0002  4.33441162109375E-0001 -6.01196289062500E-0002 
 2.97000000000000E+0002  4.18731689453125E-0001 -5.48706054687500E-0002 
 2.97500000000000E+0002  4.07684326171875E-0001 -4.42810058593750E-0002 
 2.98000000000000E+0002  4.00451660156250E-0001 -3.03039550781250E-0002 
 2.98500000000000E+0002  3.97399902343750E-0001 -1.79748535156250E-0002 
 2.99000000000000E+0002  4.00177001953125E-0001 -1.10168457031250E-0002 
 2.99500000000000E+0002  4.08996582031250E-0001 -9.82666015625000E-0003 
 3.00000000000000E+0002  4.18457031250000E-0001 -1.10473632812500E-0002 
 3.00500000000000E+0002  4.22180175781250E-0001 -1.05285644531250E-0002 
 3.01000000000000E+0002  4.22363281250000E-0001 -6.74438476562500E-0003 
 3.01500000000000E+0002  4.21569824218750E-0001 -2.89916992187500E-0003 
 3.02000000000000E+0002  4.17846679687500E-0001 -8.54492187500000E-0004 
 3.02500000000000E+0002  4.07196044921875E-0001  4.57763671875000E-0004 
 3.03000000000000E+0002  3.95172119140625E-0001  2.16674804687500E-0003 
 3.03500000000000E+0002  3.90411376953125E-0001 -4.27246093750000E-0004 
 3.04000000000000E+0002  3.93005371093750E-0001 -9.70458984375000E-0003 
 3.04500000000000E+0002  3.99017333984375E-0001 -2.10571289062500E-0002 
 3.05000000000000E+0002  4.06250000000000E-0001 -2.83203125000000E-0002 
 3.05500000000000E+0002  4.08325195312500E-0001 -3.02429199218750E-0002 
 3.06000000000000E+0002  4.01916503906250E-0001 -2.69775390625000E-0002 
 3.06500000000000E+0002  3.91510009765625E-0001 -1.57470703125000E-0002 
 3.07000000000000E+0002  3.84826660156250E-0001  3.11279296875000E-0003 
 3.07500000000000E+0002  3.83209228515625E-0001  2.21252441406250E-0002 
 3.08000000000000E+0002  3.82507324218750E-0001  3.59191894531250E-0002 
 3.08500000000000E+0002  3.85101318359375E-0001  4.13208007812500E-0002 
 3.09000000000000E+0002  3.89892578125000E-0001  3.86352539062500E-0002 
 3.09500000000000E+0002  3.91174316406250E-0001  2.82897949218750E-0002 
 3.10000000000000E+0002  3.85314941406250E-0001  1.21765136718750E-0002 
 3.10500000000000E+0002  3.75488281250000E-0001 -1.09863281250000E-0003 
 3.11000000000000E+0002  3.67858886718750E-0001 -9.15527343750000E-0003 
 3.11500000000000E+0002  3.63372802734375E-0001 -1.72729492187500E-0002 
 3.12000000000000E+0002  3.60382080078125E-0001 -2.58178710937500E-0002 
 3.12500000000000E+0002  3.57452392578125E-0001 -3.21350097656250E-0002 
 3.13000000000000E+0002  3.50830078125000E-0001 -3.28674316406250E-0002 
 3.13500000000000E+0002  3.43841552734375E-0001 -2.74658203125000E-0002 
 3.14000000000000E+0002  3.41217041015625E-0001 -1.81274414062500E-0002 
 3.14500000000000E+0002  3.40972900390625E-0001 -6.74438476562500E-0003 
 3.15000000000000E+0002  3.39508056640625E-0001  2.25830078125000E-0003 
 3.15500000000000E+0002  3.36395263671875E-0001  8.08715820312500E-0003 
 3.16000000000000E+0002  3.35754394531250E-0001  1.20849609375000E-0002 
 3.16500000000000E+0002  3.35388183593750E-0001  1.37634277343750E-0002 
 3.17000000000000E+0002  3.34838867187500E-0001  1.50756835937500E-0002 
 3.17500000000000E+0002  3.36547851562500E-0001  1.64489746093750E-0002 
 3.18000000000000E+0002  3.39538574218750E-0001  1.71203613281250E-0002 
 3.18500000000000E+0002  3.39233398437500E-0001  1.75476074218750E-0002 
 3.19000000000000E+0002  3.38714599609375E-0001  1.72119140625000E-0002 
 3.19500000000000E+0002  3.40209960937500E-0001  1.36108398437500E-0002 
 3.20000000000000E+0002  3.41094970703125E-0001  7.65991210937500E-0003 
 3.20500000000000E+0002  3.41827392578125E-0001  3.75366210937500E-0003 
 3.21000000000000E+0002  3.44757080078125E-0001  2.01416015625000E-0003 
 3.21500000000000E+0002  3.48480224609375E-0001 -1.86157226562500E-0003 
 3.22000000000000E+0002  3.51470947265625E-0001 -8.81958007812500E-0003 
 3.22500000000000E+0002  3.54248046875000E-0001 -1.44958496093750E-0002 
 3.23000000000000E+0002  3.58856201171875E-0001 -1.52587890625000E-0002 
 3.23500000000000E+0002  3.62365722656250E-0001 -1.54418945312500E-0002 
 3.24000000000000E+0002  3.63830566406250E-0001 -1.48620605468750E-0002 
 3.24500000000000E+0002  3.67034912109375E-0001 -1.26342773437500E-0002 
 3.25000000000000E+0002  3.69842529296875E-0001 -1.22375488281250E-0002 
 3.25500000000000E+0002  3.66912841796875E-0001 -1.66015625000000E-0002 
 3.26000000000000E+0002  3.57299804687500E-0001 -2.16369628906250E-0002 
 3.26500000000000E+0002  3.47930908203125E-0001 -2.29797363281250E-0002 
 3.27000000000000E+0002  3.44573974609375E-0001 -2.33459472656250E-0002 
 3.27500000000000E+0002  3.45245361328125E-0001 -2.49023437500000E-0002 
 3.28000000000000E+0002  3.46984863281250E-0001 -2.34985351562500E-0002 
 3.28500000000000E+0002  3.51379394531250E-0001 -2.17590332031250E-0002 
 3.29000000000000E+0002  3.55255126953125E-0001 -2.20947265625000E-0002 
 3.29500000000000E+0002  3.54980468750000E-0001 -2.39868164062500E-0002 
 3.30000000000000E+0002  3.48785400390625E-0001 -2.63671875000000E-0002 
 3.30500000000000E+0002  3.40911865234375E-0001 -2.96936035156250E-0002 
 3.31000000000000E+0002  3.35754394531250E-0001 -3.33557128906250E-0002 
 3.31500000000000E+0002  3.33740234375000E-0001 -3.74450683593750E-0002 
 3.32000000000000E+0002  3.31756591796875E-0001 -3.97949218750000E-0002 
 3.32500000000000E+0002  3.30657958984375E-0001 -4.02832031250000E-0002 
 3.33000000000000E+0002  3.34320068359375E-0001 -3.82080078125000E-0002 
 3.33500000000000E+0002  3.41339111328125E-0001 -3.46374511718750E-0002 
 3.34000000000000E+0002  3.46557617187500E-0001 -3.19824218750000E-0002 
 3.34500000000000E+0002  3.48205566406250E-0001 -2.90527343750000E-0002 
 3.35000000000000E+0002  3.50524902343750E-0001 -2.64892578125000E-0002 
 3.35500000000000E+0002  3.50616455078125E-0001 -2.62451171875000E-0002 
 3.36000000000000E+0002  3.46130371093750E-0001 -2.41088867187500E-0002 
 3.36500000000000E+0002  3.42041015625000E-0001 -1.93481445312500E-0002 
 3.37000000000000E+0002  3.39019775390625E-0001 -1.43737792968750E-0002 
 3.37500000000000E+0002  3.33343505859375E-0001 -9.55200195312500E-0003 
 3.38000000000000E+0002  3.25408935546875E-0001 -7.78198242187500E-0003 
 3.38500000000000E+0002  3.18481445312500E-0001 -9.03320312500000E-0003 
 3.39000000000000E+0002  3.10150146484375E-0001 -1.39160156250000E-0002 
 3.39500000000000E+0002  2.95806884765625E-0001 -2.02026367187500E-0002 
 3.40000000000000E+0002  2.84179687500000E-0001 -2.64587402343750E-0002 
 3.40500000000000E+0002  2.80364990234375E-0001 -3.35998535156250E-0002 
 3.41000000000000E+0002  2.81524658203125E-0001 -3.92150878906250E-0002 
 3.41500000000000E+0002  2.81250000000000E-0001 -3.91235351562500E-0002 
 3.42000000000000E+0002  2.82745361328125E-0001 -3.17993164062500E-0002 
 3.42500000000000E+0002  2.91046142578125E-0001 -2.25830078125000E-0002 
 3.43000000000000E+0002  3.01879882812500E-0001 -1.73950195312500E-0002 
 3.43500000000000E+0002  3.08258056640625E-0001 -1.70898437500000E-0002 
 3.44000000000000E+0002  3.13171386718750E-0001 -1.72424316406250E-0002 
 3.44500000000000E+0002  3.19641113281250E-0001 -1.76086425781250E-0002 
 3.45000000000000E+0002  3.22296142578125E-0001 -2.00500488281250E-0002 
 3.45500000000000E+0002  3.15460205078125E-0001 -2.34985351562500E-0002 
 3.46000000000000E+0002  3.04718017578125E-0001 -1.89819335937500E-0002 
 3.46500000000000E+0002  2.99987792968750E-0001 -2.86865234375000E-0003 
 3.47000000000000E+0002  3.00689697265625E-0001  1.38244628906250E-0002 
 3.47500000000000E+0002  3.02947998046875E-0001  2.14538574218750E-0002 
 3.48000000000000E+0002  3.06915283203125E-0001  2.07519531250000E-0002 
 3.48500000000000E+0002  3.12164306640625E-0001  1.53198242187500E-0002 
 3.49000000000000E+0002  3.17321777343750E-0001  4.51660156250000E-0003 
 3.49500000000000E+0002  3.17108154296875E-0001 -1.25122070312500E-0002 
 3.50000000000000E+0002  3.09722900390625E-0001 -2.78015136718750E-0002 
 3.50500000000000E+0002  3.01452636718750E-0001 -3.34167480468750E-0002 
 3.51000000000000E+0002  2.98583984375000E-0001 -3.26232910156250E-0002 
 3.51500000000000E+0002  2.99072265625000E-0001 -3.25622558593750E-0002 
 3.52000000000000E+0002  3.00384521484375E-0001 -3.29589843750000E-0002 
 3.52500000000000E+0002  3.03680419921875E-0001 -3.06396484375000E-0002 
 3.53000000000000E+0002  3.10638427734375E-0001 -2.71301269531250E-0002 
 3.53500000000000E+0002  3.14788818359375E-0001 -2.57263183593750E-0002 
 3.54000000000000E+0002  3.12927246093750E-0001 -2.42919921875000E-0002 
 3.54500000000000E+0002  3.08135986328125E-0001 -1.84936523437500E-0002 
 3.55000000000000E+0002  3.03344726562500E-0001 -1.29394531250000E-0002 
 3.55500000000000E+0002  2.97088623046875E-0001 -1.21459960937500E-0002 
 3.56000000000000E+0002  2.91229248046875E-0001 -1.28479003906250E-0002 
 3.56500000000000E+0002  2.91931152343750E-0001 -1.19934082031250E-0002 
 3.57000000000000E+0002  2.99346923828125E-0001 -1.06811523437500E-0002 
 3.57500000000000E+0002  3.10028076171875E-0001 -1.17187500000000E-0002 
 3.58000000000000E+0002  3.17138671875000E-0001 -1.46179199218750E-0002 
 3.58500000000000E+0002  3.18054199218750E-0001 -2.04162597656250E-0002 
 3.59000000000000E+0002  3.13262939453125E-0001 -3.06091308593750E-0002 
 3.59500000000000E+0002  3.02337646484375E-0001 -4.12902832031250E-0002 
 3.60000000000000E+0002  2.88543701171875E-0001 -4.77294921875000E-0002 
 3.60500000000000E+0002  2.77313232421875E-0001 -4.79431152343750E-0002 
 3.61000000000000E+0002  2.72094726562500E-0001 -4.49523925781250E-0002 
 3.61500000000000E+0002  2.71697998046875E-0001 -4.15039062500000E-0002 
 3.62000000000000E+0002  2.73437500000000E-0001 -3.57055664062500E-0002 
 3.62500000000000E+0002  2.75085449218750E-0001 -2.93884277343750E-0002 
 3.63000000000000E+0002  2.72277832031250E-0001 -2.61535644531250E-0002 
 3.63500000000000E+0002  2.65869140625000E-0001 -2.66418457031250E-0002 
 3.64000000000000E+0002  2.60498046875000E-0001 -2.55737304687500E-0002 
 3.64500000000000E+0002  2.59185791015625E-0001 -2.06909179687500E-0002 
 3.65000000000000E+0002  2.59704589843750E-0001 -1.63879394531250E-0002 
 3.65500000000000E+0002  2.61016845703125E-0001 -1.40380859375000E-0002 
 3.66000000000000E+0002  2.65533447265625E-0001 -1.22985839843750E-0002 
 3.66500000000000E+0002  2.71972656250000E-0001 -9.30786132812500E-0003 
 3.67000000000000E+0002  2.77618408203125E-0001 -6.16455078125000E-0003 
 3.67500000000000E+0002  2.81921386718750E-0001 -6.25610351562500E-0003 
 3.68000000000000E+0002  2.83294677734375E-0001 -1.28173828125000E-0002 
 3.68500000000000E+0002  2.80303955078125E-0001 -1.99890136718750E-0002 
 3.69000000000000E+0002  2.78106689453125E-0001 -1.98974609375000E-0002 
 3.69500000000000E+0002  2.79083251953125E-0001 -1.77001953125000E-0002 
 3.70000000000000E+0002  2.78594970703125E-0001 -1.94091796875000E-0002 
 3.70500000000000E+0002  2.73345947265625E-0001 -2.14233398437500E-0002 
 3.71000000000000E+0002  2.68371582031250E-0001 -1.71508789062500E-0002 
 3.71500000000000E+0002  2.67059326171875E-0001 -1.34277343750000E-0002 
 3.72000000000000E+0002  2.63092041015625E-0001 -1.81274414062500E-0002 
 3.72500000000000E+0002  2.53509521484375E-0001 -2.65808105468750E-0002 
 3.73000000000000E+0002  2.46582031250000E-0001 -2.94799804687500E-0002 
 3.73500000000000E+0002  2.48382568359375E-0001 -2.52075195312500E-0002 
 3.74000000000000E+0002  2.57415771484375E-0001 -1.90429687500000E-0002 
 3.74500000000000E+0002  2.68096923828125E-0001 -1.59606933593750E-0002 
 3.75000000000000E+0002  2.76702880859375E-0001 -1.65100097656250E-0002 
 3.75500000000000E+0002  2.83599853515625E-0001 -1.86462402343750E-0002 
 3.76000000000000E+0002  2.85827636718750E-0001 -2.30407714843750E-0002 
 3.76500000000000E+0002  2.80731201171875E-0001 -2.91748046875000E-0002 
 3.77000000000000E+0002  2.67761230468750E-0001 -3.48205566406250E-0002 
 3.77500000000000E+0002  2.50000000000000E-0001 -3.48815917968750E-0002 
 3.78000000000000E+0002  2.33306884765625E-0001 -3.08227539062500E-0002 
 3.78500000000000E+0002  2.20672607421875E-0001 -2.59704589843750E-0002 
 3.79000000000000E+0002  2.14355468750000E-0001 -1.97448730468750E-0002 
 3.79500000000000E+0002  2.16522216796875E-0001 -1.52282714843750E-0002 
 3.80000000000000E+0002  2.22656250000000E-0001 -1.86462402343750E-0002 
 3.80500000000000E+0002  2.31353759765625E-0001 -2.47802734375000E-0002 
 3.81000000000000E+0002  2.44537353515625E-0001 -2.65197753906250E-0002 
 3.81500000000000E+0002  2.60131835937500E-0001 -2.42919921875000E-0002 
 3.82000000000000E+0002  2.71759033203125E-0001 -2.21862792968750E-0002 
 3.82500000000000E+0002  2.79968261718750E-0001 -1.70593261718750E-0002 
 3.83000000000000E+0002  2.89550781250000E-0001 -7.53784179687500E-0003 
 3.83500000000000E+0002  2.96417236328125E-0001  6.10351562500000E-0004 
 3.84000000000000E+0002  2.93701171875000E-0001  7.38525390625000E-0003 
 3.84500000000000E+0002  2.85308837890625E-0001  1.47094726562500E-0002 
 3.85000000000000E+0002  2.75115966796875E-0001  1.73034667968750E-0002 
 3.85500000000000E+0002  2.61993408203125E-0001  1.62353515625000E-0002 
 3.86000000000000E+0002  2.47070312500000E-0001  1.65405273437500E-0002 
 3.86500000000000E+0002  2.34619140625000E-0001  1.70593261718750E-0002 
 3.87000000000000E+0002  2.26379394531250E-0001  1.40380859375000E-0002 
 3.87500000000000E+0002  2.22106933593750E-0001  5.98144531250000E-0003 
 3.88000000000000E+0002  2.21618652343750E-0001 -2.53295898437500E-0003 
 3.88500000000000E+0002  2.26684570312500E-0001 -8.20922851562500E-0003 
 3.89000000000000E+0002  2.36663818359375E-0001 -1.19018554687500E-0002 
 3.89500000000000E+0002  2.47497558593750E-0001 -1.51977539062500E-0002 
 3.90000000000000E+0002  2.57202148437500E-0001 -1.79138183593750E-0002 
 3.90500000000000E+0002  2.67089843750000E-0001 -2.10266113281250E-0002 
 3.91000000000000E+0002  2.76611328125000E-0001 -2.42614746093750E-0002 
 3.91500000000000E+0002  2.84515380859375E-0001 -2.87170410156250E-0002 
 3.92000000000000E+0002  2.86132812500000E-0001 -3.40270996093750E-0002 
 3.92500000000000E+0002  2.83203125000000E-0001 -3.82385253906250E-0002 
 3.93000000000000E+0002  2.79235839843750E-0001 -4.21752929687500E-0002 
 3.93500000000000E+0002  2.72552490234375E-0001 -4.52575683593750E-0002 
 3.94000000000000E+0002  2.63824462890625E-0001 -4.70581054687500E-0002 
 3.94500000000000E+0002  2.56164550781250E-0001 -5.02624511718750E-0002 
 3.95000000000000E+0002  2.51953125000000E-0001 -5.55725097656250E-0002 
 3.95500000000000E+0002  2.49847412109375E-0001 -5.96618652343750E-0002 
 3.96000000000000E+0002  2.44720458984375E-0001 -5.90820312500000E-0002 
 3.96500000000000E+0002  2.38342285156250E-0001 -5.34667968750000E-0002 
 3.97000000000000E+0002  2.33734130859375E-0001 -4.90417480468750E-0002 
 3.97500000000000E+0002  2.30010986328125E-0001 -4.69360351562500E-0002 
 3.98000000000000E+0002  2.23754882812500E-0001 -4.08630371093750E-0002 
 3.98500000000000E+0002  2.04864501953125E-0001 -3.19519042968750E-0002 
 3.99000000000000E+0002  1.73675537109375E-0001 -2.56042480468750E-0002 
 3.99500000000000E+0002  1.38061523437500E-0001 -2.07519531250000E-0002 
