 0.00000000000000E+0000  2.04309082031250E-0001 -7.58917236328126E-0001 
 5.00000000000000E-0001  1.47515869140625E-0001 -7.69708251953124E-0001 
 1.00000000000000E+0000  3.37463378906250E-0002 -6.67681884765626E-0001 
 1.50000000000000E+0000 -1.29937744140625E-0001 -4.57208251953125E-0001 
 2.00000000000000E+0000 -2.71392822265625E-0001 -1.96868896484375E-0001 
 2.50000000000000E+0000 -3.33007812500000E-0001  5.11474609374999E-0002 
 3.00000000000000E+0000 -3.25335693359375E-0001  2.41229248046875E-0001 
 3.50000000000000E+0000 -2.75665283203125E-0001  3.80657958984375E-0001 
 4.00000000000000E+0000 -1.90264892578125E-0001  4.86883544921875E-0001 
 4.50000000000000E+0000 -9.27734374999999E-0002  5.42919921875000E-0001 
 5.00000000000000E+0000 -9.30786132812500E-0003  5.49456787109375E-0001 
 5.50000000000000E+0000  8.22204589843750E-0002  5.26989746093751E-0001 
 6.00000000000000E+0000  1.99743652343750E-0001  4.69866943359374E-0001 
 6.50000000000000E+0000  3.15185546875000E-0001  3.73992919921875E-0001 
 7.00000000000000E+0000  4.07141113281250E-0001  2.62103271484375E-0001 
 7.50000000000000E+0000  4.69952392578124E-0001  1.46972656250000E-0001 
 8.00000000000000E+0000  4.71881103515625E-0001  2.61840820312500E-0002 
 8.50000000000000E+0000  3.84069824218750E-0001 -8.66149902343749E-0002 
 9.00000000000000E+0000  2.32043457031250E-0001 -1.67047119140625E-0001 
 9.50000000000000E+0000  7.04833984374999E-0002 -2.11309814453125E-0001 
 1.00000000000000E+0001 -7.37670898437500E-0002 -2.29449462890625E-0001 
 1.05000000000000E+0001 -1.81970214843750E-0001 -2.18524169921875E-0001 
 1.10000000000000E+0001 -2.26812744140625E-0001 -1.77056884765625E-0001 
 1.15000000000000E+0001 -2.10888671875000E-0001 -1.15447998046875E-0001 
 1.20000000000000E+0001 -1.66094970703125E-0001 -4.53125000000000E-0002 
 1.25000000000000E+0001 -1.15283203124999E-0001  2.54150390625000E-0002 
 1.30000000000000E+0001 -6.30432128906250E-0002  8.82568359375001E-0002 
 1.35000000000000E+0001 -9.54589843750000E-0003  1.33734130859375E-0001 
 1.40000000000000E+0001  5.38085937500000E-0002  1.48797607421875E-0001 
 1.45000000000000E+0001  1.34881591796875E-0001  1.21893310546875E-0001 
 1.50000000000000E+0001  2.24694824218750E-0001  6.41418457031250E-0002 
 1.55000000000000E+0001  3.08587646484375E-0001 -7.01904296874997E-0004 
 1.60000000000000E+0001  3.78009033203125E-0001 -6.10168457031250E-0002 
 1.65000000000000E+0001  4.18444824218749E-0001 -1.11645507812500E-0001 
 1.70000000000000E+0001  4.04406738281250E-0001 -1.39587402343750E-0001 
 1.75000000000000E+0001  3.30041503906250E-0001 -1.36822509765625E-0001 
 1.80000000000000E+0001  2.14788818359375E-0001 -1.17810058593749E-0001 
 1.85000000000000E+0001  7.82348632812501E-0002 -9.89257812500001E-0002 
 1.90000000000000E+0001 -6.49841308593749E-0002 -8.42529296875000E-0002 
 1.95000000000000E+0001 -1.93615722656250E-0001 -7.60314941406251E-0002 
 2.00000000000000E+0001 -2.84783935546875E-0001 -7.19116210937500E-0002 
 2.05000000000000E+0001 -3.32250976562500E-0001 -5.97045898437500E-0002 
 2.10000000000000E+0001 -3.42150878906250E-0001 -2.65258789062500E-0002 
 2.15000000000000E+0001 -3.16571044921875E-0001  2.33825683593750E-0002 
 2.20000000000000E+0001 -2.63757324218750E-0001  8.11584472656250E-0002 
 2.25000000000000E+0001 -1.96844482421875E-0001  1.41595458984375E-0001 
 2.30000000000000E+0001 -1.28979492187500E-0001  1.86303710937500E-0001 
 2.35000000000000E+0001 -6.94152832031249E-0002  1.97271728515625E-0001 
 2.40000000000000E+0001 -2.20764160156250E-0002  1.75610351562500E-0001 
 2.45000000000000E+0001  1.02233886718750E-0002  1.33386230468750E-0001 
 2.50000000000000E+0001  2.93518066406250E-0002  8.12622070312501E-0002 
 2.55000000000000E+0001  3.76281738281249E-0002  2.73254394531250E-0002 
 2.60000000000000E+0001  3.61633300781251E-0002 -1.71264648437500E-0002 
 2.65000000000000E+0001  2.78991699218750E-0002 -5.11962890625000E-0002 
 2.70000000000000E+0001  1.34033203125000E-0002 -8.49426269531251E-0002 
 2.75000000000000E+0001 -1.11389160156249E-0002 -1.20300292968750E-0001 
 2.80000000000000E+0001 -4.54895019531250E-0002 -1.49505615234375E-0001 
 2.85000000000000E+0001 -8.39050292968749E-0002 -1.67877197265625E-0001 
 2.90000000000000E+0001 -1.17340087890624E-0001 -1.73364257812500E-0001 
 2.95000000000000E+0001 -1.37945556640625E-0001 -1.59716796875000E-0001 
 3.00000000000000E+0001 -1.40289306640625E-0001 -1.24444580078124E-0001 
 3.05000000000000E+0001 -1.22344970703125E-0001 -7.64343261718750E-0002 
 3.10000000000000E+0001 -8.89648437500001E-0002 -2.65930175781250E-0002 
 3.15000000000000E+0001 -5.12145996093750E-0002  1.96044921875000E-0002 
 3.20000000000000E+0001 -1.70288085937500E-0002  6.02722167968750E-0002 
 3.25000000000000E+0001  1.17126464843749E-0002  9.16809082031250E-0002 
 3.30000000000000E+0001  3.39599609375000E-0002  1.10931396484374E-0001 
 3.35000000000000E+0001  4.98291015625001E-0002  1.15521240234374E-0001 
 3.40000000000000E+0001  6.11389160156250E-0002  1.04852294921875E-0001 
 3.45000000000000E+0001  6.98669433593750E-0002  8.01757812500001E-0002 
 3.50000000000000E+0001  7.46398925781250E-0002  4.45922851562500E-0002 
 3.55000000000000E+0001  7.24121093750000E-0002  4.40673828125001E-0003 
 3.60000000000000E+0001  6.22375488281250E-0002 -3.25073242187500E-0002 
 3.65000000000000E+0001  4.39331054687499E-0002 -5.93383789062500E-0002 
 3.70000000000000E+0001  1.88720703125000E-0002 -7.34436035156250E-0002 
 3.75000000000000E+0001 -1.03454589843749E-0002 -7.52258300781251E-0002 
 3.80000000000000E+0001 -4.13879394531250E-0002 -6.80908203125000E-0002 
 3.85000000000000E+0001 -7.21374511718750E-0002 -5.44982910156250E-0002 
 3.90000000000000E+0001 -9.76074218750000E-0002 -3.66149902343750E-0002 
 3.95000000000000E+0001 -1.13537597656250E-0001 -1.77062988281250E-0002 
 4.00000000000000E+0001 -1.19158935546874E-0001 -6.71386718750023E-0005 
 4.05000000000000E+0001 -1.13372802734375E-0001  1.60766601562500E-0002 
 4.10000000000000E+0001 -9.53674316406251E-0002  2.77465820312500E-0002 
 4.15000000000000E+0001 -6.94152832031251E-0002  3.43017578125000E-0002 
 4.20000000000000E+0001 -4.02099609375000E-0002  3.68530273437500E-0002 
 4.25000000000000E+0001 -1.29821777343750E-0002  3.42102050781250E-0002 
 4.30000000000000E+0001  7.25708007812499E-0003  2.47558593750000E-0002 
 4.35000000000000E+0001  1.89636230468750E-0002  1.02783203125000E-0002 
 4.40000000000000E+0001  2.40783691406250E-0002 -4.21142578125000E-0003 
 4.45000000000000E+0001  2.60681152343750E-0002 -1.68762207031250E-0002 
 4.50000000000000E+0001  2.42614746093750E-0002 -2.91992187500000E-0002 
 4.55000000000000E+0001  1.93542480468750E-0002 -3.76708984375000E-0002 
 4.60000000000000E+0001  1.44531250000000E-0002 -3.84521484375000E-0002 
 4.65000000000000E+0001  8.12988281250000E-0003 -3.40820312500000E-0002 
 4.70000000000000E+0001 -1.40991210937499E-0003 -2.88208007812500E-0002 
 4.75000000000000E+0001 -1.30676269531250E-0002 -2.60498046875000E-0002 
 4.80000000000000E+0001 -2.38769531250000E-0002 -2.35839843750000E-0002 
 4.85000000000000E+0001 -3.02917480468750E-0002 -1.94030761718750E-0002 
 4.90000000000000E+0001 -2.90100097656250E-0002 -1.46972656250000E-0002 
 4.95000000000000E+0001 -1.97143554687500E-0002 -1.16943359375000E-0002 
 5.00000000000000E+0001 -6.73217773437499E-0003 -1.02478027343750E-0002 
 5.05000000000000E+0001  6.43310546874999E-0003 -9.52758789062498E-0003 
 5.10000000000000E+0001  1.81640625000000E-0002 -1.12243652343749E-0002 
 5.15000000000000E+0001  2.64709472656250E-0002 -1.67724609375000E-0002 
 5.20000000000000E+0001  2.91870117187500E-0002 -2.63916015625000E-0002 
 5.25000000000000E+0001  2.60009765625000E-0002 -3.85681152343751E-0002 
 5.30000000000000E+0001  2.02514648437500E-0002 -5.07263183593749E-0002 
 5.35000000000000E+0001  1.34216308593749E-0002 -6.06201171875000E-0002 
 5.40000000000000E+0001  5.37719726562500E-0003 -6.71752929687500E-0002 
 5.45000000000000E+0001 -4.27856445312500E-0003 -7.06481933593750E-0002 
 5.50000000000000E+0001 -1.33483886718749E-0002 -6.86157226562500E-0002 
 5.55000000000000E+0001 -2.04406738281250E-0002 -5.93139648437499E-0002 
 5.60000000000000E+0001 -2.73498535156250E-0002 -4.56420898437500E-0002 
 5.65000000000000E+0001 -3.48388671875000E-0002 -3.17443847656250E-0002 
 5.70000000000000E+0001 -3.98193359375000E-0002 -1.92077636718750E-0002 
 5.75000000000000E+0001 -4.02648925781250E-0002 -8.49609375000001E-0003 
 5.80000000000000E+0001 -3.57604980468750E-0002 -1.89208984375000E-0003 
 5.85000000000000E+0001 -2.57141113281250E-0002 -4.82177734375001E-0004 
 5.90000000000000E+0001 -1.12609863281249E-0002 -2.20947265624999E-0003 
 5.95000000000000E+0001  3.46679687500000E-0003 -3.53393554687499E-0003 
 6.00000000000000E+0001  1.51855468750000E-0002 -4.11376953124999E-0003 
 6.05000000000000E+0001  2.18444824218750E-0002 -6.10961914062500E-0003 
 6.10000000000000E+0001  2.26318359375000E-0002 -1.08520507812499E-0002 
 6.15000000000000E+0001  1.68334960937500E-0002 -1.80541992187501E-0002 
 6.20000000000000E+0001  9.04541015625004E-0003 -2.56958007812500E-0002 
 6.25000000000000E+0001  3.85131835937500E-0003 -3.62304687500000E-0002 
 6.30000000000000E+0001  1.40380859374997E-0004 -5.02929687500000E-0002 
 6.35000000000000E+0001 -5.62744140625000E-0003 -6.24511718750000E-0002 
 6.40000000000000E+0001 -1.36230468749999E-0002 -6.68640136718750E-0002 
 6.45000000000000E+0001 -2.07946777343750E-0002 -6.45935058593749E-0002 
 6.50000000000000E+0001 -2.70019531250000E-0002 -5.89111328124999E-0002 
 6.55000000000000E+0001 -3.31970214843750E-0002 -4.87487792968750E-0002 
 6.60000000000000E+0001 -3.75366210937500E-0002 -3.45642089843750E-0002 
 6.65000000000000E+0001 -3.69445800781250E-0002 -2.04345703125001E-0002 
 6.70000000000000E+0001 -2.98339843750000E-0002 -1.13403320312500E-0002 
 6.75000000000000E+0001 -1.78466796875000E-0002 -7.42797851562499E-0003 
 6.80000000000000E+0001 -5.84106445312500E-0003 -6.82373046875002E-0003 
 6.85000000000000E+0001  2.88696289062500E-0003 -6.87866210937501E-0003 
 6.90000000000000E+0001  8.52661132812502E-0003 -6.25610351562502E-0003 
 6.95000000000000E+0001  1.20300292968750E-0002 -6.67114257812500E-0003 
 7.00000000000000E+0001  1.28845214843750E-0002 -8.43505859375000E-0003 
 7.05000000000000E+0001  1.13586425781250E-0002 -1.14318847656250E-0002 
 7.10000000000000E+0001  9.50317382812500E-0003 -1.61254882812500E-0002 
 7.15000000000000E+0001  7.66601562500000E-0003 -2.17895507812500E-0002 
 7.20000000000000E+0001  4.65087890625000E-0003 -2.77893066406250E-0002 
 7.25000000000000E+0001  2.74658203124999E-0004 -3.04199218750000E-0002 
 7.30000000000000E+0001 -4.74243164062501E-0003 -2.87536621093750E-0002 
 7.35000000000000E+0001 -9.32617187500001E-0003 -2.53906250000000E-0002 
 7.40000000000000E+0001 -1.29882812500000E-0002 -2.26501464843750E-0002 
 7.45000000000000E+0001 -1.60217285156250E-0002 -2.14660644531250E-0002 
 7.50000000000000E+0001 -1.74011230468750E-0002 -2.17346191406250E-0002 
 7.55000000000000E+0001 -1.68823242187500E-0002 -2.27416992187500E-0002 
 7.60000000000000E+0001 -1.48925781249999E-0002 -2.37854003906250E-0002 
 7.65000000000000E+0001 -1.24389648437500E-0002 -2.32910156250000E-0002 
 7.70000000000000E+0001 -7.76977539062500E-0003 -2.09167480468750E-0002 
 7.75000000000000E+0001 -1.03149414062500E-0003 -1.71264648437500E-0002 
 7.80000000000000E+0001  5.05981445312500E-0003 -1.31774902343750E-0002 
 7.85000000000000E+0001  6.97021484375000E-0003 -1.14074707031250E-0002 
 7.90000000000000E+0001  4.20532226562500E-0003 -1.14685058593749E-0002 
 7.95000000000000E+0001 -5.67626953125000E-0004 -1.29699707031250E-0002 
 8.00000000000000E+0001 -6.10961914062500E-0003 -1.61132812500000E-0002 
 8.05000000000000E+0001 -1.10656738281250E-0002 -2.05810546875000E-0002 
 8.10000000000000E+0001 -1.43676757812500E-0002 -2.47131347656250E-0002 
 8.15000000000000E+0001 -1.44836425781250E-0002 -2.51403808593750E-0002 
 8.20000000000000E+0001 -1.09924316406250E-0002 -2.25341796875000E-0002 
 8.25000000000000E+0001 -6.98852539062500E-0003 -1.95373535156250E-0002 
 8.30000000000000E+0001 -3.66210937500000E-0003 -1.76696777343750E-0002 
 8.35000000000000E+0001 -1.48315429687499E-0003 -1.83654785156250E-0002 
 8.40000000000000E+0001  2.99072265625003E-0004 -2.17346191406250E-0002 
 8.45000000000000E+0001  1.62963867187500E-0003 -2.81860351562500E-0002 
 8.50000000000000E+0001  1.17187499999999E-0003 -3.61572265624999E-0002 
 8.55000000000000E+0001 -7.26318359375002E-0004 -4.18273925781250E-0002 
 8.60000000000000E+0001 -2.88085937499999E-0003 -4.24194335937500E-0002 
 8.65000000000000E+0001 -5.10253906250000E-0003 -3.93432617187500E-0002 
 8.70000000000000E+0001 -7.53173828125000E-0003 -3.58093261718750E-0002 
 8.75000000000000E+0001 -9.80224609375001E-0003 -3.33984375000000E-0002 
 8.80000000000000E+0001 -1.09313964843749E-0002 -3.21655273437500E-0002 
 8.85000000000000E+0001 -1.01257324218749E-0002 -3.25805664062500E-0002 
 8.90000000000000E+0001 -7.50122070312500E-0003 -3.51257324218750E-0002 
 8.95000000000000E+0001 -3.23486328125000E-0003 -3.86657714843750E-0002 
 9.00000000000000E+0001  1.58691406250000E-0004 -4.07836914062500E-0002 
 9.05000000000000E+0001  1.31225585937500E-0003 -3.91235351562500E-0002 
 9.10000000000000E+0001  8.78906250000003E-0004 -3.42590332031251E-0002 
 9.15000000000000E+0001 -2.42309570312500E-0003 -2.79479980468750E-0002 
 9.20000000000000E+0001 -7.86743164062501E-0003 -2.10205078125000E-0002 
 9.25000000000000E+0001 -1.33422851562500E-0002 -1.34704589843749E-0002 
 9.30000000000000E+0001 -1.68029785156250E-0002 -7.62329101562501E-0003 
 9.35000000000000E+0001 -1.81762695312500E-0002 -4.51049804687499E-0003 
 9.40000000000000E+0001 -1.83105468750000E-0002 -3.10668945312500E-0003 
 9.45000000000000E+0001 -1.70654296875000E-0002 -2.72216796875001E-0003 
 9.50000000000000E+0001 -1.51184082031250E-0002 -3.28979492187499E-0003 
 9.55000000000000E+0001 -1.48681640625000E-0002 -3.82080078125001E-0003 
 9.60000000000000E+0001 -1.50268554687500E-0002 -3.44848632812500E-0003 
 9.65000000000000E+0001 -1.56738281250000E-0002 -3.85742187500000E-0003 
 9.70000000000000E+0001 -1.67297363281250E-0002 -5.87768554687500E-0003 
 9.75000000000000E+0001 -1.69250488281250E-0002 -9.50317382812499E-0003 
 9.80000000000000E+0001 -1.64489746093750E-0002 -1.37756347656249E-0002 
 9.85000000000000E+0001 -1.56311035156250E-0002 -1.58996582031250E-0002 
 9.90000000000000E+0001 -1.31469726562500E-0002 -1.63818359375000E-0002 
 9.95000000000000E+0001 -1.05163574218750E-0002 -1.80053710937500E-0002 
 1.00000000000000E+0002 -1.11450195312500E-0002 -1.94091796875000E-0002 
 1.00500000000000E+0002 -1.40319824218749E-0002 -1.73645019531250E-0002 
 1.01000000000000E+0002 -1.53259277343750E-0002 -1.37756347656250E-0002 
 1.01500000000000E+0002 -1.52282714843749E-0002 -1.42150878906250E-0002 
 1.02000000000000E+0002 -1.66198730468750E-0002 -1.83959960937500E-0002 
 1.02500000000000E+0002 -1.84631347656250E-0002 -2.04406738281250E-0002 
 1.03000000000000E+0002 -1.81091308593750E-0002 -2.04284667968750E-0002 
 1.03500000000000E+0002 -1.72363281250000E-0002 -2.09838867187500E-0002 
 1.04000000000000E+0002 -1.66259765625000E-0002 -2.10205078125000E-0002 
 1.04500000000000E+0002 -1.45324707031250E-0002 -1.81640625000000E-0002 
 1.05000000000000E+0002 -1.02844238281250E-0002 -1.36596679687500E-0002 
 1.05500000000000E+0002 -5.27343750000000E-0003 -9.84497070312500E-0003 
 1.06000000000000E+0002 -5.12695312500007E-0004 -8.51440429687499E-0003 
 1.06500000000000E+0002  2.37426757812500E-0003 -1.01928710937500E-0002 
 1.07000000000000E+0002  2.38647460937499E-0003 -1.32263183593750E-0002 
 1.07500000000000E+0002  8.60595703125002E-0004 -1.70776367187500E-0002 
 1.08000000000000E+0002 -1.99584960937500E-0003 -2.21313476562500E-0002 
 1.08500000000000E+0002 -6.91528320312500E-0003 -2.79785156250000E-0002 
 1.09000000000000E+0002 -1.18835449218750E-0002 -3.05480957031250E-0002 
 1.09500000000000E+0002 -1.51794433593750E-0002 -2.90527343750000E-0002 
 1.10000000000000E+0002 -1.89392089843750E-0002 -2.59948730468750E-0002 
 1.10500000000000E+0002 -2.47558593750000E-0002 -2.24609375000000E-0002 
 1.11000000000000E+0002 -2.93273925781250E-0002 -1.66564941406250E-0002 
 1.11500000000000E+0002 -2.93823242187500E-0002 -1.01318359375000E-0002 
 1.12000000000000E+0002 -2.70202636718750E-0002 -7.25708007812500E-0003 
 1.12500000000000E+0002 -2.45666503906250E-0002 -9.94873046875000E-0003 
 1.13000000000000E+0002 -2.18017578125000E-0002 -1.49841308593749E-0002 
 1.13500000000000E+0002 -1.84387207031250E-0002 -1.89819335937500E-0002 
 1.14000000000000E+0002 -1.55212402343750E-0002 -2.18200683593750E-0002 
 1.14500000000000E+0002 -1.29516601562500E-0002 -2.53479003906250E-0002 
 1.15000000000000E+0002 -1.06933593750000E-0002 -2.85705566406251E-0002 
 1.15500000000000E+0002 -8.80737304687501E-0003 -3.05725097656250E-0002 
 1.16000000000000E+0002 -7.45239257812500E-0003 -3.10729980468750E-0002 
 1.16500000000000E+0002 -8.29467773437501E-0003 -3.04016113281250E-0002 
 1.17000000000000E+0002 -1.09924316406249E-0002 -2.92541503906250E-0002 
 1.17500000000000E+0002 -1.50695800781249E-0002 -2.85400390625000E-0002 
 1.18000000000000E+0002 -2.07885742187500E-0002 -2.70690917968750E-0002 
 1.18500000000000E+0002 -2.67883300781250E-0002 -2.38708496093750E-0002 
 1.19000000000000E+0002 -3.01147460937500E-0002 -2.22961425781250E-0002 
 1.19500000000000E+0002 -2.98339843750000E-0002 -2.34375000000000E-0002 
 1.20000000000000E+0002 -2.74291992187500E-0002 -2.46337890625000E-0002 
 1.20500000000000E+0002 -2.40905761718750E-0002 -2.41638183593750E-0002 
 1.21000000000000E+0002 -2.04650878906250E-0002 -2.25341796875000E-0002 
 1.21500000000000E+0002 -1.63024902343750E-0002 -2.06970214843750E-0002 
 1.22000000000000E+0002 -1.24023437499999E-0002 -1.87500000000000E-0002 
 1.22500000000000E+0002 -8.92944335937500E-0003 -1.67175292968750E-0002 
 1.23000000000000E+0002 -6.14624023437500E-0003 -1.64550781250000E-0002 
 1.23500000000000E+0002 -3.92456054687500E-0003 -1.77795410156250E-0002 
 1.24000000000000E+0002 -3.25927734375000E-0003 -2.13256835937500E-0002 
 1.24500000000000E+0002 -5.90209960937500E-0003 -2.62451171875000E-0002 
 1.25000000000000E+0002 -1.08154296875000E-0002 -2.89733886718750E-0002 
 1.25500000000000E+0002 -1.64367675781250E-0002 -2.98461914062500E-0002 
 1.26000000000000E+0002 -2.20214843750000E-0002 -2.99438476562500E-0002 
 1.26500000000000E+0002 -2.66723632812500E-0002 -2.94555664062500E-0002 
 1.27000000000000E+0002 -3.03527832031250E-0002 -2.81188964843750E-0002 
 1.27500000000000E+0002 -3.32275390625000E-0002 -2.53967285156249E-0002 
 1.28000000000000E+0002 -3.48388671875000E-0002 -2.23999023437500E-0002 
 1.28500000000000E+0002 -3.46557617187500E-0002 -2.01904296875000E-0002 
 1.29000000000000E+0002 -3.43383789062500E-0002 -1.93969726562500E-0002 
 1.29500000000000E+0002 -3.44787597656250E-0002 -1.80664062500000E-0002 
 1.30000000000000E+0002 -3.23669433593750E-0002 -1.53442382812499E-0002 
 1.30500000000000E+0002 -2.74536132812500E-0002 -1.39770507812500E-0002 
 1.31000000000000E+0002 -2.34130859375000E-0002 -1.46545410156249E-0002 
 1.31500000000000E+0002 -2.05566406250000E-0002 -1.43249511718749E-0002 
 1.32000000000000E+0002 -1.74011230468750E-0002 -1.25610351562500E-0002 
 1.32500000000000E+0002 -1.52526855468749E-0002 -1.15112304687500E-0002 
 1.33000000000000E+0002 -1.54785156249999E-0002 -1.09436035156250E-0002 
 1.33500000000000E+0002 -1.65344238281250E-0002 -1.00646972656250E-0002 
 1.34000000000000E+0002 -1.89880371093750E-0002 -9.60083007812501E-0003 
 1.34500000000000E+0002 -2.35412597656250E-0002 -9.43603515625001E-0003 
 1.35000000000000E+0002 -2.63732910156250E-0002 -8.21533203125001E-0003 
 1.35500000000000E+0002 -2.45544433593750E-0002 -6.42089843749999E-0003 
 1.36000000000000E+0002 -2.11059570312500E-0002 -6.17065429687500E-0003 
 1.36500000000000E+0002 -1.89208984375000E-0002 -7.88574218749999E-0003 
 1.37000000000000E+0002 -1.60705566406250E-0002 -9.52148437500000E-0003 
 1.37500000000000E+0002 -1.20300292968749E-0002 -1.15112304687500E-0002 
 1.38000000000000E+0002 -1.05224609375000E-0002 -1.50268554687499E-0002 
 1.38500000000000E+0002 -1.28845214843750E-0002 -1.87744140625000E-0002 
 1.39000000000000E+0002 -1.56982421875000E-0002 -2.11059570312500E-0002 
 1.39500000000000E+0002 -1.67419433593750E-0002 -2.15393066406250E-0002 
 1.40000000000000E+0002 -1.60583496093750E-0002 -2.26196289062500E-0002 
 1.40500000000000E+0002 -1.53686523437499E-0002 -2.64160156250000E-0002 
 1.41000000000000E+0002 -1.54235839843750E-0002 -3.01574707031250E-0002 
 1.41500000000000E+0002 -1.59484863281250E-0002 -3.17443847656250E-0002 
 1.42000000000000E+0002 -1.65283203125000E-0002 -3.16406250000000E-0002 
 1.42500000000000E+0002 -1.69433593750000E-0002 -3.05114746093750E-0002 
 1.43000000000000E+0002 -1.69677734375000E-0002 -2.77465820312500E-0002 
 1.43500000000000E+0002 -1.57348632812500E-0002 -2.27294921875000E-0002 
 1.44000000000000E+0002 -1.31774902343750E-0002 -1.87561035156250E-0002 
 1.44500000000000E+0002 -1.08093261718750E-0002 -1.92993164062500E-0002 
 1.45000000000000E+0002 -8.85620117187501E-0003 -2.26440429687500E-0002 
 1.45500000000000E+0002 -7.39746093750000E-0003 -2.63122558593750E-0002 
 1.46000000000000E+0002 -6.37817382812501E-0003 -2.89611816406250E-0002 
 1.46500000000000E+0002 -6.17065429687500E-0003 -3.05297851562500E-0002 
 1.47000000000000E+0002 -6.64062500000000E-0003 -3.03955078125000E-0002 
 1.47500000000000E+0002 -7.18994140625002E-0003 -2.86926269531250E-0002 
 1.48000000000000E+0002 -6.78100585937501E-0003 -2.58117675781250E-0002 
 1.48500000000000E+0002 -7.00073242187500E-0003 -2.38830566406250E-0002 
 1.49000000000000E+0002 -1.03149414062499E-0002 -2.26867675781250E-0002 
 1.49500000000000E+0002 -1.46545410156249E-0002 -2.10449218750000E-0002 
 1.50000000000000E+0002 -1.77185058593750E-0002 -1.92871093750000E-0002 
 1.50500000000000E+0002 -2.07885742187500E-0002 -1.78833007812500E-0002 
 1.51000000000000E+0002 -2.39624023437500E-0002 -1.73400878906250E-0002 
 1.51500000000000E+0002 -2.55004882812500E-0002 -1.78833007812500E-0002 
 1.52000000000000E+0002 -2.48901367187500E-0002 -2.01049804687500E-0002 
 1.52500000000000E+0002 -2.43164062500000E-0002 -2.36450195312500E-0002 
 1.53000000000000E+0002 -2.42248535156250E-0002 -2.70141601562500E-0002 
 1.53500000000000E+0002 -2.25341796875000E-0002 -3.00903320312500E-0002 
 1.54000000000000E+0002 -2.04589843750000E-0002 -3.27087402343750E-0002 
 1.54500000000000E+0002 -1.99890136718750E-0002 -3.51074218750000E-0002 
 1.55000000000000E+0002 -2.00012207031250E-0002 -3.72253417968749E-0002 
 1.55500000000000E+0002 -2.03063964843750E-0002 -3.93005371093750E-0002 
 1.56000000000000E+0002 -2.13928222656250E-0002 -3.92883300781250E-0002 
 1.56500000000000E+0002 -2.23876953125000E-0002 -3.66210937500000E-0002 
 1.57000000000000E+0002 -2.41394042968750E-0002 -3.32458496093750E-0002 
 1.57500000000000E+0002 -2.68066406250000E-0002 -2.97912597656250E-0002 
 1.58000000000000E+0002 -2.90222167968750E-0002 -2.50366210937500E-0002 
 1.58500000000000E+0002 -2.99560546875000E-0002 -1.97998046875000E-0002 
 1.59000000000000E+0002 -2.92358398437500E-0002 -1.69372558593750E-0002 
 1.59500000000000E+0002 -2.87292480468750E-0002 -1.69616699218750E-0002 
 1.60000000000000E+0002 -2.66540527343750E-0002 -1.78100585937500E-0002 
 1.60500000000000E+0002 -2.24365234375000E-0002 -1.96289062500000E-0002 
 1.61000000000000E+0002 -1.70654296875000E-0002 -2.36450195312500E-0002 
 1.61500000000000E+0002 -1.16638183593750E-0002 -2.94799804687500E-0002 
 1.62000000000000E+0002 -7.65380859375000E-0003 -3.52905273437500E-0002 
 1.62500000000000E+0002 -5.21850585937500E-0003 -4.04113769531250E-0002 
 1.63000000000000E+0002 -4.59594726562501E-0003 -4.52453613281250E-0002 
 1.63500000000000E+0002 -4.92553710937500E-0003 -4.81811523437500E-0002 
 1.64000000000000E+0002 -6.38427734375000E-0003 -4.79125976562500E-0002 
 1.64500000000000E+0002 -9.16137695312500E-0003 -4.49584960937500E-0002 
 1.65000000000000E+0002 -1.17248535156250E-0002 -4.13085937500001E-0002 
 1.65500000000000E+0002 -1.43249511718750E-0002 -3.91296386718750E-0002 
 1.66000000000000E+0002 -1.62475585937500E-0002 -3.72924804687499E-0002 
 1.66500000000000E+0002 -1.77734375000000E-0002 -3.70666503906250E-0002 
 1.67000000000000E+0002 -1.84020996093750E-0002 -4.01306152343750E-0002 
 1.67500000000000E+0002 -1.84570312500000E-0002 -4.48425292968750E-0002 
 1.68000000000000E+0002 -1.92077636718750E-0002 -4.83764648437500E-0002 
 1.68500000000000E+0002 -2.07763671875000E-0002 -4.89379882812500E-0002 
 1.69000000000000E+0002 -2.17102050781250E-0002 -4.64111328125000E-0002 
 1.69500000000000E+0002 -2.24853515625000E-0002 -4.09667968750000E-0002 
 1.70000000000000E+0002 -2.55859375000000E-0002 -3.43139648437500E-0002 
 1.70500000000000E+0002 -3.11157226562500E-0002 -2.78869628906250E-0002 
 1.71000000000000E+0002 -3.53332519531250E-0002 -2.17102050781250E-0002 
 1.71500000000000E+0002 -3.69995117187500E-0002 -1.67846679687500E-0002 
 1.72000000000000E+0002 -3.79699707031251E-0002 -1.44042968750000E-0002 
 1.72500000000000E+0002 -3.81896972656250E-0002 -1.41601562500000E-0002 
 1.73000000000000E+0002 -3.65966796875001E-0002 -1.50451660156250E-0002 
 1.73500000000000E+0002 -3.38867187500000E-0002 -1.73645019531250E-0002 
 1.74000000000000E+0002 -3.23791503906250E-0002 -2.00439453125000E-0002 
 1.74500000000000E+0002 -3.25195312500000E-0002 -2.10693359375000E-0002 
 1.75000000000000E+0002 -3.39355468750000E-0002 -2.04650878906250E-0002 
 1.75500000000000E+0002 -3.62243652343750E-0002 -1.85913085937500E-0002 
 1.76000000000000E+0002 -3.85437011718750E-0002 -1.67114257812500E-0002 
 1.76500000000000E+0002 -3.88977050781250E-0002 -1.47094726562500E-0002 
 1.77000000000000E+0002 -3.78479003906250E-0002 -1.41296386718749E-0002 
 1.77500000000000E+0002 -3.70422363281250E-0002 -1.48620605468749E-0002 
 1.78000000000000E+0002 -3.53454589843750E-0002 -1.47705078124999E-0002 
 1.78500000000000E+0002 -3.16101074218750E-0002 -1.45629882812499E-0002 
 1.79000000000000E+0002 -2.86193847656250E-0002 -1.49475097656250E-0002 
 1.79500000000000E+0002 -2.79541015625000E-0002 -1.57592773437500E-0002 
 1.80000000000000E+0002 -2.89062500000000E-0002 -1.70837402343750E-0002 
 1.80500000000000E+0002 -2.96386718750000E-0002 -1.93054199218750E-0002 
 1.81000000000000E+0002 -3.17443847656250E-0002 -2.29125976562500E-0002 
 1.81500000000000E+0002 -3.57299804687500E-0002 -2.52441406250000E-0002 
 1.82000000000000E+0002 -3.83972167968750E-0002 -2.36328125000000E-0002 
 1.82500000000000E+0002 -3.84887695312500E-0002 -2.06359863281250E-0002 
 1.83000000000000E+0002 -3.67004394531250E-0002 -1.86706542968750E-0002 
 1.83500000000000E+0002 -3.39965820312500E-0002 -1.88171386718750E-0002 
 1.84000000000000E+0002 -3.10058593750000E-0002 -2.20764160156250E-0002 
 1.84500000000000E+0002 -2.88330078125000E-0002 -2.76000976562500E-0002 
 1.85000000000000E+0002 -2.83081054687500E-0002 -3.30261230468750E-0002 
 1.85500000000000E+0002 -2.88085937500000E-0002 -3.65173339843750E-0002 
 1.86000000000000E+0002 -2.94494628906250E-0002 -3.75732421875000E-0002 
 1.86500000000000E+0002 -3.03344726562500E-0002 -3.49731445312500E-0002 
 1.87000000000000E+0002 -3.08532714843750E-0002 -2.75756835937500E-0002 
 1.87500000000000E+0002 -2.88818359375000E-0002 -1.89086914062500E-0002 
 1.88000000000000E+0002 -2.58117675781250E-0002 -1.28906250000000E-0002 
 1.88500000000000E+0002 -2.27539062500000E-0002 -9.42993164062502E-0003 
 1.89000000000000E+0002 -1.97509765625000E-0002 -8.97216796874998E-0003 
 1.89500000000000E+0002 -1.77429199218750E-0002 -1.31713867187500E-0002 
 1.90000000000000E+0002 -1.72851562500000E-0002 -1.92565917968750E-0002 
 1.90500000000000E+0002 -1.78405761718750E-0002 -2.25219726562500E-0002 
 1.91000000000000E+0002 -1.91101074218750E-0002 -2.22717285156250E-0002 
 1.91500000000000E+0002 -2.06665039062500E-0002 -1.99340820312500E-0002 
 1.92000000000000E+0002 -2.23815917968750E-0002 -1.66503906250000E-0002 
 1.92500000000000E+0002 -2.36145019531250E-0002 -1.32629394531250E-0002 
 1.93000000000000E+0002 -2.33825683593750E-0002 -1.25366210937500E-0002 
 1.93500000000000E+0002 -2.17163085937500E-0002 -1.65466308593750E-0002 
 1.94000000000000E+0002 -2.09777832031250E-0002 -2.36511230468750E-0002 
 1.94500000000000E+0002 -2.26806640625001E-0002 -3.00109863281250E-0002 
 1.95000000000000E+0002 -2.60925292968750E-0002 -3.28186035156250E-0002 
 1.95500000000000E+0002 -2.84179687500000E-0002 -3.23364257812500E-0002 
 1.96000000000000E+0002 -2.98583984375000E-0002 -2.97973632812500E-0002 
 1.96500000000000E+0002 -3.21960449218750E-0002 -2.49328613281250E-0002 
 1.97000000000000E+0002 -3.40270996093750E-0002 -1.98486328125000E-0002 
 1.97500000000000E+0002 -3.43017578125000E-0002 -1.70593261718750E-0002 
 1.98000000000000E+0002 -3.49426269531250E-0002 -1.69860839843750E-0002 
 1.98500000000000E+0002 -3.72192382812502E-0002 -1.76879882812500E-0002 
 1.99000000000000E+0002 -3.91906738281250E-0002 -1.72363281250000E-0002 
 1.99500000000000E+0002 -3.75854492187499E-0002 -1.70410156250000E-0002 
 2.00000000000000E+0002 -3.31542968750000E-0002 -1.75476074218750E-0002 
 2.00500000000000E+0002 -2.76306152343749E-0002 -1.73522949218750E-0002 
 2.01000000000000E+0002 -2.08312988281250E-0002 -1.51611328125000E-0002 
 2.01500000000000E+0002 -1.26464843750000E-0002 -1.35681152343750E-0002 
 2.02000000000000E+0002 -4.85229492187500E-0003 -1.43737792968750E-0002 
 2.02500000000000E+0002 -9.27734375000001E-0004 -1.66503906250000E-0002 
 2.03000000000000E+0002 -1.95922851562500E-0003 -1.90551757812500E-0002 
 2.03500000000000E+0002 -3.58276367187501E-0003 -2.09228515625000E-0002 
 2.04000000000000E+0002 -5.00488281249999E-0003 -2.38281250000000E-0002 
 2.04500000000000E+0002 -8.86840820312499E-0003 -2.71789550781250E-0002 
 2.05000000000000E+0002 -1.43432617187500E-0002 -2.89672851562500E-0002 
 2.05500000000000E+0002 -1.77062988281250E-0002 -2.93701171875000E-0002 
 2.06000000000000E+0002 -1.92687988281250E-0002 -2.88146972656250E-0002 
 2.06500000000000E+0002 -2.13439941406250E-0002 -2.76489257812499E-0002 
 2.07000000000000E+0002 -2.41760253906250E-0002 -2.55615234375000E-0002 
 2.07500000000000E+0002 -2.55615234375000E-0002 -2.43286132812501E-0002 
 2.08000000000000E+0002 -2.49877929687500E-0002 -2.58789062500000E-0002 
 2.08500000000000E+0002 -2.31933593750000E-0002 -2.85644531250000E-0002 
 2.09000000000000E+0002 -2.07397460937500E-0002 -3.00659179687499E-0002 
 2.09500000000000E+0002 -1.74011230468750E-0002 -3.12561035156250E-0002 
 2.10000000000000E+0002 -1.49719238281250E-0002 -3.35083007812500E-0002 
 2.10500000000000E+0002 -1.50817871093749E-0002 -3.39904785156250E-0002 
 2.11000000000000E+0002 -1.72546386718750E-0002 -3.13415527343750E-0002 
 2.11500000000000E+0002 -1.94641113281250E-0002 -2.83142089843750E-0002 
 2.12000000000000E+0002 -2.08312988281250E-0002 -2.77099609375000E-0002 
 2.12500000000000E+0002 -2.30102539062500E-0002 -2.78259277343750E-0002 
 2.13000000000000E+0002 -2.49389648437500E-0002 -2.67944335937500E-0002 
 2.13500000000000E+0002 -2.43347167968750E-0002 -2.56225585937500E-0002 
 2.14000000000000E+0002 -2.33581542968750E-0002 -2.51159667968750E-0002 
 2.14500000000000E+0002 -2.52685546875000E-0002 -2.36450195312500E-0002 
 2.15000000000000E+0002 -2.93762207031250E-0002 -2.01965332031250E-0002 
 2.15500000000000E+0002 -3.17382812500000E-0002 -1.63391113281250E-0002 
 2.16000000000000E+0002 -3.10180664062500E-0002 -1.50207519531249E-0002 
 2.16500000000000E+0002 -2.90222167968750E-0002 -1.60827636718750E-0002 
 2.17000000000000E+0002 -2.73315429687500E-0002 -1.72485351562500E-0002 
 2.17500000000000E+0002 -2.46276855468750E-0002 -1.67541503906250E-0002 
 2.18000000000000E+0002 -2.01965332031250E-0002 -1.46972656250000E-0002 
 2.18500000000000E+0002 -1.61071777343750E-0002 -1.17370605468750E-0002 
 2.19000000000000E+0002 -1.46911621093750E-0002 -7.87353515625001E-0003 
 2.19500000000000E+0002 -1.48986816406250E-0002 -4.09545898437501E-0003 
 2.20000000000000E+0002 -1.43737792968750E-0002 -2.14233398437500E-0003 
 2.20500000000000E+0002 -1.26525878906250E-0002 -3.94897460937500E-0003 
 2.21000000000000E+0002 -1.17980957031250E-0002 -9.21630859374999E-0003 
 2.21500000000000E+0002 -1.29699707031250E-0002 -1.45324707031249E-0002 
 2.22000000000000E+0002 -1.34643554687500E-0002 -1.72668457031250E-0002 
 2.22500000000000E+0002 -1.23474121093749E-0002 -1.95678710937500E-0002 
 2.23000000000000E+0002 -1.23413085937499E-0002 -2.14965820312500E-0002 
 2.23500000000000E+0002 -1.33239746093749E-0002 -2.21862792968750E-0002 
 2.24000000000000E+0002 -1.35253906249999E-0002 -2.33764648437500E-0002 
 2.24500000000000E+0002 -1.34826660156250E-0002 -2.67517089843750E-0002 
 2.25000000000000E+0002 -1.58874511718750E-0002 -3.01269531249999E-0002 
 2.25500000000000E+0002 -2.03552246093750E-0002 -3.06884765625000E-0002 
 2.26000000000000E+0002 -2.36389160156250E-0002 -2.92053222656250E-0002 
 2.26500000000000E+0002 -2.57629394531250E-0002 -2.68554687500000E-0002 
 2.27000000000000E+0002 -2.72521972656250E-0002 -2.19055175781250E-0002 
 2.27500000000000E+0002 -2.59643554687500E-0002 -1.68457031250000E-0002 
 2.28000000000000E+0002 -2.28332519531250E-0002 -1.57836914062500E-0002 
 2.28500000000000E+0002 -1.98364257812500E-0002 -1.83837890625000E-0002 
 2.29000000000000E+0002 -1.80358886718750E-0002 -2.15759277343750E-0002 
 2.29500000000000E+0002 -1.71936035156250E-0002 -2.29736328125000E-0002 
 2.30000000000000E+0002 -1.68823242187500E-0002 -2.26562500000000E-0002 
 2.30500000000000E+0002 -1.63757324218750E-0002 -2.08007812500000E-0002 
 2.31000000000000E+0002 -1.54357910156250E-0002 -1.71630859375000E-0002 
 2.31500000000000E+0002 -1.37451171875000E-0002 -1.36047363281250E-0002 
 2.32000000000000E+0002 -1.25122070312500E-0002 -1.24633789062500E-0002 
 2.32500000000000E+0002 -1.31469726562500E-0002 -1.35925292968750E-0002 
 2.33000000000000E+0002 -1.56250000000000E-0002 -1.69677734375000E-0002 
 2.33500000000000E+0002 -2.07885742187500E-0002 -2.13500976562500E-0002 
 2.34000000000000E+0002 -2.66235351562500E-0002 -2.45361328125000E-0002 
 2.34500000000000E+0002 -2.96203613281250E-0002 -2.65808105468750E-0002 
 2.35000000000000E+0002 -2.96569824218751E-0002 -2.82348632812500E-0002 
 2.35500000000000E+0002 -2.88024902343750E-0002 -2.91015625000000E-0002 
 2.36000000000000E+0002 -2.74291992187500E-0002 -2.76672363281250E-0002 
 2.36500000000000E+0002 -2.43652343750000E-0002 -2.49267578125000E-0002 
 2.37000000000000E+0002 -2.01965332031250E-0002 -2.17102050781250E-0002 
 2.37500000000000E+0002 -1.63269042968750E-0002 -1.80053710937500E-0002 
 2.38000000000000E+0002 -1.20971679687500E-0002 -1.47155761718750E-0002 
 2.38500000000000E+0002 -6.51245117187500E-0003 -1.43310546874999E-0002 
 2.39000000000000E+0002 -1.53808593749999E-0003 -1.69067382812500E-0002 
 2.39500000000000E+0002 -8.42285156250001E-0004 -2.04467773437500E-0002 
 2.40000000000000E+0002 -4.96215820312500E-0003 -2.29736328125000E-0002 
 2.40500000000000E+0002 -1.23718261718750E-0002 -2.42492675781250E-0002 
 2.41000000000000E+0002 -2.00561523437500E-0002 -2.59643554687500E-0002 
 2.41500000000000E+0002 -2.83691406250000E-0002 -2.92724609375000E-0002 
 2.42000000000000E+0002 -3.67370605468750E-0002 -3.14392089843750E-0002 
 2.42500000000000E+0002 -4.03320312500000E-0002 -3.23547363281250E-0002 
 2.43000000000000E+0002 -3.87817382812500E-0002 -3.58276367187500E-0002 
 2.43500000000000E+0002 -3.67614746093750E-0002 -4.01977539062500E-0002 
 2.44000000000000E+0002 -3.56689453125000E-0002 -4.10644531250000E-0002 
 2.44500000000000E+0002 -3.37097167968750E-0002 -3.82385253906250E-0002 
 2.45000000000000E+0002 -3.11157226562500E-0002 -3.49914550781251E-0002 
 2.45500000000000E+0002 -2.91320800781250E-0002 -3.23852539062500E-0002 
 2.46000000000000E+0002 -2.57873535156250E-0002 -2.91137695312500E-0002 
 2.46500000000000E+0002 -1.94763183593750E-0002 -2.65991210937500E-0002 
 2.47000000000000E+0002 -1.26159667968750E-0002 -2.53234863281250E-0002 
 2.47500000000000E+0002 -6.18896484375000E-0003 -2.31323242187500E-0002 
 2.48000000000000E+0002 -6.83593749999999E-0004 -2.04284667968750E-0002 
 2.48500000000000E+0002  1.12915039062500E-0003 -1.75109863281250E-0002 
 2.49000000000000E+0002 -1.63574218750000E-0003 -1.38366699218749E-0002 
 2.49500000000000E+0002 -6.44531250000000E-0003 -9.72900390625001E-0003 
 2.50000000000000E+0002 -1.16699218749999E-0002 -7.39746093750002E-0003 
 2.50500000000000E+0002 -1.89025878906250E-0002 -6.75659179687500E-0003 
 2.51000000000000E+0002 -2.66296386718750E-0002 -5.76171875000001E-0003 
 2.51500000000000E+0002 -3.09875488281250E-0002 -5.35888671875002E-0003 
 2.52000000000000E+0002 -3.15856933593750E-0002 -7.14111328125001E-0003 
 2.52500000000000E+0002 -3.02307128906250E-0002 -1.14379882812500E-0002 
 2.53000000000000E+0002 -2.78625488281250E-0002 -1.60522460937500E-0002 
 2.53500000000000E+0002 -2.47802734375000E-0002 -1.90856933593750E-0002 
 2.54000000000000E+0002 -2.08374023437500E-0002 -2.11242675781250E-0002 
 2.54500000000000E+0002 -1.79870605468750E-0002 -2.37487792968750E-0002 
 2.55000000000000E+0002 -1.77734375000000E-0002 -2.61108398437500E-0002 
 2.55500000000000E+0002 -2.04528808593750E-0002 -2.53173828125000E-0002 
 2.56000000000000E+0002 -2.21008300781250E-0002 -2.17468261718750E-0002 
 2.56500000000000E+0002 -2.03430175781250E-0002 -2.07702636718750E-0002 
 2.57000000000000E+0002 -1.80358886718750E-0002 -2.30224609375000E-0002 
 2.57500000000000E+0002 -1.66442871093750E-0002 -2.49633789062500E-0002 
 2.58000000000000E+0002 -1.54846191406250E-0002 -2.61352539062500E-0002 
 2.58500000000000E+0002 -1.51184082031250E-0002 -2.96936035156250E-0002 
 2.59000000000000E+0002 -1.85974121093750E-0002 -3.36547851562500E-0002 
 2.59500000000000E+0002 -2.49816894531250E-0002 -3.29589843750000E-0002 
 2.60000000000000E+0002 -2.86804199218750E-0002 -2.84179687500000E-0002 
 2.60500000000000E+0002 -2.83752441406250E-0002 -2.40173339843750E-0002 
 2.61000000000000E+0002 -2.68615722656250E-0002 -1.95190429687500E-0002 
 2.61500000000000E+0002 -2.47802734375000E-0002 -1.38183593750000E-0002 
 2.62000000000000E+0002 -2.12097167968750E-0002 -1.06445312500000E-0002 
 2.62500000000000E+0002 -1.86340332031250E-0002 -1.13342285156249E-0002 
 2.63000000000000E+0002 -2.02697753906250E-0002 -1.21276855468750E-0002 
 2.63500000000000E+0002 -2.38098144531250E-0002 -1.06933593750000E-0002 
 2.64000000000000E+0002 -2.68493652343750E-0002 -1.04003906250000E-0002 
 2.64500000000000E+0002 -2.83630371093750E-0002 -1.18225097656250E-0002 
 2.65000000000000E+0002 -2.92541503906250E-0002 -1.23229980468750E-0002 
 2.65500000000000E+0002 -3.14086914062500E-0002 -1.18652343750000E-0002 
 2.66000000000000E+0002 -3.37768554687500E-0002 -1.34521484375000E-0002 
 2.66500000000000E+0002 -3.64929199218750E-0002 -1.79809570312500E-0002 
 2.67000000000000E+0002 -3.93310546874999E-0002 -2.23937988281250E-0002 
 2.67500000000000E+0002 -4.22058105468750E-0002 -2.56408691406250E-0002 
 2.68000000000000E+0002 -4.37316894531250E-0002 -2.77160644531250E-0002 
 2.68500000000000E+0002 -4.20166015625000E-0002 -2.91748046875000E-0002 
 2.69000000000000E+0002 -3.98010253906251E-0002 -2.96875000000000E-0002 
 2.69500000000000E+0002 -3.82263183593749E-0002 -2.81555175781250E-0002 
 2.70000000000000E+0002 -3.63525390625000E-0002 -2.63977050781250E-0002 
 2.70500000000000E+0002 -3.46923828125000E-0002 -2.58300781250000E-0002 
 2.71000000000000E+0002 -3.30749511718750E-0002 -2.78259277343750E-0002 
 2.71500000000000E+0002 -3.15002441406250E-0002 -3.13415527343750E-0002 
 2.72000000000000E+0002 -2.86682128906250E-0002 -3.22875976562500E-0002 
 2.72500000000000E+0002 -2.47497558593750E-0002 -3.03710937500001E-0002 
 2.73000000000000E+0002 -2.20397949218750E-0002 -2.70935058593750E-0002 
 2.73500000000000E+0002 -2.16003417968750E-0002 -2.33581542968750E-0002 
 2.74000000000000E+0002 -2.26257324218750E-0002 -1.96716308593749E-0002 
 2.74500000000000E+0002 -2.47375488281250E-0002 -1.89086914062501E-0002 
 2.75000000000000E+0002 -2.89550781250000E-0002 -2.24670410156250E-0002 
 2.75500000000000E+0002 -3.55651855468751E-0002 -2.73559570312500E-0002 
 2.76000000000000E+0002 -4.11132812500000E-0002 -2.99987792968750E-0002 
 2.76500000000000E+0002 -4.30480957031250E-0002 -3.25378417968750E-0002 
 2.77000000000000E+0002 -4.39514160156250E-0002 -3.56872558593751E-0002 
 2.77500000000000E+0002 -4.44946289062500E-0002 -3.69018554687499E-0002 
 2.78000000000000E+0002 -4.25292968749999E-0002 -3.53515625000000E-0002 
 2.78500000000000E+0002 -3.71887207031250E-0002 -3.27758789062500E-0002 
 2.79000000000000E+0002 -3.15307617187500E-0002 -3.11401367187500E-0002 
 2.79500000000000E+0002 -2.70324707031250E-0002 -2.92724609375001E-0002 
 2.80000000000000E+0002 -2.35412597656250E-0002 -2.57568359375000E-0002 
 2.80500000000000E+0002 -1.98059082031250E-0002 -2.20092773437500E-0002 
 2.81000000000000E+0002 -1.83227539062500E-0002 -2.03247070312500E-0002 
 2.81500000000000E+0002 -1.90185546875000E-0002 -2.04223632812500E-0002 
 2.82000000000000E+0002 -2.04101562500000E-0002 -2.05871582031250E-0002 
 2.82500000000000E+0002 -2.11914062500000E-0002 -2.06604003906250E-0002 
 2.83000000000000E+0002 -2.13378906250000E-0002 -2.17163085937500E-0002 
 2.83500000000000E+0002 -2.25341796875000E-0002 -2.32238769531250E-0002 
 2.84000000000000E+0002 -2.53540039062501E-0002 -2.33947753906250E-0002 
 2.84500000000000E+0002 -2.91625976562500E-0002 -2.24914550781250E-0002 
 2.85000000000000E+0002 -3.30810546875000E-0002 -2.12036132812500E-0002 
 2.85500000000000E+0002 -3.60900878906249E-0002 -1.98181152343750E-0002 
 2.86000000000000E+0002 -3.74755859375000E-0002 -1.89270019531250E-0002 
 2.86500000000000E+0002 -3.69812011718750E-0002 -1.97509765625000E-0002 
 2.87000000000000E+0002 -3.40759277343750E-0002 -2.16796875000000E-0002 
 2.87500000000000E+0002 -3.04565429687500E-0002 -2.44262695312500E-0002 
 2.88000000000000E+0002 -2.80822753906250E-0002 -2.64587402343750E-0002 
 2.88500000000000E+0002 -2.75024414062500E-0002 -2.76062011718750E-0002 
 2.89000000000000E+0002 -2.82714843750000E-0002 -2.64221191406250E-0002 
 2.89500000000000E+0002 -2.85827636718750E-0002 -2.36389160156250E-0002 
 2.90000000000000E+0002 -2.95104980468750E-0002 -2.17956542968750E-0002 
 2.90500000000000E+0002 -3.13293457031250E-0002 -2.14843750000000E-0002 
 2.91000000000000E+0002 -3.33007812500000E-0002 -2.19909667968750E-0002 
 2.91500000000000E+0002 -3.49609375000000E-0002 -2.42431640625000E-0002 
 2.92000000000000E+0002 -3.60107421875000E-0002 -2.77770996093750E-0002 
 2.92500000000000E+0002 -3.57421875000000E-0002 -3.06884765625000E-0002 
 2.93000000000000E+0002 -3.30627441406250E-0002 -3.14697265625000E-0002 
 2.93500000000000E+0002 -2.81677246093750E-0002 -3.20556640625000E-0002 
 2.94000000000000E+0002 -2.42980957031250E-0002 -3.38623046875000E-0002 
 2.94500000000000E+0002 -2.26196289062500E-0002 -3.30200195312500E-0002 
 2.95000000000000E+0002 -2.15698242187500E-0002 -2.88269042968750E-0002 
 2.95500000000000E+0002 -2.24670410156250E-0002 -2.46032714843750E-0002 
 2.96000000000000E+0002 -2.49389648437500E-0002 -2.20458984375000E-0002 
 2.96500000000000E+0002 -2.69165039062500E-0002 -2.06726074218750E-0002 
 2.97000000000000E+0002 -2.65136718750000E-0002 -1.98181152343750E-0002 
 2.97500000000000E+0002 -2.43103027343750E-0002 -2.09411621093750E-0002 
 2.98000000000000E+0002 -2.26806640625000E-0002 -2.48291015625000E-0002 
 2.98500000000000E+0002 -2.10449218750000E-0002 -2.88757324218750E-0002 
 2.99000000000000E+0002 -2.02209472656250E-0002 -3.17871093750000E-0002 
 2.99500000000000E+0002 -2.06970214843750E-0002 -3.28125000000000E-0002 
 3.00000000000000E+0002 -2.02941894531250E-0002 -3.37524414062500E-0002 
 3.00500000000000E+0002 -1.94946289062500E-0002 -3.67736816406250E-0002 
 3.01000000000000E+0002 -2.00866699218750E-0002 -3.99597167968750E-0002 
 3.01500000000000E+0002 -2.18811035156251E-0002 -4.24438476562501E-0002 
 3.02000000000000E+0002 -2.45605468750000E-0002 -4.48730468750000E-0002 
 3.02500000000000E+0002 -2.78198242187500E-0002 -4.70031738281250E-0002 
 3.03000000000000E+0002 -3.14331054687500E-0002 -4.77172851562500E-0002 
 3.03500000000000E+0002 -3.46252441406250E-0002 -4.50988769531249E-0002 
 3.04000000000000E+0002 -3.39355468750001E-0002 -4.09606933593750E-0002 
 3.04500000000000E+0002 -3.07983398437500E-0002 -3.80249023437500E-0002 
 3.05000000000000E+0002 -2.76550292968750E-0002 -3.55773925781250E-0002 
 3.05500000000000E+0002 -2.54638671875000E-0002 -3.35266113281250E-0002 
 3.06000000000000E+0002 -2.61962890625000E-0002 -3.24584960937500E-0002 
 3.06500000000000E+0002 -3.00354003906250E-0002 -3.24401855468750E-0002 
 3.07000000000000E+0002 -3.53454589843750E-0002 -3.21716308593749E-0002 
 3.07500000000000E+0002 -4.02832031250000E-0002 -3.15795898437500E-0002 
 3.08000000000000E+0002 -4.22424316406250E-0002 -3.13415527343750E-0002 
 3.08500000000000E+0002 -4.06738281250000E-0002 -3.20251464843750E-0002 
 3.09000000000000E+0002 -3.68103027343750E-0002 -3.28613281250000E-0002 
 3.09500000000000E+0002 -3.28247070312500E-0002 -3.33923339843751E-0002 
 3.10000000000000E+0002 -2.88024902343750E-0002 -3.41735839843750E-0002 
 3.10500000000000E+0002 -2.36206054687500E-0002 -3.53454589843750E-0002 
 3.11000000000000E+0002 -1.78161621093750E-0002 -3.68041992187500E-0002 
 3.11500000000000E+0002 -1.39465332031250E-0002 -3.83605957031250E-0002 
 3.12000000000000E+0002 -1.20361328125000E-0002 -3.82873535156249E-0002 
 3.12500000000000E+0002 -1.21826171875000E-0002 -3.76586914062500E-0002 
 3.13000000000000E+0002 -1.57165527343750E-0002 -3.66210937500001E-0002 
 3.13500000000000E+0002 -2.05688476562500E-0002 -3.46740722656250E-0002 
 3.14000000000000E+0002 -2.48291015625000E-0002 -3.25317382812500E-0002 
 3.14500000000000E+0002 -2.88330078125000E-0002 -3.06640625000000E-0002 
 3.15000000000000E+0002 -3.21411132812500E-0002 -2.94067382812500E-0002 
 3.15500000000000E+0002 -3.24462890625000E-0002 -2.82958984375000E-0002 
 3.16000000000000E+0002 -2.99133300781250E-0002 -2.81005859375000E-0002 
 3.16500000000000E+0002 -2.85949707031250E-0002 -2.99804687500000E-0002 
 3.17000000000000E+0002 -2.87048339843750E-0002 -3.09265136718750E-0002 
 3.17500000000000E+0002 -2.57141113281250E-0002 -3.04809570312500E-0002 
 3.18000000000000E+0002 -2.03613281250000E-0002 -3.11889648437500E-0002 
 3.18500000000000E+0002 -1.72241210937500E-0002 -3.30566406250000E-0002 
 3.19000000000000E+0002 -1.76086425781250E-0002 -3.29223632812500E-0002 
 3.19500000000000E+0002 -1.83776855468750E-0002 -2.97241210937500E-0002 
 3.20000000000000E+0002 -1.87683105468750E-0002 -2.68188476562500E-0002 
 3.20500000000000E+0002 -2.07641601562500E-0002 -2.57080078125000E-0002 
 3.21000000000000E+0002 -2.27050781250000E-0002 -2.44323730468750E-0002 
 3.21500000000000E+0002 -2.23266601562500E-0002 -2.40356445312500E-0002 
 3.22000000000000E+0002 -2.07092285156250E-0002 -2.63916015625000E-0002 
 3.22500000000000E+0002 -1.99401855468750E-0002 -3.01025390625000E-0002 
 3.23000000000000E+0002 -2.06359863281250E-0002 -3.34960937500000E-0002 
 3.23500000000000E+0002 -2.36328125000000E-0002 -3.71276855468750E-0002 
 3.24000000000000E+0002 -2.87597656250000E-0002 -3.91052246093750E-0002 
 3.24500000000000E+0002 -3.29589843750000E-0002 -3.70422363281250E-0002 
 3.25000000000000E+0002 -3.41674804687500E-0002 -3.13781738281249E-0002 
 3.25500000000000E+0002 -3.44421386718750E-0002 -2.52136230468750E-0002 
 3.26000000000000E+0002 -3.41186523437500E-0002 -1.88842773437500E-0002 
 3.26500000000000E+0002 -3.18481445312500E-0002 -1.28784179687500E-0002 
 3.27000000000000E+0002 -2.80273437500000E-0002 -9.03930664062500E-0003 
 3.27500000000000E+0002 -2.60253906250000E-0002 -9.80224609375001E-0003 
 3.28000000000000E+0002 -2.72155761718749E-0002 -1.30859375000000E-0002 
 3.28500000000000E+0002 -3.00354003906250E-0002 -1.70043945312500E-0002 
 3.29000000000000E+0002 -3.33251953125000E-0002 -1.90063476562500E-0002 
 3.29500000000000E+0002 -3.56445312500000E-0002 -1.94396972656250E-0002 
 3.30000000000000E+0002 -3.84826660156250E-0002 -2.09960937500000E-0002 
 3.30500000000000E+0002 -4.31884765624999E-0002 -2.24365234375000E-0002 
 3.31000000000000E+0002 -4.75769042968751E-0002 -2.28454589843750E-0002 
 3.31500000000000E+0002 -4.94445800781251E-0002 -2.28088378906250E-0002 
 3.32000000000000E+0002 -4.91699218750000E-0002 -2.42126464843750E-0002 
 3.32500000000000E+0002 -4.73449707031250E-0002 -2.75695800781250E-0002 
 3.33000000000000E+0002 -4.39270019531249E-0002 -3.02734375000000E-0002 
 3.33500000000000E+0002 -3.87145996093750E-0002 -3.17382812500000E-0002 
 3.34000000000000E+0002 -3.46618652343750E-0002 -3.28674316406250E-0002 
 3.34500000000000E+0002 -3.15368652343750E-0002 -3.31176757812500E-0002 
 3.35000000000000E+0002 -2.91198730468750E-0002 -3.13049316406250E-0002 
 3.35500000000000E+0002 -2.81555175781250E-0002 -2.74963378906250E-0002 
 3.36000000000000E+0002 -2.75268554687500E-0002 -2.27478027343750E-0002 
 3.36500000000000E+0002 -2.67272949218750E-0002 -1.96716308593750E-0002 
 3.37000000000000E+0002 -2.62695312500000E-0002 -2.02819824218750E-0002 
 3.37500000000000E+0002 -2.69104003906250E-0002 -2.55310058593750E-0002 
 3.38000000000000E+0002 -2.91687011718750E-0002 -3.28979492187500E-0002 
 3.38500000000000E+0002 -3.14025878906250E-0002 -4.02343750000000E-0002 
 3.39000000000000E+0002 -3.28735351562500E-0002 -4.56359863281250E-0002 
 3.39500000000000E+0002 -3.30322265625000E-0002 -4.65393066406250E-0002 
 3.40000000000000E+0002 -3.16040039062500E-0002 -4.33471679687500E-0002 
 3.40500000000000E+0002 -3.06274414062500E-0002 -3.81530761718750E-0002 
 3.41000000000000E+0002 -3.02551269531250E-0002 -3.12988281250000E-0002 
 3.41500000000000E+0002 -2.89550781250000E-0002 -2.67517089843750E-0002 
 3.42000000000000E+0002 -2.66296386718751E-0002 -2.65441894531250E-0002 
 3.42500000000000E+0002 -2.49938964843750E-0002 -3.03955078125000E-0002 
 3.43000000000000E+0002 -2.38769531250000E-0002 -3.48571777343750E-0002 
 3.43500000000000E+0002 -2.25708007812500E-0002 -4.01489257812500E-0002 
 3.44000000000000E+0002 -2.35107421875000E-0002 -4.67346191406249E-0002 
 3.44500000000000E+0002 -2.73376464843750E-0002 -5.05249023437500E-0002 
 3.45000000000000E+0002 -3.07617187500000E-0002 -5.01281738281250E-0002 
 3.45500000000000E+0002 -3.27453613281250E-0002 -4.85107421875000E-0002 
 3.46000000000000E+0002 -3.37341308593750E-0002 -4.57885742187499E-0002 
 3.46500000000000E+0002 -3.21777343750000E-0002 -4.09179687500001E-0002 
 3.47000000000000E+0002 -2.73864746093750E-0002 -3.61206054687500E-0002 
 3.47500000000000E+0002 -2.25524902343750E-0002 -3.51074218750000E-0002 
 3.48000000000000E+0002 -1.99951171875000E-0002 -3.69384765625000E-0002 
 3.48500000000000E+0002 -1.75354003906250E-0002 -3.80676269531250E-0002 
 3.49000000000000E+0002 -1.54846191406250E-0002 -3.92272949218750E-0002 
 3.49500000000000E+0002 -1.62231445312500E-0002 -3.98193359375000E-0002 
 3.50000000000000E+0002 -1.78955078125000E-0002 -3.73535156250000E-0002 
 3.50500000000000E+0002 -1.86828613281250E-0002 -3.20739746093750E-0002 
 3.51000000000000E+0002 -2.00622558593750E-0002 -2.62329101562500E-0002 
 3.51500000000000E+0002 -2.34191894531250E-0002 -2.07031250000000E-0002 
 3.52000000000000E+0002 -2.61779785156250E-0002 -1.61743164062500E-0002 
 3.52500000000000E+0002 -2.69714355468750E-0002 -1.49230957031250E-0002 
 3.53000000000000E+0002 -2.94799804687500E-0002 -1.74682617187500E-0002 
 3.53500000000000E+0002 -3.49304199218749E-0002 -2.05993652343750E-0002 
 3.54000000000000E+0002 -3.92883300781250E-0002 -2.16918945312500E-0002 
 3.54500000000000E+0002 -3.97155761718750E-0002 -2.15270996093750E-0002 
 3.55000000000000E+0002 -3.86535644531250E-0002 -2.16613769531250E-0002 
 3.55500000000000E+0002 -3.72680664062500E-0002 -2.13806152343750E-0002 
 3.56000000000000E+0002 -3.36120605468750E-0002 -1.95800781250000E-0002 
 3.56500000000000E+0002 -2.73986816406250E-0002 -1.72058105468750E-0002 
 3.57000000000000E+0002 -2.03857421875000E-0002 -1.70227050781250E-0002 
 3.57500000000000E+0002 -1.56555175781250E-0002 -2.06665039062500E-0002 
 3.58000000000000E+0002 -1.38305664062499E-0002 -2.40539550781250E-0002 
 3.58500000000000E+0002 -1.35925292968749E-0002 -2.62023925781250E-0002 
 3.59000000000000E+0002 -1.65527343750000E-0002 -2.75634765625000E-0002 
 3.59500000000000E+0002 -2.21435546875000E-0002 -3.01513671875000E-0002 
 3.60000000000000E+0002 -2.95104980468750E-0002 -3.11767578125000E-0002 
 3.60500000000000E+0002 -3.68713378906251E-0002 -2.79663085937500E-0002 
 3.61000000000000E+0002 -4.28222656250000E-0002 -2.32910156250000E-0002 
 3.61500000000000E+0002 -4.72778320312500E-0002 -1.98425292968750E-0002 
 3.62000000000000E+0002 -4.84008789062500E-0002 -1.60705566406250E-0002 
 3.62500000000000E+0002 -4.52392578125000E-0002 -1.21032714843750E-0002 
 3.63000000000000E+0002 -4.07836914062500E-0002 -1.02661132812500E-0002 
 3.63500000000000E+0002 -3.63281250000000E-0002 -1.13708496093749E-0002 
 3.64000000000000E+0002 -3.13354492187500E-0002 -1.26647949218750E-0002 
 3.64500000000000E+0002 -2.43408203125000E-0002 -1.38610839843749E-0002 
 3.65000000000000E+0002 -1.95800781250000E-0002 -1.70898437500000E-0002 
 3.65500000000000E+0002 -2.02209472656250E-0002 -1.97509765624999E-0002 
 3.66000000000000E+0002 -2.26379394531250E-0002 -1.97937011718750E-0002 
 3.66500000000000E+0002 -2.31567382812500E-0002 -1.91772460937500E-0002 
 3.67000000000000E+0002 -2.38342285156250E-0002 -1.87011718750000E-0002 
 3.67500000000000E+0002 -2.46398925781250E-0002 -1.69250488281250E-0002 
 3.68000000000000E+0002 -2.30224609375000E-0002 -1.43920898437500E-0002 
 3.68500000000000E+0002 -1.86584472656250E-0002 -1.36230468750000E-0002 
 3.69000000000000E+0002 -1.51367187500000E-0002 -1.50146484374999E-0002 
 3.69500000000000E+0002 -1.32995605468750E-0002 -1.82922363281250E-0002 
 3.70000000000000E+0002 -1.34155273437500E-0002 -2.28271484375000E-0002 
 3.70500000000000E+0002 -1.47705078125000E-0002 -2.62023925781250E-0002 
 3.71000000000000E+0002 -1.66625976562500E-0002 -2.73132324218750E-0002 
 3.71500000000000E+0002 -1.72912597656250E-0002 -2.68249511718750E-0002 
 3.72000000000000E+0002 -1.72790527343750E-0002 -2.56042480468750E-0002 
 3.72500000000000E+0002 -1.83776855468750E-0002 -2.29736328125000E-0002 
 3.73000000000000E+0002 -2.04956054687500E-0002 -1.96960449218750E-0002 
 3.73500000000000E+0002 -2.17834472656250E-0002 -1.84326171875000E-0002 
 3.74000000000000E+0002 -2.29614257812500E-0002 -2.00378417968750E-0002 
 3.74500000000000E+0002 -2.50793457031250E-0002 -2.29370117187500E-0002 
 3.75000000000000E+0002 -2.63732910156250E-0002 -2.63671875000000E-0002 
 3.75500000000000E+0002 -2.46826171875000E-0002 -3.02856445312500E-0002 
 3.76000000000000E+0002 -2.14233398437500E-0002 -3.40698242187500E-0002 
 3.76500000000000E+0002 -1.86218261718750E-0002 -3.73657226562500E-0002 
 3.77000000000000E+0002 -1.79199218750000E-0002 -3.96179199218750E-0002 
 3.77500000000000E+0002 -1.96350097656250E-0002 -3.95263671875000E-0002 
 3.78000000000000E+0002 -2.16613769531250E-0002 -3.65173339843750E-0002 
 3.78500000000000E+0002 -2.23632812500000E-0002 -3.22692871093750E-0002 
 3.79000000000000E+0002 -2.24853515625000E-0002 -2.80212402343750E-0002 
 3.79500000000000E+0002 -2.28271484375000E-0002 -2.46582031250000E-0002 
 3.80000000000000E+0002 -2.33398437500000E-0002 -2.27050781250000E-0002 
 3.80500000000000E+0002 -2.34008789062500E-0002 -2.18322753906250E-0002 
 3.81000000000000E+0002 -2.50427246093750E-0002 -2.19055175781250E-0002 
 3.81500000000000E+0002 -2.81433105468750E-0002 -2.14355468750000E-0002 
 3.82000000000000E+0002 -3.06579589843750E-0002 -2.13928222656250E-0002 
 3.82500000000000E+0002 -3.27087402343750E-0002 -2.19726562500000E-0002 
 3.83000000000000E+0002 -3.37524414062500E-0002 -2.14965820312500E-0002 
 3.83500000000000E+0002 -3.41430664062500E-0002 -2.21191406250001E-0002 
 3.84000000000000E+0002 -3.65966796875000E-0002 -2.54455566406250E-0002 
 3.84500000000000E+0002 -4.21447753906249E-0002 -3.06701660156250E-0002 
 3.85000000000000E+0002 -4.77294921875000E-0002 -3.50708007812501E-0002 
 3.85500000000000E+0002 -4.86877441406250E-0002 -3.67614746093751E-0002 
 3.86000000000000E+0002 -4.55810546875000E-0002 -3.75183105468749E-0002 
 3.86500000000000E+0002 -4.22424316406250E-0002 -3.60168457031250E-0002 
 3.87000000000000E+0002 -3.73901367187500E-0002 -3.07067871093750E-0002 
 3.87500000000000E+0002 -3.06945800781250E-0002 -2.38403320312500E-0002 
 3.88000000000000E+0002 -2.51586914062500E-0002 -1.81945800781250E-0002 
 3.88500000000000E+0002 -2.29675292968750E-0002 -1.45568847656250E-0002 
 3.89000000000000E+0002 -2.20214843750000E-0002 -1.35742187500000E-0002 
 3.89500000000000E+0002 -2.05749511718750E-0002 -1.65344238281250E-0002 
 3.90000000000000E+0002 -1.92626953125000E-0002 -2.32849121093750E-0002 
 3.90500000000000E+0002 -1.96105957031250E-0002 -3.02429199218750E-0002 
 3.91000000000000E+0002 -2.21862792968750E-0002 -3.50097656250000E-0002 
 3.91500000000000E+0002 -2.57507324218750E-0002 -3.65905761718750E-0002 
 3.92000000000000E+0002 -2.78076171875000E-0002 -3.58215332031250E-0002 
 3.92500000000000E+0002 -2.87597656250000E-0002 -3.30627441406250E-0002 
 3.93000000000000E+0002 -3.07067871093750E-0002 -2.88391113281250E-0002 
 3.93500000000000E+0002 -3.30261230468750E-0002 -2.46765136718750E-0002 
 3.94000000000000E+0002 -3.43017578124999E-0002 -2.26379394531250E-0002 
 3.94500000000000E+0002 -3.48205566406250E-0002 -2.23449707031250E-0002 
 3.95000000000000E+0002 -3.62487792968750E-0002 -2.12707519531250E-0002 
 3.95500000000000E+0002 -3.74450683593750E-0002 -1.85424804687500E-0002 
 3.96000000000000E+0002 -3.70910644531250E-0002 -1.48315429687500E-0002 
 3.96500000000000E+0002 -3.59436035156250E-0002 -1.16760253906250E-0002 
 3.97000000000000E+0002 -3.44726562500000E-0002 -9.72290039062500E-0003 
 3.97500000000000E+0002 -3.32458496093751E-0002 -9.48486328124999E-0003 
 3.98000000000000E+0002 -3.32458496093750E-0002 -1.04858398437499E-0002 
 3.98500000000000E+0002 -3.17260742187500E-0002 -1.13037109375000E-0002 
 3.99000000000000E+0002 -2.70629882812500E-0002 -1.12426757812500E-0002 
 3.99500000000000E+0002 -2.03674316406250E-0002 -9.79614257812501E-0003 
