 5.44000000000000E+0000  4.36523437500000E-0001 -1.65527343750000E+0000 
 5.94000000000000E+0000  3.32031250000000E-0001 -1.79003906250000E+0000 
 6.44000000000000E+0000  2.50000000000000E-0001 -1.89355468750000E+0000 
 6.94000000000000E+0000  2.02636718750000E-0001 -1.97656250000000E+0000 
 7.44000000000000E+0000  1.74316406250000E-0001 -2.04199218750000E+0000 
 7.94000000000000E+0000  1.52832031250000E-0001 -2.08154296875000E+0000 
 8.44000000000000E+0000  1.18164062500000E-0001 -2.09814453125000E+0000 
 8.94000000000000E+0000  4.73632812500000E-0002 -2.09375000000000E+0000 
 9.44000000000000E+0000 -6.88476562500000E-0002 -2.06347656250000E+0000 
 9.94000000000000E+0000 -2.35839843750000E-0001 -2.00683593750000E+0000 
 1.04400000000000E+0001 -4.36035156250000E-0001 -1.91601562500000E+0000 
 1.09400000000000E+0001 -6.44042968750000E-0001 -1.78613281250000E+0000 
 1.14400000000000E+0001 -8.24707031250000E-0001 -1.61523437500000E+0000 
 1.19400000000000E+0001 -9.64843750000000E-0001 -1.39990234375000E+0000 
 1.24400000000000E+0001 -1.03955078125000E+0000 -1.15478515625000E+0000 
 1.29400000000000E+0001 -1.04052734375000E+0000 -8.94531250000000E-0001 
 1.34400000000000E+0001 -9.82421875000000E-0001 -6.41113281250000E-0001 
 1.39400000000000E+0001 -8.77929687500000E-0001 -4.19921875000000E-0001 
 1.44400000000000E+0001 -7.63671875000000E-0001 -2.44140625000000E-0001 
 1.49400000000000E+0001 -6.50878906250000E-0001 -1.20117187500000E-0001 
 1.54400000000000E+0001 -5.56640625000000E-0001 -4.73632812500000E-0002 
 1.59400000000000E+0001 -4.81445312500000E-0001 -7.32421875000000E-0003 
 1.64400000000000E+0001 -4.31640625000000E-0001  1.75781250000000E-0002 
 1.69400000000000E+0001 -3.99902343750000E-0001  4.15039062500000E-0002 
 1.74400000000000E+0001 -3.78906250000000E-0001  7.42187500000000E-0002 
 1.79400000000000E+0001 -3.63769531250000E-0001  1.13769531250000E-0001 
 1.84400000000000E+0001 -3.45703125000000E-0001  1.49414062500000E-0001 
 1.89400000000000E+0001 -3.20312500000000E-0001  1.74316406250000E-0001 
 1.94400000000000E+0001 -2.86621093750000E-0001  1.87988281250000E-0001 
 1.99400000000000E+0001 -2.48046875000000E-0001  1.84082031250000E-0001 
 2.04400000000000E+0001 -2.08496093750000E-0001  1.58203125000000E-0001 
 2.09400000000000E+0001 -1.73828125000000E-0001  1.25976562500000E-0001 
 2.14400000000000E+0001 -1.48925781250000E-0001  8.59375000000000E-0002 
 2.19400000000000E+0001 -1.32812500000000E-0001  5.90820312500000E-0002 
 2.24400000000000E+0001 -1.22070312500000E-0001  4.24804687500000E-0002 
 2.29400000000000E+0001 -1.16699218750000E-0001  4.39453125000000E-0002 
 2.34400000000000E+0001 -1.14746093750000E-0001  7.03125000000000E-0002 
 2.39400000000000E+0001 -1.14746093750000E-0001  1.13769531250000E-0001 
 2.44400000000000E+0001 -1.11816406250000E-0001  1.68457031250000E-0001 
 2.49400000000000E+0001 -1.13769531250000E-0001  2.26074218750000E-0001 
 2.54400000000000E+0001 -1.09375000000000E-0001  2.72460937500000E-0001 
 2.59400000000000E+0001 -1.04492187500000E-0001  2.98828125000000E-0001 
 2.64400000000000E+0001 -8.54492187500000E-0002  3.03222656250000E-0001 
 2.69400000000000E+0001 -5.46875000000000E-0002  2.82226562500000E-0001 
 2.74400000000000E+0001 -1.95312500000000E-0003  2.49511718750000E-0001 
 2.79400000000000E+0001  6.05468750000000E-0002  2.15820312500000E-0001 
 2.84400000000000E+0001  1.31347656250000E-0001  1.89453125000000E-0001 
 2.89400000000000E+0001  1.96777343750000E-0001  1.73828125000000E-0001 
 2.94400000000000E+0001  2.50488281250000E-0001  1.65039062500000E-0001 
 2.99400000000000E+0001  2.86132812500000E-0001  1.65039062500000E-0001 
 3.04400000000000E+0001  2.98339843750000E-0001  1.57714843750000E-0001 
 3.09400000000000E+0001  2.94433593750000E-0001  1.40136718750000E-0001 
 3.14400000000000E+0001  2.84667968750000E-0001  1.06933593750000E-0001 
 3.19400000000000E+0001  2.77343750000000E-0001  6.59179687500000E-0002 
 3.24400000000000E+0001  2.77343750000000E-0001  1.70898437500000E-0002 
 3.29400000000000E+0001  2.86621093750000E-0001 -2.92968750000000E-0002 
 3.34400000000000E+0001  3.01269531250000E-0001 -6.64062500000000E-0002 
 3.39400000000000E+0001  3.12011718750000E-0001 -9.17968750000000E-0002 
 3.44400000000000E+0001  3.21777343750000E-0001 -1.11816406250000E-0001 
 3.49400000000000E+0001  3.16894531250000E-0001 -1.20605468750000E-0001 
 3.54400000000000E+0001  3.08593750000000E-0001 -1.29394531250000E-0001 
 3.59400000000000E+0001  2.98339843750000E-0001 -1.40625000000000E-0001 
 3.64400000000000E+0001  2.91992187500000E-0001 -1.49902343750000E-0001 
 3.69400000000000E+0001  2.85644531250000E-0001 -1.60156250000000E-0001 
 3.74400000000000E+0001  2.91015625000000E-0001 -1.72363281250000E-0001 
 3.79400000000000E+0001  3.03222656250000E-0001 -1.79687500000000E-0001 
 3.84400000000000E+0001  3.15429687500000E-0001 -1.87500000000000E-0001 
 3.89400000000000E+0001  3.31054687500000E-0001 -1.91894531250000E-0001 
 3.94400000000000E+0001  3.40332031250000E-0001 -1.94335937500000E-0001 
 3.99400000000000E+0001  3.43261718750000E-0001 -1.99707031250000E-0001 
 4.04400000000000E+0001  3.39355468750000E-0001 -2.09472656250000E-0001 
 4.09400000000000E+0001  3.33007812500000E-0001 -2.15820312500000E-0001 
 4.14400000000000E+0001  3.17871093750000E-0001 -2.23632812500000E-0001 
 4.19400000000000E+0001  3.09082031250000E-0001 -2.33398437500000E-0001 
 4.24400000000000E+0001  2.99316406250000E-0001 -2.41699218750000E-0001 
 4.29400000000000E+0001  2.92968750000000E-0001 -2.43164062500000E-0001 
 4.34400000000000E+0001  2.90039062500000E-0001 -2.44628906250000E-0001 
 4.39400000000000E+0001  2.87109375000000E-0001 -2.44140625000000E-0001 
 4.44400000000000E+0001  2.88085937500000E-0001 -2.44628906250000E-0001 
 4.49400000000000E+0001  2.84179687500000E-0001 -2.45605468750000E-0001 
 4.54400000000000E+0001  2.82226562500000E-0001 -2.54394531250000E-0001 
 4.59400000000000E+0001  2.78808593750000E-0001 -2.68554687500000E-0001 
 4.64400000000000E+0001  2.74902343750000E-0001 -2.82714843750000E-0001 
 4.69400000000000E+0001  2.66601562500000E-0001 -2.99316406250000E-0001 
 4.74400000000000E+0001  2.62207031250000E-0001 -3.14453125000000E-0001 
 4.79400000000000E+0001  2.53417968750000E-0001 -3.27636718750000E-0001 
 4.84400000000000E+0001  2.47558593750000E-0001 -3.36425781250000E-0001 
 4.89400000000000E+0001  2.32910156250000E-0001 -3.44238281250000E-0001 
 4.94400000000000E+0001  2.24121093750000E-0001 -3.40332031250000E-0001 
 4.99400000000000E+0001  2.21191406250000E-0001 -3.37402343750000E-0001 
 5.04400000000000E+0001  2.15820312500000E-0001 -3.32031250000000E-0001 
 5.09400000000000E+0001  2.17285156250000E-0001 -3.31054687500000E-0001 
 5.14400000000000E+0001  2.18261718750000E-0001 -3.26171875000000E-0001 
 5.19400000000000E+0001  2.25585937500000E-0001 -3.20800781250000E-0001 
 5.24400000000000E+0001  2.27050781250000E-0001 -3.16894531250000E-0001 
 5.29400000000000E+0001  2.34375000000000E-0001 -3.11035156250000E-0001 
 5.34400000000000E+0001  2.32421875000000E-0001 -2.98339843750000E-0001 
 5.39400000000000E+0001  2.29980468750000E-0001 -2.88085937500000E-0001 
 5.44400000000000E+0001  2.24609375000000E-0001 -2.77832031250000E-0001 
 5.49400000000000E+0001  2.14843750000000E-0001 -2.65625000000000E-0001 
 5.54400000000000E+0001  2.00195312500000E-0001 -2.48046875000000E-0001 
 5.59400000000000E+0001  1.82128906250000E-0001 -2.34863281250000E-0001 
 5.64400000000000E+0001  1.71386718750000E-0001 -2.13378906250000E-0001 
 5.69400000000000E+0001  1.58691406250000E-0001 -1.90917968750000E-0001 
 5.74400000000000E+0001  1.48925781250000E-0001 -1.65527343750000E-0001 
 5.79400000000000E+0001  1.46972656250000E-0001 -1.40625000000000E-0001 
 5.84400000000000E+0001  1.46484375000000E-0001 -1.19628906250000E-0001 
 5.89400000000000E+0001  1.53320312500000E-0001 -1.01074218750000E-0001 
 5.94400000000000E+0001  1.55761718750000E-0001 -9.03320312500000E-0002 
 5.99400000000000E+0001  1.56250000000000E-0001 -8.00781250000000E-0002 
 6.04400000000000E+0001  1.57226562500000E-0001 -7.56835937500000E-0002 
 6.09400000000000E+0001  1.58203125000000E-0001 -7.56835937500000E-0002 
 6.14400000000000E+0001  1.54296875000000E-0001 -7.81250000000000E-0002 
 6.19400000000000E+0001  1.51367187500000E-0001 -7.76367187500000E-0002 
 6.24400000000000E+0001  1.48437500000000E-0001 -8.20312500000000E-0002 
 6.29400000000000E+0001  1.44042968750000E-0001 -7.86132812500000E-0002 
 6.34400000000000E+0001  1.38671875000000E-0001 -7.81250000000000E-0002 
 6.39400000000000E+0001  1.34765625000000E-0001 -8.25195312500000E-0002 
 6.44400000000000E+0001  1.34277343750000E-0001 -7.81250000000000E-0002 
 6.49400000000000E+0001  1.33300781250000E-0001 -8.44726562500000E-0002 
 6.54400000000000E+0001  1.34277343750000E-0001 -9.08203125000000E-0002 
 6.59400000000000E+0001  1.39648437500000E-0001 -1.04003906250000E-0001 
 6.64400000000000E+0001  1.45019531250000E-0001 -1.25000000000000E-0001 
 6.69400000000000E+0001  1.46484375000000E-0001 -1.46972656250000E-0001 
 6.74400000000000E+0001  1.46972656250000E-0001 -1.69433593750000E-0001 
 6.79400000000000E+0001  1.43554687500000E-0001 -1.96289062500000E-0001 
 6.84400000000000E+0001  1.38671875000000E-0001 -2.16796875000000E-0001 
 6.89400000000000E+0001  1.26953125000000E-0001 -2.32421875000000E-0001 
 6.94400000000000E+0001  1.15234375000000E-0001 -2.44628906250000E-0001 
 6.99400000000000E+0001  9.81445312500000E-0002 -2.50976562500000E-0001 
 7.04400000000000E+0001  7.61718750000000E-0002 -2.53417968750000E-0001 
 7.09400000000000E+0001  6.00585937500000E-0002 -2.56347656250000E-0001 
 7.14400000000000E+0001  3.61328125000000E-0002 -2.53906250000000E-0001 
 7.19400000000000E+0001  2.00195312500000E-0002 -2.50976562500000E-0001 
 7.24400000000000E+0001  7.81250000000000E-0003 -2.42675781250000E-0001 
 7.29400000000000E+0001 -4.88281250000000E-0004 -2.34863281250000E-0001 
 7.34400000000000E+0001 -6.83593750000000E-0003 -2.25585937500000E-0001 
 7.39400000000000E+0001 -5.37109375000000E-0003 -2.13867187500000E-0001 
 7.44400000000000E+0001 -1.26953125000000E-0002 -2.01171875000000E-0001 
 7.49400000000000E+0001 -1.22070312500000E-0002 -1.87988281250000E-0001 
 7.54400000000000E+0001 -1.56250000000000E-0002 -1.71386718750000E-0001 
 7.59400000000000E+0001 -1.26953125000000E-0002 -1.54785156250000E-0001 
 7.64400000000000E+0001 -1.22070312500000E-0002 -1.41601562500000E-0001 
 7.69400000000000E+0001 -8.30078125000000E-0003 -1.21093750000000E-0001 
 7.74400000000000E+0001 -5.37109375000000E-0003 -1.04492187500000E-0001 
 7.79400000000000E+0001 -4.88281250000000E-0004 -9.08203125000000E-0002 
 7.84400000000000E+0001  2.44140625000000E-0003 -7.71484375000000E-0002 
 7.89400000000000E+0001  4.39453125000000E-0003 -6.49414062500000E-0002 
 7.94400000000000E+0001  3.90625000000000E-0003 -5.81054687500000E-0002 
 7.99400000000000E+0001  8.30078125000000E-0003 -5.02929687500000E-0002 
 8.04400000000000E+0001  9.27734375000000E-0003 -4.83398437500000E-0002 
 8.09400000000000E+0001  9.76562500000000E-0003 -4.73632812500000E-0002 
 8.14400000000000E+0001  1.07421875000000E-0002 -5.07812500000000E-0002 
 8.19400000000000E+0001  1.22070312500000E-0002 -5.27343750000000E-0002 
 8.24400000000000E+0001  1.41601562500000E-0002 -5.61523437500000E-0002 
 8.29400000000000E+0001  1.46484375000000E-0002 -5.71289062500000E-0002 
 8.34400000000000E+0001  2.00195312500000E-0002 -5.61523437500000E-0002 
 8.39400000000000E+0001  2.53906250000000E-0002 -5.71289062500000E-0002 
 8.44400000000000E+0001  3.22265625000000E-0002 -5.71289062500000E-0002 
 8.49400000000000E+0001  4.10156250000000E-0002 -5.76171875000000E-0002 
 8.54400000000000E+0001  4.73632812500000E-0002 -5.85937500000000E-0002 
 8.59400000000000E+0001  5.46875000000000E-0002 -5.81054687500000E-0002 
 8.64400000000000E+0001  6.25000000000000E-0002 -5.46875000000000E-0002 
 8.69400000000000E+0001  7.12890625000000E-0002 -4.98046875000000E-0002 
 8.74400000000000E+0001  8.25195312500000E-0002 -4.88281250000000E-0002 
 8.79400000000000E+0001  9.86328125000000E-0002 -4.29687500000000E-0002 
 8.84400000000000E+0001  1.20605468750000E-0001 -4.58984375000000E-0002 
 8.89400000000000E+0001  1.45507812500000E-0001 -4.93164062500000E-0002 
 8.94400000000000E+0001  1.67480468750000E-0001 -6.00585937500000E-0002 
 8.99400000000000E+0001  1.90917968750000E-0001 -6.64062500000000E-0002 
 9.04400000000000E+0001  2.14355468750000E-0001 -7.47070312500000E-0002 
 9.09400000000000E+0001  2.34863281250000E-0001 -7.91015625000000E-0002 
 9.14400000000000E+0001  2.54394531250000E-0001 -8.30078125000000E-0002 
 9.19400000000000E+0001  2.70996093750000E-0001 -8.88671875000000E-0002 
 9.24400000000000E+0001  2.80273437500000E-0001 -1.00097656250000E-0001 
 9.29400000000000E+0001  2.86621093750000E-0001 -1.09375000000000E-0001 
 9.34400000000000E+0001  2.85156250000000E-0001 -1.22558593750000E-0001 
 9.39400000000000E+0001  2.77832031250000E-0001 -1.41113281250000E-0001 
 9.44400000000000E+0001  2.64648437500000E-0001 -1.56250000000000E-0001 
 9.49400000000000E+0001  2.48535156250000E-0001 -1.66503906250000E-0001 
 9.54400000000000E+0001  2.30957031250000E-0001 -1.79199218750000E-0001 
 9.59400000000000E+0001  2.14355468750000E-0001 -1.86035156250000E-0001 
 9.64400000000000E+0001  1.91894531250000E-0001 -1.90917968750000E-0001 
 9.69400000000000E+0001  1.72851562500000E-0001 -1.87011718750000E-0001 
 9.74400000000000E+0001  1.52343750000000E-0001 -1.81152343750000E-0001 
 9.79400000000000E+0001  1.33789062500000E-0001 -1.67480468750000E-0001 
 9.84400000000000E+0001  1.09863281250000E-0001 -1.54785156250000E-0001 
 9.89400000000000E+0001  8.93554687500000E-0002 -1.34765625000000E-0001 
 9.94400000000000E+0001  7.32421875000000E-0002 -1.21093750000000E-0001 
 9.99400000000000E+0001  5.61523437500000E-0002 -1.05957031250000E-0001 
 1.00440000000000E+0002  4.29687500000000E-0002 -9.22851562500000E-0002 
 1.00940000000000E+0002  3.17382812500000E-0002 -8.59375000000000E-0002 
 1.01440000000000E+0002  2.00195312500000E-0002 -8.15429687500000E-0002 
 1.01940000000000E+0002  9.76562500000000E-0003 -7.27539062500000E-0002 
 1.02440000000000E+0002  4.88281250000000E-0004 -7.03125000000000E-0002 
 1.02940000000000E+0002 -4.39453125000000E-0003 -6.54296875000000E-0002 
 1.03440000000000E+0002 -5.37109375000000E-0003 -6.64062500000000E-0002 
 1.03940000000000E+0002  2.44140625000000E-0003 -6.44531250000000E-0002 
 1.04440000000000E+0002  7.32421875000000E-0003 -6.15234375000000E-0002 
 1.04940000000000E+0002  1.66015625000000E-0002 -6.64062500000000E-0002 
 1.05440000000000E+0002  2.53906250000000E-0002 -6.54296875000000E-0002 
 1.05940000000000E+0002  4.44335937500000E-0002 -6.98242187500000E-0002 
 1.06440000000000E+0002  5.56640625000000E-0002 -7.81250000000000E-0002 
 1.06940000000000E+0002  6.34765625000000E-0002 -8.74023437500000E-0002 
 1.07440000000000E+0002  6.88476562500000E-0002 -9.96093750000000E-0002 
 1.07940000000000E+0002  7.17773437500000E-0002 -1.10351562500000E-0001 
 1.08440000000000E+0002  7.08007812500000E-0002 -1.18164062500000E-0001 
 1.08940000000000E+0002  5.95703125000000E-0002 -1.27929687500000E-0001 
 1.09440000000000E+0002  5.71289062500000E-0002 -1.35253906250000E-0001 
 1.09940000000000E+0002  4.93164062500000E-0002 -1.40625000000000E-0001 
 1.10440000000000E+0002  4.34570312500000E-0002 -1.42089843750000E-0001 
 1.10940000000000E+0002  3.51562500000000E-0002 -1.34277343750000E-0001 
 1.11440000000000E+0002  3.17382812500000E-0002 -1.28906250000000E-0001 
 1.11940000000000E+0002  3.17382812500000E-0002 -1.25488281250000E-0001 
 1.12440000000000E+0002  3.56445312500000E-0002 -1.13281250000000E-0001 
 1.12940000000000E+0002  3.61328125000000E-0002 -1.13769531250000E-0001 
 1.13440000000000E+0002  3.71093750000000E-0002 -1.14746093750000E-0001 
 1.13940000000000E+0002  4.15039062500000E-0002 -1.16699218750000E-0001 
 1.14440000000000E+0002  3.66210937500000E-0002 -1.24023437500000E-0001 
 1.14940000000000E+0002  3.22265625000000E-0002 -1.34765625000000E-0001 
