 0.00000000000000E+0000  9.13085937500000E-0002  1.51806640625000E-0001 
 5.00000000000000E-0001  1.42132568359375E-0001  1.55194091796875E-0001 
 1.00000000000000E+0000  1.78057861328125E-0001  1.18853759765625E-0001 
 1.50000000000000E+0000  1.73455810546875E-0001  4.93896484375000E-0002 
 2.00000000000000E+0000  1.30749511718750E-0001 -2.14477539062500E-0002 
 2.50000000000000E+0000  8.17932128906250E-0002 -7.89978027343750E-0002 
 3.00000000000000E+0000  4.10766601562500E-0002 -1.22027587890625E-0001 
 3.50000000000000E+0000  1.55029296874999E-0002 -1.45416259765625E-0001 
 4.00000000000000E+0000  2.16491699218750E-0002 -1.49035644531250E-0001 
 4.50000000000000E+0000  5.89782714843750E-0002 -1.37213134765625E-0001 
 5.00000000000000E+0000  1.05407714843749E-0001 -1.14862060546875E-0001 
 5.50000000000000E+0000  1.43829345703125E-0001 -9.01184082031249E-0002 
 6.00000000000000E+0000  1.71044921875000E-0001 -6.96716308593750E-0002 
 6.50000000000000E+0000  1.88452148437500E-0001 -5.73791503906251E-0002 
 7.00000000000000E+0000  2.02813720703125E-0001 -5.99304199218750E-0002 
 7.50000000000000E+0000  2.25030517578125E-0001 -8.53759765625000E-0002 
 8.00000000000000E+0000  2.52294921875000E-0001 -1.23156738281250E-0001 
 8.50000000000000E+0000  2.75891113281250E-0001 -1.49865722656250E-0001 
 9.00000000000000E+0000  2.93609619140625E-0001 -1.58129882812500E-0001 
 9.50000000000000E+0000  2.96362304687500E-0001 -1.50543212890625E-0001 
 1.00000000000000E+0001  2.62738037109375E-0001 -1.21435546875000E-0001 
 1.05000000000000E+0001  1.82348632812500E-0001 -7.08007812500001E-0002 
 1.10000000000000E+0001  6.87011718750000E-0002 -1.73461914062500E-0002 
 1.15000000000000E+0001 -5.78063964843749E-0002  2.26440429687500E-0002 
 1.20000000000000E+0001 -1.80297851562500E-0001  4.95849609374999E-0002 
 1.25000000000000E+0001 -2.79748535156250E-0001  6.45324707031249E-0002 
 1.30000000000000E+0001 -3.34930419921875E-0001  6.75842285156251E-0002 
 1.35000000000000E+0001 -3.43090820312500E-0001  7.07519531250001E-0002 
 1.40000000000000E+0001 -3.15319824218750E-0001  8.95629882812499E-0002 
 1.45000000000000E+0001 -2.60736083984375E-0001  1.18914794921875E-0001 
 1.50000000000000E+0001 -1.92028808593750E-0001  1.47283935546875E-0001 
 1.55000000000000E+0001 -1.21661376953125E-0001  1.72784423828125E-0001 
 1.60000000000000E+0001 -5.77392578125001E-0002  1.83837890625000E-0001 
 1.65000000000000E+0001 -3.05786132812500E-0003  1.64276123046875E-0001 
 1.70000000000000E+0001  4.00207519531250E-0002  1.13970947265624E-0001 
 1.75000000000000E+0001  6.76757812500001E-0002  4.77722167968750E-0002 
 1.80000000000000E+0001  8.06701660156251E-0002 -1.94702148437500E-0002 
 1.85000000000000E+0001  8.21899414062499E-0002 -7.87780761718750E-0002 
 1.90000000000000E+0001  7.22167968750000E-0002 -1.20007324218749E-0001 
 1.95000000000000E+0001  5.24108886718750E-0002 -1.42181396484375E-0001 
 2.00000000000000E+0001  2.87719726562500E-0002 -1.57391357421875E-0001 
 2.05000000000000E+0001  7.26318359375001E-0004 -1.73937988281250E-0001 
 2.10000000000000E+0001 -3.51684570312501E-0002 -1.88238525390625E-0001 
 2.15000000000000E+0001 -7.59399414062501E-0002 -1.96673583984375E-0001 
 2.20000000000000E+0001 -1.14086914062499E-0001 -1.96282958984375E-0001 
 2.25000000000000E+0001 -1.43328857421875E-0001 -1.78704833984375E-0001 
 2.30000000000000E+0001 -1.59954833984375E-0001 -1.38275146484375E-0001 
 2.35000000000000E+0001 -1.59106445312500E-0001 -8.04199218750000E-0002 
 2.40000000000000E+0001 -1.39849853515625E-0001 -1.63085937500000E-0002 
 2.45000000000000E+0001 -1.10015869140624E-0001  4.55261230468750E-0002 
 2.50000000000000E+0001 -7.71423339843750E-0002  9.96398925781251E-0002 
 2.55000000000000E+0001 -4.41894531250000E-0002  1.40069580078125E-0001 
 2.60000000000000E+0001 -1.23046874999999E-0002  1.64733886718750E-0001 
 2.65000000000000E+0001  1.87255859375000E-0002  1.72460937500000E-0001 
 2.70000000000000E+0001  4.74365234375000E-0002  1.62713623046875E-0001 
 2.75000000000000E+0001  7.48901367187500E-0002  1.36633300781250E-0001 
 2.80000000000000E+0001  9.79492187500000E-0002  9.73083496093751E-0002 
 2.85000000000000E+0001  1.10949707031250E-0001  5.05676269531251E-0002 
 2.90000000000000E+0001  1.10516357421875E-0001  2.38037109375000E-0003 
 2.95000000000000E+0001  9.62707519531251E-0002 -4.09545898437500E-0002 
 3.00000000000000E+0001  7.08984375000001E-0002 -7.37548828125001E-0002 
 3.05000000000000E+0001  3.99902343750000E-0002 -9.43298339843749E-0002 
 3.10000000000000E+0001  7.18383789062500E-0003 -1.03686523437499E-0001 
 3.15000000000000E+0001 -2.67578125000000E-0002 -1.06036376953124E-0001 
 3.20000000000000E+0001 -6.15966796875000E-0002 -1.03735351562499E-0001 
 3.25000000000000E+0001 -9.48608398437500E-0002 -9.69665527343751E-0002 
 3.30000000000000E+0001 -1.23968505859375E-0001 -8.71643066406250E-0002 
 3.35000000000000E+0001 -1.45507812500000E-0001 -7.55310058593750E-0002 
 3.40000000000000E+0001 -1.53948974609375E-0001 -6.21337890625000E-0002 
 3.45000000000000E+0001 -1.46301269531250E-0001 -4.70336914062500E-0002 
 3.50000000000000E+0001 -1.22949218750000E-0001 -3.17382812500000E-0002 
 3.55000000000000E+0001 -8.98437500000000E-0002 -1.97082519531250E-0002 
 3.60000000000000E+0001 -5.77209472656250E-0002 -9.72900390624999E-0003 
 3.65000000000000E+0001 -3.15185546875000E-0002  4.51660156249998E-0004 
 3.70000000000000E+0001 -1.14929199218749E-0002  8.28857421875001E-0003 
 3.75000000000000E+0001  3.03344726562500E-0003  1.17858886718750E-0002 
 3.80000000000000E+0001  1.20544433593750E-0002  1.34399414062499E-0002 
 3.85000000000000E+0001  1.79748535156250E-0002  1.58020019531250E-0002 
 3.90000000000000E+0001  2.52502441406250E-0002  1.77917480468750E-0002 
 3.95000000000000E+0001  3.34472656250000E-0002  1.76025390625000E-0002 
 4.00000000000000E+0001  3.77563476562500E-0002  1.71325683593750E-0002 
 4.05000000000000E+0001  3.79882812500000E-0002  1.71386718750000E-0002 
 4.10000000000000E+0001  3.39904785156250E-0002  1.53320312499999E-0002 
 4.15000000000000E+0001  2.65380859375000E-0002  1.20971679687500E-0002 
 4.20000000000000E+0001  1.84692382812500E-0002  8.08715820312500E-0003 
 4.25000000000000E+0001  1.18164062500000E-0002  2.65502929687499E-0003 
 4.30000000000000E+0001  7.30590820312501E-0003 -3.54614257812500E-0003 
 4.35000000000000E+0001  5.17578125000000E-0003 -9.69238281250000E-0003 
 4.40000000000000E+0001  5.67626953125001E-0003 -1.47155761718749E-0002 
 4.45000000000000E+0001  7.23876953124999E-0003 -1.93237304687500E-0002 
 4.50000000000000E+0001  7.33642578125000E-0003 -2.34741210937500E-0002 
 4.55000000000000E+0001  3.84521484375000E-0003 -2.56103515625000E-0002 
 4.60000000000000E+0001 -2.13623046875000E-0003 -2.48046875000000E-0002 
 4.65000000000000E+0001 -7.72705078125000E-0003 -2.30590820312500E-0002 
 4.70000000000000E+0001 -1.49169921875000E-0002 -2.16186523437500E-0002 
 4.75000000000000E+0001 -2.48107910156250E-0002 -1.99768066406250E-0002 
 4.80000000000000E+0001 -3.63342285156250E-0002 -1.62902832031250E-0002 
 4.85000000000000E+0001 -4.53613281250000E-0002 -9.82666015625000E-0003 
 4.90000000000000E+0001 -5.01708984375000E-0002 -3.57055664062500E-0003 
 4.95000000000000E+0001 -5.28625488281250E-0002  2.56347656250000E-0003 
 5.00000000000000E+0001 -5.19531250000000E-0002  1.06994628906250E-0002 
 5.05000000000000E+0001 -4.40856933593751E-0002  1.93237304687500E-0002 
 5.10000000000000E+0001 -2.91503906250000E-0002  2.48657226562500E-0002 
 5.15000000000000E+0001 -1.17004394531249E-0002  2.50793457031250E-0002 
 5.20000000000000E+0001  5.84106445312500E-0003  2.19238281250000E-0002 
 5.25000000000000E+0001  2.15026855468750E-0002  1.59423828125000E-0002 
 5.30000000000000E+0001  3.27697753906250E-0002  6.89697265624999E-0003 
 5.35000000000000E+0001  3.85986328125000E-0002 -2.97241210937499E-0003 
 5.40000000000000E+0001  3.97949218750000E-0002 -1.20849609375000E-0002 
 5.45000000000000E+0001  3.76708984375000E-0002 -2.15454101562500E-0002 
 5.50000000000000E+0001  3.20617675781250E-0002 -3.40942382812500E-0002 
 5.55000000000000E+0001  2.38098144531250E-0002 -4.73876953125000E-0002 
 5.60000000000000E+0001  1.63024902343750E-0002 -5.91613769531250E-0002 
 5.65000000000000E+0001  9.35668945312498E-0003 -6.92626953125000E-0002 
 5.70000000000000E+0001  1.64184570312500E-0003 -7.54211425781249E-0002 
 5.75000000000000E+0001 -6.93359375000000E-0003 -7.27661132812500E-0002 
 5.80000000000000E+0001 -1.56677246093750E-0002 -6.03393554687501E-0002 
 5.85000000000000E+0001 -2.39807128906250E-0002 -4.27429199218750E-0002 
 5.90000000000000E+0001 -3.11218261718750E-0002 -2.43286132812500E-0002 
 5.95000000000000E+0001 -3.41552734375000E-0002 -7.15942382812499E-0003 
 6.00000000000000E+0001 -3.26232910156250E-0002  4.41284179687500E-0003 
 6.05000000000000E+0001 -2.82287597656250E-0002  9.36889648437501E-0003 
 6.10000000000000E+0001 -2.07702636718750E-0002  9.25903320312500E-0003 
 6.15000000000000E+0001 -8.58154296875000E-0003  6.07299804687500E-0003 
 6.20000000000000E+0001  4.06494140625001E-0003 -4.88281249999973E-0005 
 6.25000000000000E+0001  1.11083984375000E-0002 -6.89697265625000E-0003 
 6.30000000000000E+0001  1.23962402343750E-0002 -1.01928710937499E-0002 
 6.35000000000000E+0001  1.13342285156249E-0002 -1.06994628906250E-0002 
 6.40000000000000E+0001  8.55712890625000E-0003 -9.69238281249999E-0003 
 6.45000000000000E+0001  4.98657226562500E-0003 -7.73315429687501E-0003 
 6.50000000000000E+0001  3.32031250000000E-0003 -6.78710937499999E-0003 
 6.55000000000000E+0001  5.92651367187501E-0003 -9.33837890625000E-0003 
 6.60000000000000E+0001  1.01806640625000E-0002 -1.48376464843750E-0002 
 6.65000000000000E+0001  1.36474609375000E-0002 -1.96350097656250E-0002 
 6.70000000000000E+0001  1.47644042968750E-0002 -2.35900878906250E-0002 
 6.75000000000000E+0001  1.20910644531250E-0002 -2.65136718750000E-0002 
 6.80000000000000E+0001  5.68847656249999E-0003 -2.57629394531250E-0002 
 6.85000000000000E+0001 -2.38647460937500E-0003 -2.26440429687500E-0002 
 6.90000000000000E+0001 -9.97314453125000E-0003 -2.01782226562500E-0002 
 6.95000000000000E+0001 -1.55456542968750E-0002 -1.96838378906250E-0002 
 7.00000000000000E+0001 -1.73217773437500E-0002 -2.01477050781250E-0002 
 7.05000000000000E+0001 -1.61743164062500E-0002 -2.17041015625000E-0002 
 7.10000000000000E+0001 -1.57165527343750E-0002 -2.37121582031250E-0002 
 7.15000000000000E+0001 -1.71142578125000E-0002 -2.55249023437500E-0002 
 7.20000000000000E+0001 -1.80664062500000E-0002 -2.70690917968750E-0002 
 7.25000000000000E+0001 -1.75048828125000E-0002 -2.83020019531250E-0002 
 7.30000000000000E+0001 -1.67541503906250E-0002 -2.87292480468750E-0002 
 7.35000000000000E+0001 -1.71875000000000E-0002 -2.85522460937500E-0002 
 7.40000000000000E+0001 -1.73583984375000E-0002 -2.65625000000000E-0002 
 7.45000000000000E+0001 -1.42700195312500E-0002 -2.13012695312500E-0002 
 7.50000000000000E+0001 -8.09936523437499E-0003 -1.45385742187500E-0002 
 7.55000000000000E+0001 -3.02124023437500E-0003 -1.04370117187500E-0002 
 7.60000000000000E+0001 -2.45971679687501E-0003 -9.91210937500000E-0003 
 7.65000000000000E+0001 -4.32739257812499E-0003 -1.16210937500000E-0002 
 7.70000000000000E+0001 -5.74951171875002E-0003 -1.64184570312500E-0002 
 7.75000000000000E+0001 -8.32519531249998E-0003 -2.25891113281250E-0002 
 7.80000000000000E+0001 -1.21582031250000E-0002 -2.64831542968750E-0002 
 7.85000000000000E+0001 -1.43798828125000E-0002 -2.82409667968750E-0002 
 7.90000000000000E+0001 -1.44958496093750E-0002 -2.83264160156250E-0002 
 7.95000000000000E+0001 -1.25122070312500E-0002 -2.46826171875000E-0002 
 8.00000000000000E+0001 -9.56420898437500E-0003 -1.77490234375000E-0002 
 8.05000000000000E+0001 -7.18994140625000E-0003 -1.32934570312500E-0002 
 8.10000000000000E+0001 -6.58569335937500E-0003 -1.35375976562500E-0002 
 8.15000000000000E+0001 -6.69555664062500E-0003 -1.47460937500000E-0002 
 8.20000000000000E+0001 -4.43115234374999E-0003 -1.57653808593750E-0002 
 8.25000000000000E+0001 -1.22680664062499E-0003 -1.84692382812500E-0002 
 8.30000000000000E+0001  7.20214843750001E-0004 -2.20214843750000E-0002 
 8.35000000000000E+0001 -5.61523437499998E-0004 -2.36755371093750E-0002 
 8.40000000000000E+0001 -4.51049804687500E-0003 -2.16979980468750E-0002 
 8.45000000000000E+0001 -9.79003906250001E-0003 -1.91528320312500E-0002 
 8.50000000000000E+0001 -1.56250000000000E-0002 -1.85424804687500E-0002 
 8.55000000000000E+0001 -2.10144042968750E-0002 -2.01538085937500E-0002 
 8.60000000000000E+0001 -2.44689941406250E-0002 -2.18872070312500E-0002 
 8.65000000000000E+0001 -2.40966796875000E-0002 -2.25158691406250E-0002 
 8.70000000000000E+0001 -2.01599121093750E-0002 -2.34985351562500E-0002 
 8.75000000000000E+0001 -1.57897949218750E-0002 -2.45056152343750E-0002 
 8.80000000000000E+0001 -1.31530761718750E-0002 -2.45056152343750E-0002 
 8.85000000000000E+0001 -1.33239746093750E-0002 -2.47863769531250E-0002 
 8.90000000000000E+0001 -1.66809082031250E-0002 -2.62145996093750E-0002 
 8.95000000000000E+0001 -2.26440429687500E-0002 -2.81188964843750E-0002 
 9.00000000000000E+0001 -2.84667968750000E-0002 -2.96203613281250E-0002 
 9.05000000000000E+0001 -3.20678710937500E-0002 -3.06274414062500E-0002 
 9.10000000000000E+0001 -3.30444335937500E-0002 -3.01635742187500E-0002 
 9.15000000000000E+0001 -3.20312500000000E-0002 -2.90710449218750E-0002 
 9.20000000000000E+0001 -2.95349121093750E-0002 -2.92724609375000E-0002 
 9.25000000000000E+0001 -2.63610839843750E-0002 -3.16528320312500E-0002 
 9.30000000000000E+0001 -2.38037109375000E-0002 -3.48876953124999E-0002 
 9.35000000000000E+0001 -2.23999023437500E-0002 -3.72680664062500E-0002 
 9.40000000000000E+0001 -2.19421386718750E-0002 -3.86535644531250E-0002 
 9.45000000000000E+0001 -2.09716796875000E-0002 -3.84399414062500E-0002 
 9.50000000000000E+0001 -1.74621582031250E-0002 -3.50341796875000E-0002 
 9.55000000000000E+0001 -1.23962402343749E-0002 -2.69836425781250E-0002 
 9.60000000000000E+0001 -7.70874023437501E-0003 -1.68212890625000E-0002 
 9.65000000000000E+0001 -3.82690429687500E-0003 -1.00097656250000E-0002 
 9.70000000000000E+0001 -4.76074218749998E-0004 -7.82470703124999E-0003 
 9.75000000000000E+0001  2.80151367187500E-0003 -7.95288085937500E-0003 
 9.80000000000000E+0001  4.88891601562499E-0003 -1.19140625000000E-0002 
 9.85000000000000E+0001  3.44848632812501E-0003 -2.06970214843750E-0002 
 9.90000000000000E+0001 -2.56347656249995E-0004 -2.90954589843751E-0002 
 9.95000000000000E+0001 -1.92260742187500E-0003 -3.25744628906250E-0002 
 1.00000000000000E+0002 -3.14941406250000E-0003 -3.24768066406250E-0002 
 1.00500000000000E+0002 -6.23779296875001E-0003 -3.05480957031250E-0002 
 1.01000000000000E+0002 -8.54492187500000E-0003 -2.67333984375000E-0002 
 1.01500000000000E+0002 -7.17163085937501E-0003 -2.30407714843750E-0002 
 1.02000000000000E+0002 -4.70581054687500E-0003 -2.20031738281250E-0002 
 1.02500000000000E+0002 -4.09545898437500E-0003 -2.35229492187500E-0002 
 1.03000000000000E+0002 -3.97949218749999E-0003 -2.56958007812500E-0002 
 1.03500000000000E+0002 -3.41796875000000E-0003 -2.88879394531250E-0002 
 1.04000000000000E+0002 -5.08422851562500E-0003 -3.23242187500000E-0002 
 1.04500000000000E+0002 -8.91723632812499E-0003 -3.34716796875000E-0002 
 1.05000000000000E+0002 -1.14257812500000E-0002 -3.23303222656250E-0002 
 1.05500000000000E+0002 -1.08764648437500E-0002 -3.07556152343750E-0002 
 1.06000000000000E+0002 -9.25292968750000E-0003 -2.99377441406250E-0002 
 1.06500000000000E+0002 -7.73925781250001E-0003 -2.90588378906250E-0002 
 1.07000000000000E+0002 -5.77392578124998E-0003 -2.72216796875000E-0002 
 1.07500000000000E+0002 -4.50439453124999E-0003 -2.66723632812500E-0002 
 1.08000000000000E+0002 -6.78710937500001E-0003 -2.69409179687500E-0002 
 1.08500000000000E+0002 -1.17370605468750E-0002 -2.57141113281250E-0002 
 1.09000000000000E+0002 -1.61743164062500E-0002 -2.36389160156250E-0002 
 1.09500000000000E+0002 -1.96472167968750E-0002 -2.30651855468750E-0002 
 1.10000000000000E+0002 -2.28210449218750E-0002 -2.42187500000001E-0002 
 1.10500000000000E+0002 -2.40417480468750E-0002 -2.47985839843750E-0002 
 1.11000000000000E+0002 -2.23022460937500E-0002 -2.39257812500000E-0002 
 1.11500000000000E+0002 -2.01354980468750E-0002 -2.37243652343750E-0002 
 1.12000000000000E+0002 -1.86889648437500E-0002 -2.42858886718750E-0002 
 1.12500000000000E+0002 -1.79565429687500E-0002 -2.35046386718750E-0002 
 1.13000000000000E+0002 -1.63940429687500E-0002 -2.17163085937500E-0002 
 1.13500000000000E+0002 -1.48742675781249E-0002 -2.11059570312500E-0002 
 1.14000000000000E+0002 -1.44653320312500E-0002 -2.24670410156250E-0002 
 1.14500000000000E+0002 -1.40380859374999E-0002 -2.23999023437500E-0002 
 1.15000000000000E+0002 -1.32934570312499E-0002 -1.97631835937500E-0002 
 1.15500000000000E+0002 -1.43676757812500E-0002 -1.67175292968750E-0002 
 1.16000000000000E+0002 -1.79870605468750E-0002 -1.47827148437500E-0002 
 1.16500000000000E+0002 -2.14782714843750E-0002 -1.37329101562499E-0002 
 1.17000000000000E+0002 -2.34619140625000E-0002 -1.40197753906250E-0002 
 1.17500000000000E+0002 -2.45910644531250E-0002 -1.67175292968750E-0002 
 1.18000000000000E+0002 -2.46765136718750E-0002 -2.12951660156250E-0002 
 1.18500000000000E+0002 -2.18872070312500E-0002 -2.61352539062500E-0002 
 1.19000000000000E+0002 -1.69494628906250E-0002 -3.04321289062500E-0002 
 1.19500000000000E+0002 -1.42700195312500E-0002 -3.26354980468750E-0002 
 1.20000000000000E+0002 -1.43249511718749E-0002 -3.20983886718750E-0002 
 1.20500000000000E+0002 -1.47888183593750E-0002 -3.10791015625000E-0002 
 1.21000000000000E+0002 -1.57653808593750E-0002 -3.20007324218750E-0002 
 1.21500000000000E+0002 -1.81396484375000E-0002 -3.33068847656250E-0002 
 1.22000000000000E+0002 -2.14721679687500E-0002 -3.40026855468750E-0002 
 1.22500000000000E+0002 -2.42797851562500E-0002 -3.39538574218750E-0002 
 1.23000000000000E+0002 -2.59033203125000E-0002 -3.33862304687500E-0002 
 1.23500000000000E+0002 -2.64404296875000E-0002 -3.02307128906250E-0002 
 1.24000000000000E+0002 -2.52990722656250E-0002 -2.35656738281250E-0002 
 1.24500000000000E+0002 -2.29370117187500E-0002 -1.67724609375000E-0002 
 1.25000000000000E+0002 -2.10449218750000E-0002 -1.26037597656250E-0002 
 1.25500000000000E+0002 -2.01721191406250E-0002 -1.13952636718749E-0002 
 1.26000000000000E+0002 -2.10266113281250E-0002 -1.21704101562500E-0002 
 1.26500000000000E+0002 -2.37670898437500E-0002 -1.40808105468750E-0002 
 1.27000000000000E+0002 -2.68249511718750E-0002 -1.67602539062500E-0002 
 1.27500000000000E+0002 -2.90466308593750E-0002 -1.91162109375000E-0002 
 1.28000000000000E+0002 -2.84240722656249E-0002 -1.99707031250000E-0002 
 1.28500000000000E+0002 -2.52258300781250E-0002 -2.00317382812500E-0002 
 1.29000000000000E+0002 -2.02575683593750E-0002 -2.04406738281250E-0002 
 1.29500000000000E+0002 -1.42639160156250E-0002 -2.10876464843750E-0002 
 1.30000000000000E+0002 -9.13696289062502E-0003 -2.16064453125000E-0002 
 1.30500000000000E+0002 -5.04150390625000E-0003 -2.25708007812500E-0002 
 1.31000000000000E+0002 -2.63671875000000E-0003 -2.37182617187500E-0002 
 1.31500000000000E+0002 -2.34375000000000E-0003 -2.46765136718750E-0002 
 1.32000000000000E+0002 -3.04565429687499E-0003 -2.56225585937500E-0002 
 1.32500000000000E+0002 -4.90722656250000E-0003 -2.70324707031250E-0002 
 1.33000000000000E+0002 -7.40966796874999E-0003 -2.79602050781250E-0002 
 1.33500000000000E+0002 -9.33837890625000E-0003 -2.82287597656250E-0002 
 1.34000000000000E+0002 -9.93041992187500E-0003 -2.86560058593750E-0002 
 1.34500000000000E+0002 -9.89990234375000E-0003 -2.93762207031250E-0002 
 1.35000000000000E+0002 -1.13769531250000E-0002 -2.98950195312500E-0002 
 1.35500000000000E+0002 -1.41601562499999E-0002 -3.01818847656251E-0002 
 1.36000000000000E+0002 -1.57348632812500E-0002 -3.15795898437500E-0002 
 1.36500000000000E+0002 -1.77062988281250E-0002 -3.48388671875000E-0002 
 1.37000000000000E+0002 -2.13378906250000E-0002 -3.82568359375000E-0002 
 1.37500000000000E+0002 -2.39379882812500E-0002 -4.10644531250000E-0002 
 1.38000000000000E+0002 -2.30102539062500E-0002 -4.19738769531250E-0002 
 1.38500000000000E+0002 -1.92138671875000E-0002 -4.05212402343750E-0002 
 1.39000000000000E+0002 -1.59301757812500E-0002 -3.92639160156249E-0002 
 1.39500000000000E+0002 -1.48498535156249E-0002 -3.90747070312500E-0002 
 1.40000000000000E+0002 -1.57104492187500E-0002 -3.91113281250000E-0002 
 1.40500000000000E+0002 -1.79565429687500E-0002 -3.75183105468750E-0002 
 1.41000000000000E+0002 -2.18017578125000E-0002 -3.49670410156250E-0002 
 1.41500000000000E+0002 -2.68798828125000E-0002 -3.24951171875000E-0002 
 1.42000000000000E+0002 -3.07128906250000E-0002 -2.78869628906250E-0002 
 1.42500000000000E+0002 -2.97180175781250E-0002 -2.16369628906250E-0002 
 1.43000000000000E+0002 -2.35107421875000E-0002 -1.72729492187500E-0002 
 1.43500000000000E+0002 -1.62109375000000E-0002 -1.81823730468750E-0002 
 1.44000000000000E+0002 -1.21032714843749E-0002 -2.23876953125000E-0002 
 1.44500000000000E+0002 -1.28417968749999E-0002 -2.66113281250000E-0002 
 1.45000000000000E+0002 -1.63879394531250E-0002 -3.00170898437500E-0002 
 1.45500000000000E+0002 -2.12402343750000E-0002 -3.24340820312500E-0002 
 1.46000000000000E+0002 -2.67089843750000E-0002 -3.24645996093750E-0002 
 1.46500000000000E+0002 -3.08227539062500E-0002 -3.01757812500000E-0002 
 1.47000000000000E+0002 -3.11645507812500E-0002 -2.76489257812500E-0002 
 1.47500000000000E+0002 -2.76245117187500E-0002 -2.70385742187500E-0002 
 1.48000000000000E+0002 -2.41394042968750E-0002 -2.64038085937500E-0002 
 1.48500000000000E+0002 -2.20275878906250E-0002 -2.42431640625000E-0002 
 1.49000000000000E+0002 -2.04101562500000E-0002 -2.15515136718750E-0002 
 1.49500000000000E+0002 -1.83044433593750E-0002 -2.00134277343750E-0002 
 1.50000000000000E+0002 -1.71264648437500E-0002 -1.90124511718750E-0002 
 1.50500000000000E+0002 -1.69555664062500E-0002 -1.74804687500000E-0002 
 1.51000000000000E+0002 -1.54602050781250E-0002 -1.70471191406250E-0002 
 1.51500000000000E+0002 -1.44165039062499E-0002 -1.92871093750000E-0002 
 1.52000000000000E+0002 -1.52221679687500E-0002 -2.26623535156250E-0002 
 1.52500000000000E+0002 -1.72912597656250E-0002 -2.56713867187500E-0002 
 1.53000000000000E+0002 -1.88415527343750E-0002 -2.87414550781250E-0002 
 1.53500000000000E+0002 -2.11853027343750E-0002 -3.03222656250000E-0002 
 1.54000000000000E+0002 -2.43896484375000E-0002 -2.95959472656250E-0002 
 1.54500000000000E+0002 -2.73010253906250E-0002 -2.69042968750000E-0002 
 1.55000000000000E+0002 -2.97912597656250E-0002 -2.34191894531250E-0002 
 1.55500000000000E+0002 -3.16955566406250E-0002 -1.90124511718750E-0002 
 1.56000000000000E+0002 -3.12255859375000E-0002 -1.51428222656249E-0002 
 1.56500000000000E+0002 -2.81616210937500E-0002 -1.40808105468749E-0002 
 1.57000000000000E+0002 -2.46704101562500E-0002 -1.68823242187500E-0002 
 1.57500000000000E+0002 -2.21557617187500E-0002 -2.18444824218750E-0002 
 1.58000000000000E+0002 -2.10205078125000E-0002 -2.73559570312500E-0002 
 1.58500000000000E+0002 -2.19970703125000E-0002 -3.24707031250000E-0002 
 1.59000000000000E+0002 -2.36267089843750E-0002 -3.59558105468750E-0002 
 1.59500000000000E+0002 -2.33642578125000E-0002 -3.76281738281250E-0002 
 1.60000000000000E+0002 -2.18444824218750E-0002 -3.73291015625000E-0002 
 1.60500000000000E+0002 -2.13439941406250E-0002 -3.38012695312500E-0002 
 1.61000000000000E+0002 -2.06604003906250E-0002 -2.77832031250000E-0002 
 1.61500000000000E+0002 -1.84570312500000E-0002 -2.13989257812500E-0002 
 1.62000000000000E+0002 -1.71936035156250E-0002 -1.57897949218750E-0002 
 1.62500000000000E+0002 -1.81274414062500E-0002 -1.18286132812499E-0002 
 1.63000000000000E+0002 -1.90856933593750E-0002 -1.05712890625000E-0002 
 1.63500000000000E+0002 -1.77734375000000E-0002 -1.36169433593750E-0002 
 1.64000000000000E+0002 -1.55456542968750E-0002 -1.92138671875000E-0002 
 1.64500000000000E+0002 -1.42395019531250E-0002 -2.40905761718750E-0002 
 1.65000000000000E+0002 -1.43371582031250E-0002 -2.73925781250000E-0002 
 1.65500000000000E+0002 -1.62841796875000E-0002 -2.74291992187500E-0002 
 1.66000000000000E+0002 -1.84753417968750E-0002 -2.25585937500000E-0002 
 1.66500000000000E+0002 -1.92871093750000E-0002 -1.62170410156250E-0002 
 1.67000000000000E+0002 -1.93481445312500E-0002 -1.20727539062499E-0002 
 1.67500000000000E+0002 -1.93298339843750E-0002 -1.06689453124999E-0002 
 1.68000000000000E+0002 -1.84570312500000E-0002 -9.87548828124999E-0003 
 1.68500000000000E+0002 -1.59790039062500E-0002 -1.08581542968750E-0002 
 1.69000000000000E+0002 -1.35925292968750E-0002 -1.52648925781249E-0002 
 1.69500000000000E+0002 -1.39831542968749E-0002 -1.91345214843750E-0002 
 1.70000000000000E+0002 -1.62963867187500E-0002 -1.93420410156250E-0002 
 1.70500000000000E+0002 -1.90612792968750E-0002 -1.72363281250000E-0002 
 1.71000000000000E+0002 -2.11181640625000E-0002 -1.47888183593750E-0002 
 1.71500000000000E+0002 -2.23388671875000E-0002 -1.18530273437500E-0002 
 1.72000000000000E+0002 -2.25524902343750E-0002 -8.57543945312500E-0003 
 1.72500000000000E+0002 -2.04406738281250E-0002 -6.07910156249999E-0003 
 1.73000000000000E+0002 -1.59362792968750E-0002 -5.90820312500000E-0003 
 1.73500000000000E+0002 -1.07055664062500E-0002 -8.83789062500001E-0003 
 1.74000000000000E+0002 -6.85424804687500E-0003 -1.50329589843750E-0002 
 1.74500000000000E+0002 -5.11474609375001E-0003 -2.23022460937500E-0002 
 1.75000000000000E+0002 -4.43725585937499E-0003 -2.79052734375000E-0002 
 1.75500000000000E+0002 -4.62036132812500E-0003 -3.21838378906250E-0002 
 1.76000000000000E+0002 -6.63452148437499E-0003 -3.58825683593750E-0002 
 1.76500000000000E+0002 -9.36279296874999E-0003 -3.72497558593750E-0002 
 1.77000000000000E+0002 -1.10717773437499E-0002 -3.46069335937500E-0002 
 1.77500000000000E+0002 -1.06262207031250E-0002 -2.99011230468750E-0002 
 1.78000000000000E+0002 -1.12304687500000E-0002 -2.67578125000000E-0002 
 1.78500000000000E+0002 -1.42272949218750E-0002 -2.44140625000000E-0002 
 1.79000000000000E+0002 -1.71386718750000E-0002 -2.11120605468750E-0002 
 1.79500000000000E+0002 -1.86157226562500E-0002 -1.79931640625000E-0002 
 1.80000000000000E+0002 -2.05993652343750E-0002 -1.65039062500000E-0002 
 1.80500000000000E+0002 -2.46643066406250E-0002 -1.58203125000000E-0002 
 1.81000000000000E+0002 -2.91748046875000E-0002 -1.61132812500000E-0002 
 1.81500000000000E+0002 -3.23059082031250E-0002 -1.87255859375000E-0002 
 1.82000000000000E+0002 -3.48205566406250E-0002 -2.34802246093750E-0002 
 1.82500000000000E+0002 -3.70727539062500E-0002 -2.87719726562500E-0002 
 1.83000000000000E+0002 -3.88000488281251E-0002 -3.28186035156250E-0002 
 1.83500000000000E+0002 -3.99841308593749E-0002 -3.49304199218750E-0002 
 1.84000000000000E+0002 -3.96423339843750E-0002 -3.50097656250000E-0002 
 1.84500000000000E+0002 -3.72619628906250E-0002 -3.33007812500000E-0002 
 1.85000000000000E+0002 -3.47717285156250E-0002 -3.10791015625000E-0002 
 1.85500000000000E+0002 -3.37890625000000E-0002 -2.85278320312500E-0002 
 1.86000000000000E+0002 -3.27392578125000E-0002 -2.59887695312500E-0002 
 1.86500000000000E+0002 -3.00231933593750E-0002 -2.36816406250000E-0002 
 1.87000000000000E+0002 -2.62268066406250E-0002 -2.11059570312500E-0002 
 1.87500000000000E+0002 -2.38830566406251E-0002 -1.78039550781250E-0002 
 1.88000000000000E+0002 -2.28759765625000E-0002 -1.41296386718749E-0002 
 1.88500000000000E+0002 -2.15393066406250E-0002 -1.07604980468750E-0002 
 1.89000000000000E+0002 -2.04528808593750E-0002 -9.88769531250000E-0003 
 1.89500000000000E+0002 -2.01843261718750E-0002 -1.28356933593750E-0002 
 1.90000000000000E+0002 -2.11669921875000E-0002 -1.97143554687500E-0002 
 1.90500000000000E+0002 -2.34375000000000E-0002 -2.73864746093750E-0002 
 1.91000000000000E+0002 -2.60559082031250E-0002 -3.31115722656250E-0002 
 1.91500000000000E+0002 -2.80883789062500E-0002 -3.71032714843750E-0002 
 1.92000000000000E+0002 -2.85522460937500E-0002 -3.82934570312500E-0002 
 1.92500000000000E+0002 -2.70935058593750E-0002 -3.46984863281251E-0002 
 1.93000000000000E+0002 -2.44384765625000E-0002 -2.72460937500000E-0002 
 1.93500000000000E+0002 -2.14477539062500E-0002 -2.11853027343750E-0002 
 1.94000000000000E+0002 -1.87438964843750E-0002 -1.97265625000000E-0002 
 1.94500000000000E+0002 -1.54418945312500E-0002 -2.19543457031250E-0002 
 1.95000000000000E+0002 -1.22680664062500E-0002 -2.53967285156250E-0002 
 1.95500000000000E+0002 -1.13586425781250E-0002 -3.02429199218750E-0002 
 1.96000000000000E+0002 -1.24633789062499E-0002 -3.48022460937500E-0002 
 1.96500000000000E+0002 -1.39099121093750E-0002 -3.67248535156250E-0002 
 1.97000000000000E+0002 -1.59912109375000E-0002 -3.53393554687500E-0002 
 1.97500000000000E+0002 -1.89331054687500E-0002 -3.24340820312500E-0002 
 1.98000000000000E+0002 -2.24548339843750E-0002 -3.01086425781250E-0002 
 1.98500000000000E+0002 -2.57507324218750E-0002 -2.89672851562500E-0002 
 1.99000000000000E+0002 -2.77954101562500E-0002 -2.83996582031250E-0002 
 1.99500000000000E+0002 -2.84057617187500E-0002 -2.67150878906250E-0002 
 2.00000000000000E+0002 -2.77954101562500E-0002 -2.35534667968750E-0002 
 2.00500000000000E+0002 -2.70263671875000E-0002 -2.02880859375000E-0002 
 2.01000000000000E+0002 -2.74475097656250E-0002 -1.71203613281250E-0002 
 2.01500000000000E+0002 -2.78564453125000E-0002 -1.36779785156249E-0002 
 2.02000000000000E+0002 -2.64160156250000E-0002 -1.14868164062500E-0002 
 2.02500000000000E+0002 -2.32849121093750E-0002 -1.32812500000000E-0002 
 2.03000000000000E+0002 -2.07946777343750E-0002 -1.87194824218750E-0002 
 2.03500000000000E+0002 -1.93664550781250E-0002 -2.40295410156250E-0002 
 2.04000000000000E+0002 -1.78527832031250E-0002 -2.84484863281250E-0002 
 2.04500000000000E+0002 -1.68762207031250E-0002 -3.25439453124999E-0002 
 2.05000000000000E+0002 -1.82434082031250E-0002 -3.50219726562499E-0002 
 2.05500000000000E+0002 -2.17224121093750E-0002 -3.32519531250000E-0002 
 2.06000000000000E+0002 -2.46032714843750E-0002 -2.78747558593750E-0002 
 2.06500000000000E+0002 -2.56469726562500E-0002 -2.29431152343750E-0002 
 2.07000000000000E+0002 -2.50000000000000E-0002 -1.91833496093750E-0002 
 2.07500000000000E+0002 -2.35046386718750E-0002 -1.65039062500000E-0002 
 2.08000000000000E+0002 -2.12707519531250E-0002 -1.59362792968750E-0002 
 2.08500000000000E+0002 -1.86035156250000E-0002 -1.98669433593750E-0002 
 2.09000000000000E+0002 -1.78161621093750E-0002 -2.63183593750000E-0002 
 2.09500000000000E+0002 -1.82495117187500E-0002 -3.22998046875000E-0002 
 2.10000000000000E+0002 -1.88415527343750E-0002 -3.63159179687500E-0002 
 2.10500000000000E+0002 -1.93481445312500E-0002 -3.68103027343750E-0002 
 2.11000000000000E+0002 -1.91101074218750E-0002 -3.48999023437500E-0002 
 2.11500000000000E+0002 -1.88049316406250E-0002 -3.22265625000000E-0002 
 2.12000000000000E+0002 -1.74255371093750E-0002 -2.96813964843750E-0002 
 2.12500000000000E+0002 -1.51855468750000E-0002 -2.77221679687500E-0002 
 2.13000000000000E+0002 -1.26037597656250E-0002 -2.64038085937500E-0002 
 2.13500000000000E+0002 -9.00268554687501E-0003 -2.64221191406250E-0002 
 2.14000000000000E+0002 -5.70678710937500E-0003 -2.74414062500000E-0002 
 2.14500000000000E+0002 -4.08935546875000E-0003 -2.67028808593750E-0002 
 2.15000000000000E+0002 -4.97436523437500E-0003 -2.36999511718750E-0002 
 2.15500000000000E+0002 -7.43408203125000E-0003 -1.99218750000000E-0002 
 2.16000000000000E+0002 -1.05163574218749E-0002 -1.69067382812500E-0002 
 2.16500000000000E+0002 -1.41479492187500E-0002 -1.58630371093750E-0002 
 2.17000000000000E+0002 -1.75170898437500E-0002 -1.52160644531250E-0002 
 2.17500000000000E+0002 -2.06970214843750E-0002 -1.44958496093750E-0002 
 2.18000000000000E+0002 -2.37060546875000E-0002 -1.42272949218750E-0002 
 2.18500000000000E+0002 -2.57141113281250E-0002 -1.41296386718750E-0002 
 2.19000000000000E+0002 -2.76184082031250E-0002 -1.33911132812500E-0002 
 2.19500000000000E+0002 -2.98156738281250E-0002 -1.14990234374999E-0002 
 2.20000000000000E+0002 -3.09753417968750E-0002 -9.88159179687501E-0003 
 2.20500000000000E+0002 -3.07983398437500E-0002 -9.62524414062500E-0003 
 2.21000000000000E+0002 -3.11218261718750E-0002 -9.72900390624999E-0003 
 2.21500000000000E+0002 -3.27453613281250E-0002 -1.03210449218749E-0002 
 2.22000000000000E+0002 -3.40209960937500E-0002 -1.14868164062499E-0002 
 2.22500000000000E+0002 -3.35205078125000E-0002 -1.31408691406250E-0002 
 2.23000000000000E+0002 -3.36486816406250E-0002 -1.51184082031249E-0002 
 2.23500000000000E+0002 -3.41308593750000E-0002 -1.71081542968750E-0002 
 2.24000000000000E+0002 -3.33984375000000E-0002 -2.00927734375000E-0002 
 2.24500000000000E+0002 -3.23303222656251E-0002 -2.23022460937500E-0002 
 2.25000000000000E+0002 -3.28491210937500E-0002 -2.40356445312500E-0002 
 2.25500000000000E+0002 -3.56201171875000E-0002 -2.61291503906250E-0002 
 2.26000000000000E+0002 -3.74389648437500E-0002 -2.77709960937500E-0002 
 2.26500000000000E+0002 -3.53393554687500E-0002 -2.92663574218750E-0002 
 2.27000000000000E+0002 -3.08715820312500E-0002 -3.07006835937500E-0002 
 2.27500000000000E+0002 -2.57934570312500E-0002 -3.35693359375000E-0002 
 2.28000000000000E+0002 -2.17956542968750E-0002 -3.63281250000001E-0002 
 2.28500000000000E+0002 -1.91223144531250E-0002 -3.63037109375000E-0002 
 2.29000000000000E+0002 -1.68823242187500E-0002 -3.41003417968751E-0002 
 2.29500000000000E+0002 -1.57958984375000E-0002 -3.25012207031250E-0002 
 2.30000000000000E+0002 -1.63879394531250E-0002 -3.06701660156250E-0002 
 2.30500000000000E+0002 -1.65771484375000E-0002 -2.72766113281250E-0002 
 2.31000000000000E+0002 -1.51550292968750E-0002 -2.33276367187500E-0002 
 2.31500000000000E+0002 -1.27502441406250E-0002 -2.03796386718750E-0002 
 2.32000000000000E+0002 -1.11450195312500E-0002 -1.87927246093750E-0002 
 2.32500000000000E+0002 -1.05407714843750E-0002 -1.85852050781250E-0002 
 2.33000000000000E+0002 -1.06750488281250E-0002 -1.95861816406250E-0002 
 2.33500000000000E+0002 -1.17736816406250E-0002 -2.15087890625000E-0002 
 2.34000000000000E+0002 -1.40014648437500E-0002 -2.48229980468750E-0002 
 2.34500000000000E+0002 -1.76757812500000E-0002 -2.90466308593750E-0002 
 2.35000000000000E+0002 -2.29797363281250E-0002 -3.22326660156250E-0002 
 2.35500000000000E+0002 -2.83935546875000E-0002 -3.35327148437500E-0002 
 2.36000000000000E+0002 -3.19641113281250E-0002 -3.40698242187500E-0002 
 2.36500000000000E+0002 -3.36059570312501E-0002 -3.33435058593749E-0002 
 2.37000000000000E+0002 -3.47229003906250E-0002 -3.01757812500000E-0002 
 2.37500000000000E+0002 -3.35815429687500E-0002 -2.51098632812500E-0002 
 2.38000000000000E+0002 -3.08288574218750E-0002 -2.11608886718750E-0002 
 2.38500000000000E+0002 -2.93823242187500E-0002 -1.87072753906250E-0002 
 2.39000000000000E+0002 -3.06396484375000E-0002 -1.60827636718750E-0002 
 2.39500000000000E+0002 -3.31420898437499E-0002 -1.37573242187499E-0002 
 2.40000000000000E+0002 -3.44970703125000E-0002 -1.30737304687500E-0002 
 2.40500000000000E+0002 -3.44543457031249E-0002 -1.39343261718750E-0002 
 2.41000000000000E+0002 -3.38562011718751E-0002 -1.51123046875000E-0002 
 2.41500000000000E+0002 -3.35510253906250E-0002 -1.60522460937500E-0002 
 2.42000000000000E+0002 -3.36120605468750E-0002 -1.69250488281250E-0002 
 2.42500000000000E+0002 -3.32275390625000E-0002 -1.71142578125000E-0002 
 2.43000000000000E+0002 -3.22753906250000E-0002 -1.81152343750000E-0002 
 2.43500000000000E+0002 -3.25622558593750E-0002 -1.94946289062500E-0002 
 2.44000000000000E+0002 -3.26477050781250E-0002 -1.94030761718750E-0002 
 2.44500000000000E+0002 -3.00598144531250E-0002 -1.94763183593750E-0002 
 2.45000000000000E+0002 -2.59338378906250E-0002 -2.12158203125000E-0002 
 2.45500000000000E+0002 -2.24304199218750E-0002 -2.48168945312500E-0002 
 2.46000000000000E+0002 -1.97143554687500E-0002 -2.75939941406250E-0002 
 2.46500000000000E+0002 -1.74377441406250E-0002 -2.89794921875000E-0002 
 2.47000000000000E+0002 -1.69799804687500E-0002 -3.01086425781250E-0002 
 2.47500000000000E+0002 -1.87377929687500E-0002 -3.18542480468750E-0002 
 2.48000000000000E+0002 -2.14416503906250E-0002 -3.30627441406250E-0002 
 2.48500000000000E+0002 -2.44384765625000E-0002 -3.36547851562500E-0002 
 2.49000000000000E+0002 -2.87048339843750E-0002 -3.43933105468750E-0002 
 2.49500000000000E+0002 -3.25073242187500E-0002 -3.44604492187500E-0002 
 2.50000000000000E+0002 -3.31176757812500E-0002 -3.25744628906250E-0002 
 2.50500000000000E+0002 -3.08532714843750E-0002 -3.00781250000000E-0002 
 2.51000000000000E+0002 -2.91931152343750E-0002 -2.89123535156250E-0002 
 2.51500000000000E+0002 -2.77954101562500E-0002 -2.84118652343750E-0002 
 2.52000000000000E+0002 -2.43164062500000E-0002 -2.80273437500000E-0002 
 2.52500000000000E+0002 -2.11791992187500E-0002 -2.87841796875000E-0002 
 2.53000000000000E+0002 -2.21557617187500E-0002 -2.95776367187500E-0002 
 2.53500000000000E+0002 -2.51586914062500E-0002 -2.94738769531250E-0002 
 2.54000000000000E+0002 -2.75634765625000E-0002 -2.91198730468750E-0002 
 2.54500000000000E+0002 -2.97302246093750E-0002 -2.85034179687500E-0002 
 2.55000000000000E+0002 -3.20129394531250E-0002 -2.70996093750000E-0002 
 2.55500000000000E+0002 -3.32885742187501E-0002 -2.57202148437500E-0002 
 2.56000000000000E+0002 -3.22570800781250E-0002 -2.61230468750000E-0002 
 2.56500000000000E+0002 -3.10119628906250E-0002 -2.75207519531250E-0002 
 2.57000000000000E+0002 -3.01330566406250E-0002 -2.90771484375000E-0002 
 2.57500000000000E+0002 -2.89306640625000E-0002 -3.21228027343750E-0002 
 2.58000000000000E+0002 -2.78381347656250E-0002 -3.70361328125000E-0002 
 2.58500000000000E+0002 -2.81616210937500E-0002 -4.06433105468751E-0002 
 2.59000000000000E+0002 -2.99560546875000E-0002 -4.05395507812500E-0002 
 2.59500000000000E+0002 -3.20983886718750E-0002 -3.77624511718750E-0002 
 2.60000000000000E+0002 -3.41613769531250E-0002 -3.41064453124999E-0002 
 2.60500000000000E+0002 -3.71276855468750E-0002 -3.00354003906250E-0002 
 2.61000000000000E+0002 -4.16564941406250E-0002 -2.62756347656250E-0002 
 2.61500000000000E+0002 -4.43054199218750E-0002 -2.26867675781250E-0002 
 2.62000000000000E+0002 -4.25659179687500E-0002 -2.12280273437500E-0002 
 2.62500000000000E+0002 -3.78723144531250E-0002 -2.25585937500000E-0002 
 2.63000000000000E+0002 -3.22326660156250E-0002 -2.50488281250000E-0002 
 2.63500000000000E+0002 -2.55554199218750E-0002 -2.51831054687500E-0002 
 2.64000000000000E+0002 -1.74621582031250E-0002 -2.33642578125000E-0002 
 2.64500000000000E+0002 -1.06689453125000E-0002 -2.15698242187500E-0002 
 2.65000000000000E+0002 -8.05664062499999E-0003 -1.92565917968750E-0002 
 2.65500000000000E+0002 -8.61206054687500E-0003 -1.48437500000000E-0002 
 2.66000000000000E+0002 -1.12060546875000E-0002 -1.03637695312500E-0002 
 2.66500000000000E+0002 -1.49780273437500E-0002 -7.37915039062500E-0003 
 2.67000000000000E+0002 -1.90063476562500E-0002 -6.65283203124999E-0003 
 2.67500000000000E+0002 -2.30163574218750E-0002 -9.42382812499998E-0003 
 2.68000000000000E+0002 -2.75268554687500E-0002 -1.55395507812500E-0002 
 2.68500000000000E+0002 -3.23242187500000E-0002 -2.12951660156250E-0002 
 2.69000000000000E+0002 -3.56384277343750E-0002 -2.34069824218750E-0002 
 2.69500000000000E+0002 -3.65905761718750E-0002 -2.45849609375000E-0002 
 2.70000000000000E+0002 -3.75122070312500E-0002 -2.65869140625000E-0002 
 2.70500000000000E+0002 -3.74511718750001E-0002 -2.78564453125000E-0002 
 2.71000000000000E+0002 -3.42163085937500E-0002 -2.83813476562500E-0002 
 2.71500000000000E+0002 -2.81738281250000E-0002 -3.04626464843750E-0002 
 2.72000000000000E+0002 -2.16857910156250E-0002 -3.57971191406250E-0002 
 2.72500000000000E+0002 -1.87622070312500E-0002 -4.13757324218750E-0002 
 2.73000000000000E+0002 -1.83593750000000E-0002 -4.39880371093751E-0002 
 2.73500000000000E+0002 -1.84265136718750E-0002 -4.57092285156250E-0002 
 2.74000000000000E+0002 -2.00317382812500E-0002 -4.78393554687499E-0002 
 2.74500000000000E+0002 -2.38891601562500E-0002 -4.80224609374999E-0002 
 2.75000000000000E+0002 -2.87963867187500E-0002 -4.46411132812500E-0002 
 2.75500000000000E+0002 -3.21716308593750E-0002 -3.87573242187501E-0002 
 2.76000000000000E+0002 -3.35998535156250E-0002 -3.31604003906250E-0002 
 2.76500000000000E+0002 -3.47900390625000E-0002 -2.73254394531250E-0002 
 2.77000000000000E+0002 -3.59375000000001E-0002 -2.17895507812500E-0002 
 2.77500000000000E+0002 -3.61999511718750E-0002 -1.87377929687500E-0002 
 2.78000000000000E+0002 -3.63098144531250E-0002 -1.92138671875000E-0002 
 2.78500000000000E+0002 -3.74572753906250E-0002 -2.18872070312500E-0002 
 2.79000000000000E+0002 -3.82934570312500E-0002 -2.55676269531250E-0002 
 2.79500000000000E+0002 -3.87634277343750E-0002 -2.84912109375000E-0002 
 2.80000000000000E+0002 -3.88366699218750E-0002 -3.01391601562500E-0002 
 2.80500000000000E+0002 -3.84643554687500E-0002 -3.07983398437500E-0002 
 2.81000000000000E+0002 -3.61999511718750E-0002 -3.14758300781250E-0002 
 2.81500000000000E+0002 -3.11889648437500E-0002 -3.28002929687500E-0002 
 2.82000000000000E+0002 -2.61962890625000E-0002 -3.37707519531250E-0002 
 2.82500000000000E+0002 -2.36816406250000E-0002 -3.32519531249999E-0002 
 2.83000000000000E+0002 -2.22778320312500E-0002 -3.02734375000000E-0002 
 2.83500000000000E+0002 -2.13867187500000E-0002 -2.57507324218750E-0002 
 2.84000000000000E+0002 -2.23083496093750E-0002 -2.06848144531250E-0002 
 2.84500000000000E+0002 -2.50610351562500E-0002 -1.55578613281249E-0002 
 2.85000000000000E+0002 -2.74169921875000E-0002 -1.15844726562499E-0002 
 2.85500000000000E+0002 -2.70812988281249E-0002 -1.06140136718750E-0002 
 2.86000000000000E+0002 -2.62878417968750E-0002 -1.24755859374999E-0002 
 2.86500000000000E+0002 -2.60009765625000E-0002 -1.58996582031250E-0002 
 2.87000000000000E+0002 -2.58178710937500E-0002 -2.10510253906250E-0002 
 2.87500000000000E+0002 -2.64343261718750E-0002 -2.66723632812500E-0002 
 2.88000000000000E+0002 -2.66723632812500E-0002 -2.98095703125000E-0002 
 2.88500000000000E+0002 -2.61047363281250E-0002 -2.95227050781250E-0002 
 2.89000000000000E+0002 -2.52685546875000E-0002 -2.73498535156250E-0002 
 2.89500000000000E+0002 -2.52197265625000E-0002 -2.49145507812500E-0002 
 2.90000000000000E+0002 -2.73681640625000E-0002 -2.12524414062500E-0002 
 2.90500000000000E+0002 -3.01940917968750E-0002 -1.73339843750000E-0002 
 2.91000000000000E+0002 -3.21899414062500E-0002 -1.65283203125000E-0002 
 2.91500000000000E+0002 -3.21594238281250E-0002 -1.95556640625000E-0002 
 2.92000000000000E+0002 -3.05664062500000E-0002 -2.52746582031250E-0002 
 2.92500000000000E+0002 -2.77954101562500E-0002 -3.18176269531250E-0002 
 2.93000000000000E+0002 -2.29492187500000E-0002 -3.65173339843750E-0002 
 2.93500000000000E+0002 -1.67968750000000E-0002 -3.84521484375000E-0002 
 2.94000000000000E+0002 -1.31652832031249E-0002 -3.73413085937500E-0002 
 2.94500000000000E+0002 -1.39892578125000E-0002 -3.50708007812500E-0002 
 2.95000000000000E+0002 -1.70043945312500E-0002 -3.12316894531250E-0002 
 2.95500000000000E+0002 -1.95251464843750E-0002 -2.54821777343750E-0002 
 2.96000000000000E+0002 -2.05322265625000E-0002 -2.05444335937500E-0002 
 2.96500000000000E+0002 -2.13500976562500E-0002 -1.89392089843750E-0002 
 2.97000000000000E+0002 -2.27172851562500E-0002 -1.96350097656250E-0002 
 2.97500000000000E+0002 -2.27050781250000E-0002 -2.05078125000000E-0002 
 2.98000000000000E+0002 -2.18444824218750E-0002 -2.16979980468750E-0002 
 2.98500000000000E+0002 -2.21923828125000E-0002 -2.28393554687500E-0002 
 2.99000000000000E+0002 -2.38281250000000E-0002 -2.23327636718750E-0002 
 2.99500000000000E+0002 -2.46948242187500E-0002 -1.93664550781250E-0002 
 3.00000000000000E+0002 -2.44812011718750E-0002 -1.55700683593750E-0002 
 3.00500000000000E+0002 -2.39746093750000E-0002 -1.27807617187500E-0002 
 3.01000000000000E+0002 -2.34802246093750E-0002 -9.34448242187500E-0003 
 3.01500000000000E+0002 -2.22412109375000E-0002 -5.99365234375000E-0003 
 3.02000000000000E+0002 -2.04040527343750E-0002 -5.07202148437500E-0003 
 3.02500000000000E+0002 -1.89392089843750E-0002 -7.16552734375001E-0003 
 3.03000000000000E+0002 -1.71386718750000E-0002 -9.57031249999999E-0003 
 3.03500000000000E+0002 -1.48864746093750E-0002 -1.15844726562500E-0002 
 3.04000000000000E+0002 -1.29272460937500E-0002 -1.52404785156250E-0002 
 3.04500000000000E+0002 -1.27624511718749E-0002 -2.00866699218750E-0002 
 3.05000000000000E+0002 -1.51916503906249E-0002 -2.20581054687500E-0002 
 3.05500000000000E+0002 -1.73034667968750E-0002 -2.09350585937500E-0002 
 3.06000000000000E+0002 -1.82617187500000E-0002 -2.09899902343750E-0002 
 3.06500000000000E+0002 -2.00744628906250E-0002 -2.28637695312500E-0002 
 3.07000000000000E+0002 -2.21374511718750E-0002 -2.44445800781250E-0002 
 3.07500000000000E+0002 -2.10632324218750E-0002 -2.67639160156250E-0002 
 3.08000000000000E+0002 -1.78405761718750E-0002 -3.01147460937500E-0002 
 3.08500000000000E+0002 -1.64550781250000E-0002 -3.21716308593750E-0002 
 3.09000000000000E+0002 -1.79443359375000E-0002 -3.05664062500000E-0002 
 3.09500000000000E+0002 -1.92626953125000E-0002 -2.70202636718750E-0002 
 3.10000000000000E+0002 -2.00988769531250E-0002 -2.47314453125000E-0002 
 3.10500000000000E+0002 -2.16491699218750E-0002 -2.36083984375000E-0002 
 3.11000000000000E+0002 -2.37060546875000E-0002 -2.37609863281250E-0002 
 3.11500000000000E+0002 -2.59094238281250E-0002 -2.48718261718750E-0002 
 3.12000000000000E+0002 -2.77893066406250E-0002 -2.63061523437500E-0002 
 3.12500000000000E+0002 -2.81555175781250E-0002 -2.83447265625000E-0002 
 3.13000000000000E+0002 -2.63916015625000E-0002 -3.05603027343750E-0002 
 3.13500000000000E+0002 -2.53967285156250E-0002 -3.37280273437500E-0002 
 3.14000000000000E+0002 -2.56469726562500E-0002 -3.65356445312500E-0002 
 3.14500000000000E+0002 -2.50671386718750E-0002 -3.81652832031249E-0002 
 3.15000000000000E+0002 -2.34497070312500E-0002 -3.88671875000000E-0002 
 3.15500000000000E+0002 -2.23083496093750E-0002 -3.78479003906250E-0002 
 3.16000000000000E+0002 -2.14782714843750E-0002 -3.46252441406250E-0002 
 3.16500000000000E+0002 -1.94152832031250E-0002 -3.05236816406250E-0002 
 3.17000000000000E+0002 -1.73278808593750E-0002 -2.94799804687500E-0002 
 3.17500000000000E+0002 -1.87377929687499E-0002 -3.20739746093750E-0002 
 3.18000000000000E+0002 -2.29125976562500E-0002 -3.45458984375000E-0002 
 3.18500000000000E+0002 -2.74841308593749E-0002 -3.64379882812500E-0002 
 3.19000000000000E+0002 -3.24035644531250E-0002 -3.92700195312500E-0002 
 3.19500000000000E+0002 -3.70910644531250E-0002 -4.24743652343750E-0002 
 3.20000000000000E+0002 -4.05822753906249E-0002 -4.26696777343750E-0002 
 3.20500000000000E+0002 -4.04174804687500E-0002 -3.90563964843750E-0002 
 3.21000000000000E+0002 -3.69323730468750E-0002 -3.67187500000000E-0002 
 3.21500000000000E+0002 -3.41552734375000E-0002 -3.78051757812500E-0002 
 3.22000000000000E+0002 -3.42102050781250E-0002 -4.03869628906251E-0002 
 3.22500000000000E+0002 -3.66210937500000E-0002 -4.31213378906250E-0002 
 3.23000000000000E+0002 -3.92578125000000E-0002 -4.50988769531250E-0002 
 3.23500000000000E+0002 -4.07897949218749E-0002 -4.71435546875000E-0002 
 3.24000000000000E+0002 -4.21264648437500E-0002 -4.89074707031250E-0002 
 3.24500000000000E+0002 -4.20349121093750E-0002 -4.96032714843750E-0002 
 3.25000000000000E+0002 -3.96240234375000E-0002 -4.84313964843750E-0002 
 3.25500000000000E+0002 -3.56445312500000E-0002 -4.39086914062500E-0002 
 3.26000000000000E+0002 -3.16467285156250E-0002 -3.65844726562500E-0002 
 3.26500000000000E+0002 -2.91015625000000E-0002 -2.87109375000000E-0002 
 3.27000000000000E+0002 -2.84545898437500E-0002 -2.23449707031250E-0002 
 3.27500000000000E+0002 -2.93273925781250E-0002 -1.75781250000000E-0002 
 3.28000000000000E+0002 -3.13171386718750E-0002 -1.45629882812499E-0002 
 3.28500000000000E+0002 -3.39111328125000E-0002 -1.44775390625000E-0002 
 3.29000000000000E+0002 -3.71398925781250E-0002 -1.66687011718750E-0002 
 3.29500000000000E+0002 -3.84521484375000E-0002 -1.85668945312500E-0002 
 3.30000000000000E+0002 -3.79211425781250E-0002 -1.95251464843750E-0002 
 3.30500000000000E+0002 -3.68225097656250E-0002 -1.95129394531250E-0002 
 3.31000000000000E+0002 -3.53332519531250E-0002 -1.92810058593750E-0002 
 3.31500000000000E+0002 -3.29162597656250E-0002 -1.99951171875000E-0002 
 3.32000000000000E+0002 -3.07312011718750E-0002 -2.20581054687500E-0002 
 3.32500000000000E+0002 -3.02734375000000E-0002 -2.41088867187500E-0002 
 3.33000000000000E+0002 -2.91931152343750E-0002 -2.56591796875000E-0002 
 3.33500000000000E+0002 -2.59948730468750E-0002 -2.78564453125000E-0002 
 3.34000000000000E+0002 -2.29003906250000E-0002 -3.04809570312500E-0002 
 3.34500000000000E+0002 -2.19848632812500E-0002 -3.31970214843750E-0002 
 3.35000000000000E+0002 -2.11364746093750E-0002 -3.66455078125000E-0002 
 3.35500000000000E+0002 -2.10327148437500E-0002 -4.18518066406250E-0002 
 3.36000000000000E+0002 -2.33642578125000E-0002 -4.59533691406250E-0002 
 3.36500000000000E+0002 -2.64892578125000E-0002 -4.67407226562500E-0002 
 3.37000000000000E+0002 -2.77465820312500E-0002 -4.45190429687500E-0002 
 3.37500000000000E+0002 -2.59338378906250E-0002 -4.05700683593749E-0002 
 3.38000000000000E+0002 -2.27416992187500E-0002 -3.66333007812500E-0002 
 3.38500000000000E+0002 -1.91040039062500E-0002 -3.12011718750000E-0002 
 3.39000000000000E+0002 -1.61254882812500E-0002 -2.44934082031250E-0002 
 3.39500000000000E+0002 -1.51977539062499E-0002 -1.84570312500000E-0002 
 3.40000000000000E+0002 -1.64123535156250E-0002 -1.46362304687500E-0002 
 3.40500000000000E+0002 -2.00439453125000E-0002 -1.45507812500000E-0002 
 3.41000000000000E+0002 -2.37792968750000E-0002 -1.59057617187500E-0002 
 3.41500000000000E+0002 -2.72827148437500E-0002 -1.79321289062500E-0002 
 3.42000000000000E+0002 -3.12011718750000E-0002 -2.09899902343750E-0002 
 3.42500000000000E+0002 -3.43933105468750E-0002 -2.36206054687500E-0002 
 3.43000000000000E+0002 -3.51379394531250E-0002 -2.48840332031250E-0002 
 3.43500000000000E+0002 -3.31909179687499E-0002 -2.44995117187500E-0002 
 3.44000000000000E+0002 -3.14392089843750E-0002 -2.34924316406250E-0002 
 3.44500000000000E+0002 -3.06274414062500E-0002 -2.35717773437500E-0002 
 3.45000000000000E+0002 -2.77832031250000E-0002 -2.55554199218750E-0002 
 3.45500000000000E+0002 -2.37243652343750E-0002 -2.95104980468750E-0002 
 3.46000000000000E+0002 -2.19909667968750E-0002 -3.38256835937500E-0002 
 3.46500000000000E+0002 -2.22778320312500E-0002 -3.65051269531250E-0002 
 3.47000000000000E+0002 -2.26867675781250E-0002 -3.92639160156250E-0002 
 3.47500000000000E+0002 -2.34741210937500E-0002 -4.19494628906250E-0002 
 3.48000000000000E+0002 -2.70202636718750E-0002 -4.29321289062500E-0002 
 3.48500000000000E+0002 -3.28674316406250E-0002 -4.12231445312500E-0002 
 3.49000000000000E+0002 -3.70971679687500E-0002 -3.90197753906250E-0002 
 3.49500000000000E+0002 -3.92944335937500E-0002 -3.89160156249999E-0002 
 3.50000000000000E+0002 -4.12109375000001E-0002 -3.97949218750000E-0002 
 3.50500000000000E+0002 -4.26269531250000E-0002 -3.95202636718749E-0002 
 3.51000000000000E+0002 -4.23095703124999E-0002 -3.86840820312500E-0002 
 3.51500000000000E+0002 -3.88671875000000E-0002 -3.85864257812500E-0002 
 3.52000000000000E+0002 -3.24523925781250E-0002 -4.05700683593751E-0002 
 3.52500000000000E+0002 -2.51770019531250E-0002 -4.07592773437500E-0002 
 3.53000000000000E+0002 -1.80541992187500E-0002 -3.80371093750000E-0002 
 3.53500000000000E+0002 -1.16699218750000E-0002 -3.43261718750000E-0002 
 3.54000000000000E+0002 -7.76977539062501E-0003 -3.08776855468750E-0002 
 3.54500000000000E+0002 -8.61816406250002E-0003 -2.65625000000001E-0002 
 3.55000000000000E+0002 -1.40747070312500E-0002 -2.17712402343750E-0002 
 3.55500000000000E+0002 -2.07885742187500E-0002 -1.86950683593750E-0002 
 3.56000000000000E+0002 -2.64343261718750E-0002 -1.89514160156250E-0002 
 3.56500000000000E+0002 -3.13598632812500E-0002 -2.09655761718750E-0002 
 3.57000000000000E+0002 -3.49487304687500E-0002 -2.27844238281250E-0002 
 3.57500000000000E+0002 -3.59069824218750E-0002 -2.32788085937500E-0002 
 3.58000000000000E+0002 -3.48937988281250E-0002 -2.10083007812500E-0002 
 3.58500000000000E+0002 -3.44726562500000E-0002 -1.69067382812500E-0002 
 3.59000000000000E+0002 -3.64868164062500E-0002 -1.32446289062500E-0002 
 3.59500000000000E+0002 -4.00024414062500E-0002 -1.02600097656250E-0002 
 3.60000000000000E+0002 -4.24682617187500E-0002 -8.08105468749999E-0003 
 3.60500000000000E+0002 -4.31335449218750E-0002 -8.79516601562499E-0003 
 3.61000000000000E+0002 -4.29870605468750E-0002 -1.25732421874999E-0002 
 3.61500000000000E+0002 -4.03930664062500E-0002 -1.48620605468749E-0002 
 3.62000000000000E+0002 -3.20007324218750E-0002 -1.41296386718750E-0002 
 3.62500000000000E+0002 -1.92138671875000E-0002 -1.40441894531249E-0002 
 3.63000000000000E+0002 -8.42285156250000E-0003 -1.70288085937500E-0002 
 3.63500000000000E+0002 -3.55834960937500E-0003 -1.94091796875000E-0002 
 3.64000000000000E+0002 -2.60009765625000E-0003 -1.93847656250000E-0002 
 3.64500000000000E+0002 -3.92456054687501E-0003 -2.10754394531250E-0002 
 3.65000000000000E+0002 -9.28955078125001E-0003 -2.45666503906250E-0002 
 3.65500000000000E+0002 -1.74499511718750E-0002 -2.68249511718750E-0002 
 3.66000000000000E+0002 -2.44934082031250E-0002 -2.89001464843750E-0002 
 3.66500000000000E+0002 -2.94128417968750E-0002 -3.19702148437500E-0002 
 3.67000000000000E+0002 -3.42224121093750E-0002 -3.28125000000000E-0002 
 3.67500000000000E+0002 -3.88549804687500E-0002 -2.91870117187500E-0002 
 3.68000000000000E+0002 -4.16381835937500E-0002 -2.22839355468750E-0002 
 3.68500000000000E+0002 -4.17114257812500E-0002 -1.55700683593750E-0002 
 3.69000000000000E+0002 -3.86962890625000E-0002 -1.01562500000000E-0002 
 3.69500000000000E+0002 -3.25683593750000E-0002 -7.17773437499999E-0003 
 3.70000000000000E+0002 -2.59460449218751E-0002 -7.95898437500000E-0003 
 3.70500000000000E+0002 -2.10327148437500E-0002 -1.20727539062499E-0002 
 3.71000000000000E+0002 -1.88110351562500E-0002 -1.83410644531250E-0002 
 3.71500000000000E+0002 -2.05810546875000E-0002 -2.38159179687500E-0002 
 3.72000000000000E+0002 -2.64526367187500E-0002 -2.59033203125000E-0002 
 3.72500000000000E+0002 -3.38012695312500E-0002 -2.60192871093750E-0002 
 3.73000000000000E+0002 -3.89343261718750E-0002 -2.63488769531250E-0002 
 3.73500000000000E+0002 -3.97766113281250E-0002 -2.67517089843750E-0002 
 3.74000000000000E+0002 -3.65173339843750E-0002 -2.52563476562500E-0002 
 3.74500000000000E+0002 -3.05908203125000E-0002 -2.32788085937500E-0002 
 3.75000000000000E+0002 -2.46154785156250E-0002 -2.39074707031250E-0002 
 3.75500000000000E+0002 -2.12097167968750E-0002 -2.51647949218750E-0002 
 3.76000000000000E+0002 -1.96655273437500E-0002 -2.44934082031250E-0002 
 3.76500000000000E+0002 -1.99645996093750E-0002 -2.36694335937500E-0002 
 3.77000000000000E+0002 -2.25280761718750E-0002 -2.61413574218750E-0002 
 3.77500000000000E+0002 -2.65014648437500E-0002 -3.08227539062500E-0002 
 3.78000000000000E+0002 -3.08471679687500E-0002 -3.52050781250000E-0002 
 3.78500000000000E+0002 -3.46557617187500E-0002 -3.79943847656250E-0002 
 3.79000000000000E+0002 -3.75793457031250E-0002 -4.02160644531250E-0002 
 3.79500000000000E+0002 -3.95202636718750E-0002 -4.11315917968751E-0002 
 3.80000000000000E+0002 -4.06921386718750E-0002 -3.85009765625000E-0002 
 3.80500000000000E+0002 -3.86535644531249E-0002 -3.28002929687500E-0002 
 3.81000000000000E+0002 -3.21411132812500E-0002 -2.71545410156250E-0002 
 3.81500000000000E+0002 -2.44689941406251E-0002 -2.47070312500000E-0002 
 3.82000000000000E+0002 -1.98059082031250E-0002 -2.56469726562500E-0002 
 3.82500000000000E+0002 -1.80236816406250E-0002 -2.76733398437500E-0002 
 3.83000000000000E+0002 -1.59729003906250E-0002 -3.02429199218750E-0002 
 3.83500000000000E+0002 -1.46667480468750E-0002 -3.33984375000000E-0002 
 3.84000000000000E+0002 -1.52954101562500E-0002 -3.52844238281250E-0002 
 3.84500000000000E+0002 -1.57897949218750E-0002 -3.53942871093750E-0002 
 3.85000000000000E+0002 -1.48498535156250E-0002 -3.61328125000000E-0002 
 3.85500000000000E+0002 -1.50390625000000E-0002 -3.85681152343750E-0002 
 3.86000000000000E+0002 -1.88964843750000E-0002 -4.14123535156250E-0002 
 3.86500000000000E+0002 -2.40051269531250E-0002 -4.24194335937500E-0002 
 3.87000000000000E+0002 -2.69287109375000E-0002 -4.34265136718750E-0002 
 3.87500000000000E+0002 -2.91503906250000E-0002 -4.43664550781250E-0002 
 3.88000000000000E+0002 -3.13476562500000E-0002 -4.16992187500000E-0002 
 3.88500000000000E+0002 -3.16162109375000E-0002 -3.42285156250000E-0002 
 3.89000000000000E+0002 -2.98828125000000E-0002 -2.63244628906250E-0002 
 3.89500000000000E+0002 -2.72216796875000E-0002 -2.00927734375000E-0002 
 3.90000000000000E+0002 -2.53295898437500E-0002 -1.58508300781250E-0002 
 3.90500000000000E+0002 -2.44567871093750E-0002 -1.31896972656250E-0002 
 3.91000000000000E+0002 -2.24914550781250E-0002 -1.26281738281249E-0002 
 3.91500000000000E+0002 -1.76208496093750E-0002 -1.56311035156250E-0002 
 3.92000000000000E+0002 -1.24328613281250E-0002 -2.08312988281250E-0002 
 3.92500000000000E+0002 -9.60693359375001E-0003 -2.60009765625000E-0002 
 3.93000000000000E+0002 -8.07495117187500E-0003 -2.98278808593750E-0002 
 3.93500000000000E+0002 -6.75048828125001E-0003 -3.19030761718750E-0002 
 3.94000000000000E+0002 -6.93359375000001E-0003 -3.38012695312500E-0002 
 3.94500000000000E+0002 -9.49096679687499E-0003 -3.53271484375000E-0002 
 3.95000000000000E+0002 -1.32812500000000E-0002 -3.50280761718750E-0002 
 3.95500000000000E+0002 -1.72790527343750E-0002 -3.33129882812500E-0002 
 3.96000000000000E+0002 -2.14660644531250E-0002 -2.99926757812500E-0002 
 3.96500000000000E+0002 -2.36999511718750E-0002 -2.58178710937500E-0002 
 3.97000000000000E+0002 -2.47619628906250E-0002 -2.31445312500000E-0002 
 3.97500000000000E+0002 -2.59094238281250E-0002 -2.00439453125000E-0002 
 3.98000000000000E+0002 -2.45971679687500E-0002 -1.61682128906250E-0002 
 3.98500000000000E+0002 -1.99218750000000E-0002 -1.24084472656249E-0002 
 3.99000000000000E+0002 -1.42028808593749E-0002 -9.80224609374997E-0003 
 3.99500000000000E+0002 -1.04919433593750E-0002 -7.86743164062498E-0003 
