 0.00000000000000E+0000 -1.58575439453125E-0001  4.05505371093750E-0001 
 5.00000000000000E-0001 -1.15295410156250E-0001  4.31134033203125E-0001 
 1.00000000000000E+0000 -3.77441406250000E-0002  3.96661376953125E-0001 
 1.50000000000000E+0000  5.76477050781250E-0002  3.06878662109375E-0001 
 2.00000000000000E+0000  1.23925781250000E-0001  2.16790771484375E-0001 
 2.50000000000000E+0000  1.56628417968750E-0001  1.57983398437500E-0001 
 3.00000000000000E+0000  1.79711914062500E-0001  1.18121337890625E-0001 
 3.50000000000000E+0000  1.98266601562500E-0001  7.81982421875000E-0002 
 4.00000000000000E+0000  1.99902343750000E-0001  3.52783203125000E-0002 
 4.50000000000000E+0000  1.82995605468750E-0001 -5.49316406250000E-0003 
 5.00000000000000E+0000  1.45178222656250E-0001 -4.73205566406251E-0002 
 5.50000000000000E+0000  6.90246582031250E-0002 -9.10766601562498E-0002 
 6.00000000000000E+0000 -4.31396484375000E-0002 -1.20941162109375E-0001 
 6.50000000000000E+0000 -1.55291748046875E-0001 -1.24530029296874E-0001 
 7.00000000000000E+0000 -2.40960693359375E-0001 -1.03961181640625E-0001 
 7.50000000000000E+0000 -2.86413574218750E-0001 -6.77124023437501E-0002 
 8.00000000000000E+0000 -2.75805664062500E-0001 -2.36206054687500E-0002 
 8.50000000000000E+0000 -2.06481933593750E-0001  2.38464355468750E-0002 
 9.00000000000000E+0000 -9.90478515625000E-0002  6.97021484375000E-0002 
 9.50000000000000E+0000  1.98791503906250E-0002  9.91394042968750E-0002 
 1.00000000000000E+0001  1.32995605468750E-0001  1.04742431640625E-0001 
 1.05000000000000E+0001  2.31121826171875E-0001  9.21203613281250E-0002 
 1.10000000000000E+0001  3.15765380859375E-0001  5.85876464843750E-0002 
 1.15000000000000E+0001  3.90850830078125E-0001 -4.48608398437500E-0003 
 1.20000000000000E+0001  4.47619628906250E-0001 -8.48144531250000E-0002 
 1.25000000000000E+0001  4.74346923828125E-0001 -1.55816650390625E-0001 
 1.30000000000000E+0001  4.70922851562500E-0001 -2.08197021484375E-0001 
 1.35000000000000E+0001  4.33441162109375E-0001 -2.44342041015625E-0001 
 1.40000000000000E+0001  3.45593261718750E-0001 -2.52740478515625E-0001 
 1.45000000000000E+0001  2.08447265625000E-0001 -2.26190185546876E-0001 
 1.50000000000000E+0001  4.70336914062500E-0002 -1.80810546875000E-0001 
 1.55000000000000E+0001 -1.11743164062500E-0001 -1.30712890625000E-0001 
 1.60000000000000E+0001 -2.49609375000000E-0001 -7.84423828124999E-0002 
 1.65000000000000E+0001 -3.50726318359375E-0001 -2.87902832031250E-0002 
 1.70000000000000E+0001 -3.99426269531250E-0001  1.47521972656249E-0002 
 1.75000000000000E+0001 -3.98034667968750E-0001  5.97412109375000E-0002 
 1.80000000000000E+0001 -3.60931396484375E-0001  1.16546630859375E-0001 
 1.85000000000000E+0001 -2.96783447265625E-0001  1.75640869140625E-0001 
 1.90000000000000E+0001 -2.18249511718750E-0001  2.24688720703125E-0001 
 1.95000000000000E+0001 -1.37774658203125E-0001  2.60949707031250E-0001 
 2.00000000000000E+0001 -6.50756835937500E-0002  2.72497558593751E-0001 
 2.05000000000000E+0001 -6.34765625000001E-0003  2.46166992187500E-0001 
 2.10000000000000E+0001  3.58703613281250E-0002  1.84552001953125E-0001 
 2.15000000000000E+0001  5.94726562499999E-0002  1.03985595703124E-0001 
 2.20000000000000E+0001  6.66870117187499E-0002  2.19116210937500E-0002 
 2.25000000000000E+0001  6.25122070312501E-0002 -5.01403808593749E-0002 
 2.30000000000000E+0001  4.99450683593750E-0002 -1.02246093750000E-0001 
 2.35000000000000E+0001  3.33801269531250E-0002 -1.33551025390625E-0001 
 2.40000000000000E+0001  1.69799804687500E-0002 -1.54211425781250E-0001 
 2.45000000000000E+0001  4.45556640625002E-0004 -1.71319580078125E-0001 
 2.50000000000000E+0001 -1.89819335937500E-0002 -1.85021972656250E-0001 
 2.55000000000000E+0001 -4.09973144531250E-0002 -1.93756103515625E-0001 
 2.60000000000000E+0001 -6.14868164062500E-0002 -1.92486572265625E-0001 
 2.65000000000000E+0001 -7.83630371093750E-0002 -1.74249267578125E-0001 
 2.70000000000000E+0001 -8.97277832031250E-0002 -1.36883544921875E-0001 
 2.75000000000000E+0001 -9.05761718750000E-0002 -8.77685546875000E-0002 
 2.80000000000000E+0001 -8.11584472656251E-0002 -3.60412597656250E-0002 
 2.85000000000000E+0001 -6.77307128906250E-0002  1.25793457031250E-0002 
 2.90000000000000E+0001 -5.31738281249999E-0002  5.23376464843750E-0002 
 2.95000000000000E+0001 -3.78356933593750E-0002  8.00964355468750E-0002 
 3.00000000000000E+0001 -2.24975585937500E-0002  9.68200683593750E-0002 
 3.05000000000000E+0001 -8.89892578125001E-0003  1.03656005859375E-0001 
 3.10000000000000E+0001  3.19824218750000E-0003  1.00250244140625E-0001 
 3.15000000000000E+0001  1.53137207031250E-0002  8.61694335937500E-0002 
 3.20000000000000E+0001  2.57385253906250E-0002  6.19201660156251E-0002 
 3.25000000000000E+0001  3.20922851562500E-0002  3.32153320312500E-0002 
 3.30000000000000E+0001  3.46923828125000E-0002  4.92553710937500E-0003 
 3.35000000000000E+0001  3.30810546875000E-0002 -1.82373046875000E-0002 
 3.40000000000000E+0001  2.71057128906250E-0002 -3.09082031250000E-0002 
 3.45000000000000E+0001  1.77917480468750E-0002 -3.12438964843750E-0002 
 3.50000000000000E+0001  6.44531250000001E-0003 -2.39196777343750E-0002 
 3.55000000000000E+0001 -8.07495117187501E-0003 -1.45324707031249E-0002 
 3.60000000000000E+0001 -2.56774902343750E-0002 -7.01904296875000E-0003 
 3.65000000000000E+0001 -4.29138183593751E-0002 -3.41186523437500E-0003 
 3.70000000000000E+0001 -5.88134765625000E-0002 -6.52465820312501E-0003 
 3.75000000000000E+0001 -7.09960937500000E-0002 -1.53686523437500E-0002 
 3.80000000000000E+0001 -7.45361328125000E-0002 -2.57385253906250E-0002 
 3.85000000000000E+0001 -6.66320800781250E-0002 -3.35571289062500E-0002 
 3.90000000000000E+0001 -5.10131835937500E-0002 -3.77807617187500E-0002 
 3.95000000000000E+0001 -3.42407226562500E-0002 -3.98925781249999E-0002 
 4.00000000000000E+0001 -2.04406738281250E-0002 -4.00268554687499E-0002 
 4.05000000000000E+0001 -1.31469726562500E-0002 -3.87145996093750E-0002 
 4.10000000000000E+0001 -1.56066894531249E-0002 -3.55163574218749E-0002 
 4.15000000000000E+0001 -2.70385742187500E-0002 -3.05541992187500E-0002 
 4.20000000000000E+0001 -4.16442871093750E-0002 -2.07763671875000E-0002 
 4.25000000000000E+0001 -5.22766113281250E-0002 -4.46777343750000E-0003 
 4.30000000000000E+0001 -5.37780761718750E-0002  1.40136718749999E-0002 
 4.35000000000000E+0001 -4.61242675781250E-0002  3.07312011718750E-0002 
 4.40000000000000E+0001 -3.15490722656250E-0002  4.52087402343750E-0002 
 4.45000000000000E+0001 -1.33239746093750E-0002  5.57434082031249E-0002 
 4.50000000000000E+0001  3.95507812500000E-0003  5.82824707031251E-0002 
 4.55000000000000E+0001  1.84692382812500E-0002  5.32104492187500E-0002 
 4.60000000000000E+0001  3.05297851562500E-0002  4.28833007812500E-0002 
 4.65000000000000E+0001  3.96972656250000E-0002  2.84606933593750E-0002 
 4.70000000000000E+0001  4.60815429687500E-0002  1.02416992187500E-0002 
 4.75000000000000E+0001  5.01770019531250E-0002 -9.58862304687499E-0003 
 4.80000000000000E+0001  5.26000976562500E-0002 -2.87109375000000E-0002 
 4.85000000000000E+0001  5.07629394531250E-0002 -4.54101562500000E-0002 
 4.90000000000000E+0001  4.23034667968750E-0002 -5.69458007812500E-0002 
 4.95000000000000E+0001  3.01574707031250E-0002 -6.27624511718750E-0002 
 5.00000000000000E+0001  1.74560546875000E-0002 -6.64428710937499E-0002 
 5.05000000000000E+0001  3.85131835937501E-0003 -6.85363769531250E-0002 
 5.10000000000000E+0001 -1.04003906249999E-0002 -6.68334960937500E-0002 
 5.15000000000000E+0001 -2.09167480468750E-0002 -6.12915039062500E-0002 
 5.20000000000000E+0001 -2.69287109375000E-0002 -5.41076660156250E-0002 
 5.25000000000000E+0001 -3.30200195312500E-0002 -4.32006835937500E-0002 
 5.30000000000000E+0001 -3.97216796874999E-0002 -2.69104003906250E-0002 
 5.35000000000000E+0001 -4.36584472656250E-0002 -8.30078124999999E-0003 
 5.40000000000000E+0001 -4.23522949218750E-0002  7.09228515625001E-0003 
 5.45000000000000E+0001 -3.70361328125000E-0002  1.69860839843750E-0002 
 5.50000000000000E+0001 -2.92419433593750E-0002  2.07885742187500E-0002 
 5.55000000000000E+0001 -1.75048828125000E-0002  1.86462402343750E-0002 
 5.60000000000000E+0001 -2.55737304687500E-0003  1.20056152343750E-0002 
 5.65000000000000E+0001  1.14257812500000E-0002  3.14331054687501E-0003 
 5.70000000000000E+0001  1.99951171875000E-0002 -4.07714843750001E-0003 
 5.75000000000000E+0001  2.33154296875000E-0002 -7.18383789062502E-0003 
 5.80000000000000E+0001  2.50549316406250E-0002 -7.70874023437502E-0003 
 5.85000000000000E+0001  2.77343750000000E-0002 -9.01489257812501E-0003 
 5.90000000000000E+0001  2.96447753906250E-0002 -1.41662597656250E-0002 
 5.95000000000000E+0001  2.91564941406250E-0002 -2.14477539062500E-0002 
 6.00000000000000E+0001  2.73864746093750E-0002 -2.78869628906250E-0002 
 6.05000000000000E+0001  2.54821777343750E-0002 -3.38012695312500E-0002 
 6.10000000000000E+0001  2.09167480468750E-0002 -3.92517089843751E-0002 
 6.15000000000000E+0001  1.08093261718750E-0002 -4.09790039062500E-0002 
 6.20000000000000E+0001 -2.51464843750000E-0003 -3.66455078125000E-0002 
 6.25000000000000E+0001 -1.43920898437500E-0002 -2.89916992187500E-0002 
 6.30000000000000E+0001 -2.33032226562500E-0002 -2.30773925781251E-0002 
 6.35000000000000E+0001 -2.93823242187500E-0002 -1.94946289062500E-0002 
 6.40000000000000E+0001 -3.20190429687500E-0002 -1.60339355468750E-0002 
 6.45000000000000E+0001 -3.04016113281250E-0002 -1.28112792968750E-0002 
 6.50000000000000E+0001 -2.43408203125000E-0002 -1.09802246093750E-0002 
 6.55000000000000E+0001 -1.59667968750000E-0002 -1.06750488281249E-0002 
 6.60000000000000E+0001 -8.26416015625000E-0003 -1.06323242187500E-0002 
 6.65000000000000E+0001 -1.84326171875000E-0003 -9.57641601562500E-0003 
 6.70000000000000E+0001  2.36206054687500E-0003 -9.02099609375000E-0003 
 6.75000000000000E+0001  3.08837890625000E-0003 -9.75952148437499E-0003 
 6.80000000000000E+0001 -4.82177734375003E-0004 -1.05651855468750E-0002 
 6.85000000000000E+0001 -5.03540039062499E-0003 -1.13525390625000E-0002 
 6.90000000000000E+0001 -1.01013183593750E-0002 -1.32934570312500E-0002 
 6.95000000000000E+0001 -1.61865234375000E-0002 -1.54113769531250E-0002 
 7.00000000000000E+0001 -2.04772949218750E-0002 -1.57897949218750E-0002 
 7.05000000000000E+0001 -2.02148437500000E-0002 -1.59484863281250E-0002 
 7.10000000000000E+0001 -1.63146972656250E-0002 -1.83776855468750E-0002 
 7.15000000000000E+0001 -1.28295898437500E-0002 -2.27600097656250E-0002 
 7.20000000000000E+0001 -9.46044921874999E-0003 -2.68432617187500E-0002 
 7.25000000000000E+0001 -4.20532226562500E-0003 -3.16406249999999E-0002 
 7.30000000000000E+0001  1.04980468749999E-0003 -3.89770507812500E-0002 
 7.35000000000000E+0001  2.20336914062500E-0003 -4.67041015625000E-0002 
 7.40000000000000E+0001 -7.38525390625003E-0004 -5.06530761718751E-0002 
 7.45000000000000E+0001 -5.38330078124999E-0003 -5.13000488281250E-0002 
 7.50000000000000E+0001 -1.08337402343750E-0002 -5.00488281250000E-0002 
 7.55000000000000E+0001 -1.78771972656250E-0002 -4.61914062500001E-0002 
 7.60000000000000E+0001 -2.48596191406250E-0002 -4.07958984374999E-0002 
 7.65000000000000E+0001 -3.01147460937500E-0002 -3.45092773437500E-0002 
 7.70000000000000E+0001 -3.18786621093750E-0002 -2.83020019531250E-0002 
 7.75000000000000E+0001 -2.97302246093750E-0002 -2.23205566406250E-0002 
 7.80000000000000E+0001 -2.52563476562500E-0002 -1.69433593750000E-0002 
 7.85000000000000E+0001 -2.00195312500000E-0002 -1.25427246093750E-0002 
 7.90000000000000E+0001 -1.40014648437500E-0002 -8.85620117187500E-0003 
 7.95000000000000E+0001 -7.33642578125001E-0003 -7.25097656250000E-0003 
 8.00000000000000E+0001 -3.02734374999999E-0003 -8.03833007812498E-0003 
 8.05000000000000E+0001 -1.71508789062499E-0003 -9.35058593750001E-0003 
 8.10000000000000E+0001 -1.18408203125000E-0003 -1.05407714843750E-0002 
 8.15000000000000E+0001  1.83105468749990E-0004 -1.22924804687499E-0002 
 8.20000000000000E+0001  2.20336914062500E-0003 -1.27258300781250E-0002 
 8.25000000000000E+0001  5.61523437500000E-0003 -1.16271972656250E-0002 
 8.30000000000000E+0001  1.07849121093750E-0002 -1.08581542968749E-0002 
 8.35000000000000E+0001  1.68395996093750E-0002 -1.31530761718750E-0002 
 8.40000000000000E+0001  2.08740234375000E-0002 -1.81945800781250E-0002 
 8.45000000000000E+0001  2.00561523437500E-0002 -2.40112304687500E-0002 
 8.50000000000000E+0001  1.51000976562500E-0002 -2.91015625000000E-0002 
 8.55000000000000E+0001  7.78808593750000E-0003 -3.33618164062500E-0002 
 8.60000000000000E+0001 -6.16455078124997E-0004 -3.60290527343750E-0002 
 8.65000000000000E+0001 -9.06372070312501E-0003 -3.44177246093750E-0002 
 8.70000000000000E+0001 -1.38549804687500E-0002 -2.89306640625000E-0002 
 8.75000000000000E+0001 -1.26403808593750E-0002 -2.40173339843750E-0002 
 8.80000000000000E+0001 -7.65380859375000E-0003 -2.14904785156250E-0002 
 8.85000000000000E+0001 -3.42407226562499E-0003 -1.90246582031250E-0002 
 8.90000000000000E+0001 -1.02539062499998E-0003 -1.58935546875000E-0002 
 8.95000000000000E+0001 -4.69970703125004E-0004 -1.51977539062500E-0002 
 9.00000000000000E+0001 -1.72119140625000E-0003 -1.69128417968750E-0002 
 9.05000000000000E+0001 -4.38232421875000E-0003 -1.96960449218750E-0002 
 9.10000000000000E+0001 -6.24389648437500E-0003 -2.27783203125000E-0002 
 9.15000000000000E+0001 -5.79223632812501E-0003 -2.58728027343750E-0002 
 9.20000000000000E+0001 -3.48510742187500E-0003 -2.82409667968750E-0002 
 9.25000000000000E+0001 -8.36181640624996E-0004 -2.83691406250000E-0002 
 9.30000000000000E+0001  2.14233398437501E-0003 -2.64160156250000E-0002 
 9.35000000000000E+0001  4.47387695312501E-0003 -2.40722656250000E-0002 
 9.40000000000000E+0001  4.63867187500001E-0003 -2.33215332031250E-0002 
 9.45000000000000E+0001  2.19726562500000E-0003 -2.40661621093750E-0002 
 9.50000000000000E+0001 -1.93481445312500E-0003 -2.55920410156250E-0002 
 9.55000000000000E+0001 -7.13500976562499E-0003 -2.71606445312500E-0002 
 9.60000000000000E+0001 -1.47338867187500E-0002 -2.83508300781250E-0002 
 9.65000000000000E+0001 -2.44873046875000E-0002 -2.81860351562500E-0002 
 9.70000000000000E+0001 -3.32702636718750E-0002 -2.75024414062500E-0002 
 9.75000000000000E+0001 -3.89465332031250E-0002 -2.79541015625000E-0002 
 9.80000000000000E+0001 -4.08264160156250E-0002 -2.98767089843751E-0002 
 9.85000000000000E+0001 -3.93249511718750E-0002 -3.31176757812500E-0002 
 9.90000000000000E+0001 -3.59436035156250E-0002 -3.59436035156250E-0002 
 9.95000000000000E+0001 -3.13964843750000E-0002 -3.57543945312500E-0002 
 1.00000000000000E+0002 -2.70996093749999E-0002 -3.29162597656249E-0002 
 1.00500000000000E+0002 -2.40783691406250E-0002 -2.84057617187500E-0002 
 1.01000000000000E+0002 -2.19848632812500E-0002 -2.28637695312500E-0002 
 1.01500000000000E+0002 -2.00683593750000E-0002 -1.69494628906250E-0002 
 1.02000000000000E+0002 -1.91284179687500E-0002 -1.30187988281250E-0002 
 1.02500000000000E+0002 -1.97814941406250E-0002 -1.23535156249999E-0002 
 1.03000000000000E+0002 -2.08679199218750E-0002 -1.37573242187499E-0002 
 1.03500000000000E+0002 -2.16186523437500E-0002 -1.62902832031250E-0002 
 1.04000000000000E+0002 -2.25952148437500E-0002 -1.96716308593750E-0002 
 1.04500000000000E+0002 -2.26379394531250E-0002 -2.45361328125000E-0002 
 1.05000000000000E+0002 -2.17834472656250E-0002 -3.12744140625000E-0002 
 1.05500000000000E+0002 -2.11120605468750E-0002 -3.75854492187500E-0002 
 1.06000000000000E+0002 -2.07824707031250E-0002 -3.92639160156250E-0002 
 1.06500000000000E+0002 -1.88903808593750E-0002 -3.67980957031250E-0002 
 1.07000000000000E+0002 -1.54968261718750E-0002 -3.48632812500000E-0002 
 1.07500000000000E+0002 -1.36596679687500E-0002 -3.41064453125000E-0002 
 1.08000000000000E+0002 -1.30920410156249E-0002 -3.22570800781250E-0002 
 1.08500000000000E+0002 -1.10534667968750E-0002 -3.11462402343750E-0002 
 1.09000000000000E+0002 -7.86743164062499E-0003 -3.28369140625000E-0002 
 1.09500000000000E+0002 -5.52368164062499E-0003 -3.58215332031250E-0002 
 1.10000000000000E+0002 -4.48608398437500E-0003 -3.59802246093750E-0002 
 1.10500000000000E+0002 -2.94799804687499E-0003 -3.25439453125000E-0002 
 1.11000000000000E+0002 -2.86865234375001E-0004 -2.77587890624999E-0002 
 1.11500000000000E+0002  1.89208984375000E-0003 -2.46887207031250E-0002 
 1.12000000000000E+0002  1.29394531250000E-0003 -2.42004394531250E-0002 
 1.12500000000000E+0002 -1.56860351562499E-0003 -2.48107910156250E-0002 
 1.13000000000000E+0002 -3.65600585937500E-0003 -2.57873535156250E-0002 
 1.13500000000000E+0002 -4.95605468750001E-0003 -2.89672851562500E-0002 
 1.14000000000000E+0002 -8.14208984375000E-0003 -3.34472656250000E-0002 
 1.14500000000000E+0002 -1.28234863281249E-0002 -3.65295410156249E-0002 
 1.15000000000000E+0002 -1.56433105468750E-0002 -3.76342773437500E-0002 
 1.15500000000000E+0002 -1.56982421875000E-0002 -3.89892578125000E-0002 
 1.16000000000000E+0002 -1.56616210937500E-0002 -4.07958984375000E-0002 
 1.16500000000000E+0002 -1.65771484375000E-0002 -4.13330078125000E-0002 
 1.17000000000000E+0002 -1.68090820312500E-0002 -3.84704589843750E-0002 
 1.17500000000000E+0002 -1.52832031250000E-0002 -3.30200195312500E-0002 
 1.18000000000000E+0002 -1.40075683593749E-0002 -2.73559570312500E-0002 
 1.18500000000000E+0002 -1.42944335937499E-0002 -2.22839355468751E-0002 
 1.19000000000000E+0002 -1.42883300781250E-0002 -1.68273925781250E-0002 
 1.19500000000000E+0002 -1.28601074218749E-0002 -1.30004882812499E-0002 
 1.20000000000000E+0002 -1.22375488281250E-0002 -1.39282226562499E-0002 
 1.20500000000000E+0002 -1.29333496093750E-0002 -1.77062988281250E-0002 
 1.21000000000000E+0002 -1.37451171875000E-0002 -2.20336914062499E-0002 
 1.21500000000000E+0002 -1.54968261718750E-0002 -2.66540527343750E-0002 
 1.22000000000000E+0002 -1.94641113281250E-0002 -3.14514160156250E-0002 
 1.22500000000000E+0002 -2.27966308593750E-0002 -3.52905273437500E-0002 
 1.23000000000000E+0002 -2.35351562500000E-0002 -3.71154785156250E-0002 
 1.23500000000000E+0002 -2.40173339843750E-0002 -3.74267578125000E-0002 
 1.24000000000000E+0002 -2.55493164062500E-0002 -3.57727050781251E-0002 
 1.24500000000000E+0002 -2.52136230468750E-0002 -3.30627441406250E-0002 
 1.25000000000000E+0002 -2.20764160156250E-0002 -3.04626464843750E-0002 
 1.25500000000000E+0002 -1.80175781250000E-0002 -2.72460937500000E-0002 
 1.26000000000000E+0002 -1.27746582031250E-0002 -2.31933593750000E-0002 
 1.26500000000000E+0002 -5.93872070312500E-0003 -2.15270996093750E-0002 
 1.27000000000000E+0002 -1.51977539062499E-0003 -2.33032226562500E-0002 
 1.27500000000000E+0002 -1.08642578125000E-0003 -2.51892089843750E-0002 
 1.28000000000000E+0002 -6.53076171874997E-0004 -2.54882812500000E-0002 
 1.28500000000000E+0002  1.79443359375001E-0003 -2.71179199218750E-0002 
 1.29000000000000E+0002  3.25317382812500E-0003 -3.05541992187500E-0002 
 1.29500000000000E+0002  1.93481445312500E-0003 -3.30566406250000E-0002 
 1.30000000000000E+0002  4.27246093749987E-0004 -3.37829589843750E-0002 
 1.30500000000000E+0002 -9.15527343749970E-0005 -3.54187011718750E-0002 
 1.31000000000000E+0002 -1.90429687500000E-0003 -3.74633789062500E-0002 
 1.31500000000000E+0002 -6.03637695312500E-0003 -3.81835937500001E-0002 
 1.32000000000000E+0002 -1.10290527343750E-0002 -3.79333496093750E-0002 
 1.32500000000000E+0002 -1.60217285156250E-0002 -3.65783691406250E-0002 
 1.33000000000000E+0002 -2.03735351562500E-0002 -3.34350585937500E-0002 
 1.33500000000000E+0002 -2.43286132812500E-0002 -2.81738281250000E-0002 
 1.34000000000000E+0002 -2.79052734375000E-0002 -2.23754882812500E-0002 
 1.34500000000000E+0002 -2.97058105468750E-0002 -1.73339843750000E-0002 
 1.35000000000000E+0002 -2.84729003906250E-0002 -1.38854980468749E-0002 
 1.35500000000000E+0002 -2.32971191406250E-0002 -1.24328613281250E-0002 
 1.36000000000000E+0002 -1.57348632812500E-0002 -1.36352539062500E-0002 
 1.36500000000000E+0002 -8.86840820312500E-0003 -1.78100585937500E-0002 
 1.37000000000000E+0002 -4.58984374999999E-0003 -2.32849121093750E-0002 
 1.37500000000000E+0002 -4.74243164062500E-0003 -2.88269042968750E-0002 
 1.38000000000000E+0002 -8.87451171874999E-0003 -3.09326171875000E-0002 
 1.38500000000000E+0002 -1.49658203125000E-0002 -3.02795410156250E-0002 
 1.39000000000000E+0002 -2.23266601562500E-0002 -2.92785644531250E-0002 
 1.39500000000000E+0002 -2.93090820312500E-0002 -2.76855468750000E-0002 
 1.40000000000000E+0002 -3.37463378906250E-0002 -2.37915039062500E-0002 
 1.40500000000000E+0002 -3.51379394531250E-0002 -1.88049316406250E-0002 
 1.41000000000000E+0002 -3.49853515625000E-0002 -1.57592773437500E-0002 
 1.41500000000000E+0002 -3.49548339843750E-0002 -1.48010253906249E-0002 
 1.42000000000000E+0002 -3.52722167968750E-0002 -1.43554687500000E-0002 
 1.42500000000000E+0002 -3.58459472656250E-0002 -1.47766113281250E-0002 
 1.43000000000000E+0002 -3.59375000000000E-0002 -1.69189453125000E-0002 
 1.43500000000000E+0002 -3.47839355468750E-0002 -2.07641601562500E-0002 
 1.44000000000000E+0002 -3.28430175781250E-0002 -2.44079589843750E-0002 
 1.44500000000000E+0002 -2.97973632812500E-0002 -2.53967285156250E-0002 
 1.45000000000000E+0002 -2.54577636718750E-0002 -2.31567382812500E-0002 
 1.45500000000000E+0002 -2.12341308593750E-0002 -2.07092285156250E-0002 
 1.46000000000000E+0002 -1.94274902343750E-0002 -2.03002929687500E-0002 
 1.46500000000000E+0002 -1.93908691406250E-0002 -2.09777832031250E-0002 
 1.47000000000000E+0002 -2.01538085937499E-0002 -2.26806640625000E-0002 
 1.47500000000000E+0002 -2.10693359375000E-0002 -2.68737792968750E-0002 
 1.48000000000000E+0002 -2.07458496093750E-0002 -3.24707031250000E-0002 
 1.48500000000000E+0002 -1.87255859375000E-0002 -3.64868164062500E-0002 
 1.49000000000000E+0002 -1.59423828125000E-0002 -3.75244140625000E-0002 
 1.49500000000000E+0002 -1.32263183593750E-0002 -3.59558105468750E-0002 
 1.50000000000000E+0002 -1.08215332031250E-0002 -3.24890136718749E-0002 
 1.50500000000000E+0002 -7.89794921875000E-0003 -2.81188964843750E-0002 
 1.51000000000000E+0002 -5.59082031250000E-0003 -2.41088867187500E-0002 
 1.51500000000000E+0002 -5.98754882812499E-0003 -2.16857910156250E-0002 
 1.52000000000000E+0002 -9.81445312500001E-0003 -2.17041015625000E-0002 
 1.52500000000000E+0002 -1.60461425781250E-0002 -2.39562988281250E-0002 
 1.53000000000000E+0002 -2.27722167968750E-0002 -2.64038085937500E-0002 
 1.53500000000000E+0002 -2.97790527343750E-0002 -2.79235839843750E-0002 
 1.54000000000000E+0002 -3.68225097656250E-0002 -2.82592773437500E-0002 
 1.54500000000000E+0002 -4.19677734375000E-0002 -2.73071289062500E-0002 
 1.55000000000000E+0002 -4.27062988281251E-0002 -2.54272460937500E-0002 
 1.55500000000000E+0002 -3.94958496093750E-0002 -2.34069824218750E-0002 
 1.56000000000000E+0002 -3.57727050781250E-0002 -2.32543945312500E-0002 
 1.56500000000000E+0002 -3.31298828125000E-0002 -2.41638183593750E-0002 
 1.57000000000000E+0002 -2.94189453125000E-0002 -2.38281250000000E-0002 
 1.57500000000000E+0002 -2.53234863281250E-0002 -2.18505859375000E-0002 
 1.58000000000000E+0002 -2.28210449218750E-0002 -1.94763183593750E-0002 
 1.58500000000000E+0002 -2.22167968750000E-0002 -1.71142578125000E-0002 
 1.59000000000000E+0002 -2.16979980468750E-0002 -1.40991210937500E-0002 
 1.59500000000000E+0002 -2.08374023437500E-0002 -1.27319335937499E-0002 
 1.60000000000000E+0002 -2.06848144531250E-0002 -1.35803222656249E-0002 
 1.60500000000000E+0002 -2.04895019531250E-0002 -1.48376464843750E-0002 
 1.61000000000000E+0002 -1.85119628906250E-0002 -1.51916503906249E-0002 
 1.61500000000000E+0002 -1.52099609374999E-0002 -1.43920898437500E-0002 
 1.62000000000000E+0002 -1.19262695312499E-0002 -1.31225585937500E-0002 
 1.62500000000000E+0002 -9.64965820312499E-0003 -1.31225585937500E-0002 
 1.63000000000000E+0002 -9.37500000000000E-0003 -1.53991699218750E-0002 
 1.63500000000000E+0002 -1.03027343750000E-0002 -1.92199707031250E-0002 
 1.64000000000000E+0002 -1.13891601562500E-0002 -2.34680175781250E-0002 
 1.64500000000000E+0002 -1.17431640624999E-0002 -2.80578613281250E-0002 
 1.65000000000000E+0002 -1.18408203125000E-0002 -3.24951171875000E-0002 
 1.65500000000000E+0002 -1.14013671875000E-0002 -3.48937988281250E-0002 
 1.66000000000000E+0002 -1.04980468750000E-0002 -3.47412109375000E-0002 
 1.66500000000000E+0002 -1.04125976562499E-0002 -3.46557617187500E-0002 
 1.67000000000000E+0002 -1.22375488281249E-0002 -3.55346679687500E-0002 
 1.67500000000000E+0002 -1.47583007812500E-0002 -3.68896484375000E-0002 
 1.68000000000000E+0002 -1.65527343750000E-0002 -3.79943847656249E-0002 
 1.68500000000000E+0002 -1.66015625000000E-0002 -3.87145996093750E-0002 
 1.69000000000000E+0002 -1.58752441406250E-0002 -3.87573242187500E-0002 
 1.69500000000000E+0002 -1.64123535156250E-0002 -3.61938476562500E-0002 
 1.70000000000000E+0002 -1.75720214843750E-0002 -3.20495605468750E-0002 
 1.70500000000000E+0002 -1.94091796875000E-0002 -2.87109375000000E-0002 
 1.71000000000000E+0002 -2.33886718750000E-0002 -2.54272460937500E-0002 
 1.71500000000000E+0002 -2.84790039062500E-0002 -2.20336914062500E-0002 
 1.72000000000000E+0002 -3.28369140625000E-0002 -2.05444335937500E-0002 
 1.72500000000000E+0002 -3.46984863281250E-0002 -2.11669921875000E-0002 
 1.73000000000000E+0002 -3.50585937500000E-0002 -2.16491699218750E-0002 
 1.73500000000000E+0002 -3.46191406250000E-0002 -2.15393066406250E-0002 
 1.74000000000000E+0002 -3.39599609375000E-0002 -2.32238769531250E-0002 
 1.74500000000000E+0002 -3.38195800781250E-0002 -2.52380371093750E-0002 
 1.75000000000000E+0002 -3.32702636718750E-0002 -2.66052246093750E-0002 
 1.75500000000000E+0002 -3.17443847656250E-0002 -2.82775878906250E-0002 
 1.76000000000000E+0002 -2.97485351562500E-0002 -3.09020996093750E-0002 
 1.76500000000000E+0002 -2.88818359374999E-0002 -3.35693359375000E-0002 
 1.77000000000000E+0002 -2.88391113281250E-0002 -3.31298828125000E-0002 
 1.77500000000000E+0002 -2.73681640625000E-0002 -3.01940917968750E-0002 
 1.78000000000000E+0002 -2.42553710937500E-0002 -2.69348144531250E-0002 
 1.78500000000000E+0002 -2.22412109375000E-0002 -2.47253417968750E-0002 
 1.79000000000000E+0002 -2.19482421875000E-0002 -2.42614746093750E-0002 
 1.79500000000000E+0002 -2.07275390625000E-0002 -2.41455078125000E-0002 
 1.80000000000000E+0002 -1.67236328125000E-0002 -2.54455566406250E-0002 
 1.80500000000000E+0002 -1.29760742187500E-0002 -2.88818359375000E-0002 
 1.81000000000000E+0002 -1.14868164062499E-0002 -3.35876464843750E-0002 
 1.81500000000000E+0002 -1.18896484374999E-0002 -3.66699218750000E-0002 
 1.82000000000000E+0002 -1.33422851562499E-0002 -3.64013671875000E-0002 
 1.82500000000000E+0002 -1.54235839843749E-0002 -3.49975585937500E-0002 
 1.83000000000000E+0002 -1.86645507812500E-0002 -3.51867675781250E-0002 
 1.83500000000000E+0002 -2.22839355468750E-0002 -3.54675292968750E-0002 
 1.84000000000000E+0002 -2.57873535156250E-0002 -3.50769042968750E-0002 
 1.84500000000000E+0002 -2.76855468750000E-0002 -3.48754882812500E-0002 
 1.85000000000000E+0002 -2.73559570312500E-0002 -3.46618652343750E-0002 
 1.85500000000000E+0002 -2.60314941406250E-0002 -3.33007812500000E-0002 
 1.86000000000000E+0002 -2.55615234375000E-0002 -3.10119628906250E-0002 
 1.86500000000000E+0002 -2.45239257812500E-0002 -2.86621093750000E-0002 
 1.87000000000000E+0002 -2.20703125000000E-0002 -2.69897460937500E-0002 
 1.87500000000000E+0002 -2.08435058593750E-0002 -2.61657714843750E-0002 
 1.88000000000000E+0002 -2.12280273437500E-0002 -2.62512207031249E-0002 
 1.88500000000000E+0002 -2.02941894531250E-0002 -2.82775878906250E-0002 
 1.89000000000000E+0002 -1.92810058593750E-0002 -3.14270019531250E-0002 
 1.89500000000000E+0002 -2.06909179687500E-0002 -3.44909667968750E-0002 
 1.90000000000000E+0002 -2.28759765625000E-0002 -3.70178222656250E-0002 
 1.90500000000000E+0002 -2.18811035156250E-0002 -3.92944335937500E-0002 
 1.91000000000000E+0002 -1.94458007812500E-0002 -4.18212890625000E-0002 
 1.91500000000000E+0002 -1.89208984375000E-0002 -4.20654296875000E-0002 
 1.92000000000000E+0002 -1.83837890625000E-0002 -3.93188476562500E-0002 
 1.92500000000000E+0002 -1.60949707031250E-0002 -3.56201171875000E-0002 
 1.93000000000000E+0002 -1.43371582031250E-0002 -3.24829101562500E-0002 
 1.93500000000000E+0002 -1.51550292968750E-0002 -3.04138183593750E-0002 
 1.94000000000000E+0002 -1.82861328125000E-0002 -2.82226562500000E-0002 
 1.94500000000000E+0002 -2.08740234375000E-0002 -2.59887695312500E-0002 
 1.95000000000000E+0002 -2.24304199218750E-0002 -2.42126464843751E-0002 
 1.95500000000000E+0002 -2.24060058593750E-0002 -2.31689453125000E-0002 
 1.96000000000000E+0002 -2.13745117187500E-0002 -2.18139648437500E-0002 
 1.96500000000000E+0002 -1.89331054687500E-0002 -2.06176757812500E-0002 
 1.97000000000000E+0002 -1.51367187499999E-0002 -2.16430664062500E-0002 
 1.97500000000000E+0002 -1.18408203124999E-0002 -2.47131347656250E-0002 
 1.98000000000000E+0002 -9.21020507812500E-0003 -2.87231445312500E-0002 
 1.98500000000000E+0002 -7.09228515625002E-0003 -3.22509765625000E-0002 
 1.99000000000000E+0002 -5.17578124999999E-0003 -3.50830078125000E-0002 
 1.99500000000000E+0002 -4.43725585937499E-0003 -3.65295410156249E-0002 
 2.00000000000000E+0002 -5.56030273437501E-0003 -3.58032226562500E-0002 
 2.00500000000000E+0002 -7.59277343750000E-0003 -3.34045410156250E-0002 
 2.01000000000000E+0002 -1.04309082031250E-0002 -3.11889648437499E-0002 
 2.01500000000000E+0002 -1.50756835937500E-0002 -2.94799804687500E-0002 
 2.02000000000000E+0002 -2.08068847656250E-0002 -2.76855468750000E-0002 
 2.02500000000000E+0002 -2.49023437500000E-0002 -2.61596679687500E-0002 
 2.03000000000000E+0002 -2.64526367187500E-0002 -2.55737304687500E-0002 
 2.03500000000000E+0002 -2.61352539062500E-0002 -2.62512207031250E-0002 
 2.04000000000000E+0002 -2.55737304687500E-0002 -2.77648925781250E-0002 
 2.04500000000000E+0002 -2.53845214843750E-0002 -2.85888671875000E-0002 
 2.05000000000000E+0002 -2.49145507812501E-0002 -2.86193847656250E-0002 
 2.05500000000000E+0002 -2.47985839843750E-0002 -2.85949707031250E-0002 
 2.06000000000000E+0002 -2.46093750000000E-0002 -2.86315917968750E-0002 
 2.06500000000000E+0002 -2.52746582031250E-0002 -2.89611816406250E-0002 
 2.07000000000000E+0002 -2.59643554687500E-0002 -2.75085449218750E-0002 
 2.07500000000000E+0002 -2.49633789062500E-0002 -2.53723144531250E-0002 
 2.08000000000000E+0002 -2.32177734375000E-0002 -2.47680664062500E-0002 
 2.08500000000000E+0002 -2.36572265625000E-0002 -2.56713867187500E-0002 
 2.09000000000000E+0002 -2.60925292968750E-0002 -2.65991210937500E-0002 
 2.09500000000000E+0002 -2.91809082031250E-0002 -2.68066406250000E-0002 
 2.10000000000000E+0002 -3.13049316406250E-0002 -2.54882812500000E-0002 
 2.10500000000000E+0002 -3.30383300781250E-0002 -2.31567382812500E-0002 
 2.11000000000000E+0002 -3.54431152343750E-0002 -2.03735351562500E-0002 
 2.11500000000000E+0002 -3.74084472656250E-0002 -1.65283203125000E-0002 
 2.12000000000000E+0002 -3.78662109375000E-0002 -1.32263183593750E-0002 
 2.12500000000000E+0002 -3.70056152343750E-0002 -1.19262695312500E-0002 
 2.13000000000000E+0002 -3.58581542968750E-0002 -1.37512207031250E-0002 
 2.13500000000000E+0002 -3.37890625000000E-0002 -1.70898437500000E-0002 
 2.14000000000000E+0002 -3.03588867187500E-0002 -2.00378417968750E-0002 
 2.14500000000000E+0002 -2.61230468750000E-0002 -2.21801757812500E-0002 
 2.15000000000000E+0002 -2.14904785156250E-0002 -2.47436523437500E-0002 
 2.15500000000000E+0002 -1.74255371093750E-0002 -2.84545898437500E-0002 
 2.16000000000000E+0002 -1.44714355468750E-0002 -3.25256347656250E-0002 
 2.16500000000000E+0002 -1.52099609374999E-0002 -3.63342285156250E-0002 
 2.17000000000000E+0002 -1.93176269531250E-0002 -3.87939453125000E-0002 
 2.17500000000000E+0002 -2.41271972656250E-0002 -3.98376464843750E-0002 
 2.18000000000000E+0002 -2.93151855468750E-0002 -3.65539550781250E-0002 
 2.18500000000000E+0002 -3.39599609375000E-0002 -2.79479980468750E-0002 
 2.19000000000000E+0002 -3.65295410156250E-0002 -1.80358886718750E-0002 
 2.19500000000000E+0002 -3.46801757812500E-0002 -1.10717773437499E-0002 
 2.20000000000000E+0002 -3.03955078125000E-0002 -8.61816406250000E-0003 
 2.20500000000000E+0002 -2.69531250000000E-0002 -1.05651855468749E-0002 
 2.21000000000000E+0002 -2.44812011718750E-0002 -1.64733886718750E-0002 
 2.21500000000000E+0002 -2.35046386718750E-0002 -2.44140625000000E-0002 
 2.22000000000000E+0002 -2.49389648437500E-0002 -2.96691894531250E-0002 
 2.22500000000000E+0002 -2.81311035156250E-0002 -3.10241699218750E-0002 
 2.23000000000000E+0002 -3.08532714843750E-0002 -2.91564941406250E-0002 
 2.23500000000000E+0002 -3.15979003906250E-0002 -2.48291015625000E-0002 
 2.24000000000000E+0002 -3.01208496093750E-0002 -2.09899902343750E-0002 
 2.24500000000000E+0002 -2.73315429687500E-0002 -1.99340820312500E-0002 
 2.25000000000000E+0002 -2.31689453125000E-0002 -2.22351074218750E-0002 
 2.25500000000000E+0002 -1.80725097656250E-0002 -2.51159667968750E-0002 
 2.26000000000000E+0002 -1.16760253906250E-0002 -2.69897460937500E-0002 
 2.26500000000000E+0002 -8.10546875000000E-0003 -2.74902343750000E-0002 
 2.27000000000000E+0002 -8.63647460937501E-0003 -2.55798339843750E-0002 
 2.27500000000000E+0002 -1.03210449218750E-0002 -2.24792480468750E-0002 
 2.28000000000000E+0002 -1.28845214843750E-0002 -2.07153320312500E-0002 
 2.28500000000000E+0002 -1.68945312500000E-0002 -2.04589843750000E-0002 
 2.29000000000000E+0002 -2.05993652343750E-0002 -2.16430664062500E-0002 
 2.29500000000000E+0002 -2.25280761718750E-0002 -2.30834960937500E-0002 
 2.30000000000000E+0002 -2.33581542968750E-0002 -2.55493164062500E-0002 
 2.30500000000000E+0002 -2.48474121093750E-0002 -2.89306640625000E-0002 
 2.31000000000000E+0002 -2.68249511718750E-0002 -3.12561035156250E-0002 
 2.31500000000000E+0002 -2.83203125000000E-0002 -3.24218750000000E-0002 
 2.32000000000000E+0002 -3.04870605468750E-0002 -3.45825195312499E-0002 
 2.32500000000000E+0002 -3.25073242187500E-0002 -3.61572265625000E-0002 
 2.33000000000000E+0002 -3.23425292968750E-0002 -3.57788085937501E-0002 
 2.33500000000000E+0002 -3.05786132812500E-0002 -3.21777343750000E-0002 
 2.34000000000000E+0002 -2.67639160156250E-0002 -2.72033691406250E-0002 
 2.34500000000000E+0002 -2.17224121093750E-0002 -2.29309082031251E-0002 
 2.35000000000000E+0002 -1.71569824218750E-0002 -2.03491210937500E-0002 
 2.35500000000000E+0002 -1.36047363281250E-0002 -1.81152343750000E-0002 
 2.36000000000000E+0002 -1.04614257812500E-0002 -1.50085449218750E-0002 
 2.36500000000000E+0002 -8.68530273437501E-0003 -1.30371093749999E-0002 
 2.37000000000000E+0002 -9.78393554687500E-0003 -1.42333984375000E-0002 
 2.37500000000000E+0002 -1.35375976562499E-0002 -1.57653808593750E-0002 
 2.38000000000000E+0002 -1.85974121093750E-0002 -1.54602050781250E-0002 
 2.38500000000000E+0002 -2.44628906250000E-0002 -1.55578613281250E-0002 
 2.39000000000000E+0002 -3.09448242187500E-0002 -1.90124511718750E-0002 
 2.39500000000000E+0002 -3.48083496093750E-0002 -2.31384277343750E-0002 
 2.40000000000000E+0002 -3.54248046875000E-0002 -2.63427734375000E-0002 
 2.40500000000000E+0002 -3.46740722656250E-0002 -2.95532226562500E-0002 
 2.41000000000000E+0002 -3.39355468750000E-0002 -3.24829101562500E-0002 
 2.41500000000000E+0002 -3.24951171875000E-0002 -3.21594238281250E-0002 
 2.42000000000000E+0002 -2.97302246093750E-0002 -2.84118652343750E-0002 
 2.42500000000000E+0002 -2.71606445312500E-0002 -2.27722167968750E-0002 
 2.43000000000000E+0002 -2.60925292968750E-0002 -1.58813476562500E-0002 
 2.43500000000000E+0002 -2.37609863281250E-0002 -7.23876953125001E-0003 
 2.44000000000000E+0002 -1.89636230468750E-0002 -1.62353515625000E-0003 
 2.44500000000000E+0002 -1.54174804687500E-0002 -3.02124023437501E-0003 
 2.45000000000000E+0002 -1.66015625000000E-0002 -7.38525390624999E-0003 
 2.45500000000000E+0002 -2.01171875000000E-0002 -1.04309082031249E-0002 
 2.46000000000000E+0002 -2.25585937500000E-0002 -1.37207031250000E-0002 
 2.46500000000000E+0002 -2.50305175781250E-0002 -1.90429687500000E-0002 
 2.47000000000000E+0002 -2.93884277343751E-0002 -2.31994628906250E-0002 
 2.47500000000000E+0002 -3.39904785156250E-0002 -2.52868652343750E-0002 
 2.48000000000000E+0002 -3.69750976562500E-0002 -2.77038574218750E-0002 
 2.48500000000000E+0002 -3.97949218750000E-0002 -3.18115234375000E-0002 
 2.49000000000000E+0002 -4.25170898437501E-0002 -3.44055175781250E-0002 
 2.49500000000000E+0002 -4.34936523437500E-0002 -3.46069335937500E-0002 
 2.50000000000000E+0002 -4.21264648437500E-0002 -3.43444824218750E-0002 
 2.50500000000000E+0002 -3.92028808593750E-0002 -3.37280273437499E-0002 
 2.51000000000000E+0002 -3.59375000000000E-0002 -3.17687988281250E-0002 
 2.51500000000000E+0002 -3.36425781250000E-0002 -2.96020507812500E-0002 
 2.52000000000000E+0002 -3.32214355468750E-0002 -2.89245605468750E-0002 
 2.52500000000000E+0002 -3.44970703125000E-0002 -2.87292480468750E-0002 
 2.53000000000000E+0002 -3.55346679687501E-0002 -2.86254882812500E-0002 
 2.53500000000000E+0002 -3.43750000000000E-0002 -2.97546386718750E-0002 
 2.54000000000000E+0002 -3.23364257812500E-0002 -3.12255859375000E-0002 
 2.54500000000000E+0002 -3.09265136718750E-0002 -3.21411132812500E-0002 
 2.55000000000000E+0002 -3.07373046875000E-0002 -3.20373535156250E-0002 
 2.55500000000000E+0002 -3.10913085937500E-0002 -3.16406250000000E-0002 
 2.56000000000000E+0002 -3.25805664062500E-0002 -2.99011230468750E-0002 
 2.56500000000000E+0002 -3.47961425781250E-0002 -2.63854980468750E-0002 
 2.57000000000000E+0002 -3.44787597656250E-0002 -2.40844726562500E-0002 
 2.57500000000000E+0002 -3.01574707031250E-0002 -2.46093750000000E-0002 
 2.58000000000000E+0002 -2.42919921875000E-0002 -2.69104003906250E-0002 
 2.58500000000000E+0002 -1.94641113281250E-0002 -2.93884277343750E-0002 
 2.59000000000000E+0002 -1.56860351562500E-0002 -3.12377929687501E-0002 
 2.59500000000000E+0002 -1.20056152343749E-0002 -3.20678710937500E-0002 
 2.60000000000000E+0002 -8.66699218750000E-0003 -3.13720703125000E-0002 
 2.60500000000000E+0002 -7.85522460937500E-0003 -2.84545898437500E-0002 
 2.61000000000000E+0002 -9.33227539062500E-0003 -2.46520996093750E-0002 
 2.61500000000000E+0002 -1.16516113281250E-0002 -2.30529785156250E-0002 
 2.62000000000000E+0002 -1.37268066406249E-0002 -2.32360839843750E-0002 
 2.62500000000000E+0002 -1.57531738281250E-0002 -2.50549316406250E-0002 
 2.63000000000000E+0002 -1.86523437500000E-0002 -2.66784667968750E-0002 
 2.63500000000000E+0002 -1.96472167968750E-0002 -2.66357421875000E-0002 
 2.64000000000000E+0002 -1.79748535156250E-0002 -2.49694824218750E-0002 
 2.64500000000000E+0002 -1.69799804687500E-0002 -2.16979980468750E-0002 
 2.65000000000000E+0002 -1.81640625000000E-0002 -1.80053710937500E-0002 
 2.65500000000000E+0002 -1.93237304687500E-0002 -1.53076171875000E-0002 
 2.66000000000000E+0002 -1.94946289062501E-0002 -1.50207519531249E-0002 
 2.66500000000000E+0002 -2.12280273437500E-0002 -1.74865722656250E-0002 
 2.67000000000000E+0002 -2.27050781250000E-0002 -2.00073242187500E-0002 
 2.67500000000000E+0002 -1.97692871093750E-0002 -2.26196289062500E-0002 
 2.68000000000000E+0002 -1.55273437500000E-0002 -2.70324707031250E-0002 
 2.68500000000000E+0002 -1.54113769531250E-0002 -3.11157226562500E-0002 
 2.69000000000000E+0002 -1.91284179687500E-0002 -3.28491210937500E-0002 
 2.69500000000000E+0002 -2.36694335937500E-0002 -3.35449218750000E-0002 
 2.70000000000000E+0002 -2.81066894531250E-0002 -3.46923828125000E-0002 
 2.70500000000000E+0002 -3.38073730468750E-0002 -3.53515625000000E-0002 
 2.71000000000000E+0002 -3.98681640625000E-0002 -3.31359863281250E-0002 
 2.71500000000000E+0002 -4.31213378906250E-0002 -2.95715332031250E-0002 
 2.72000000000000E+0002 -4.25415039062500E-0002 -2.67211914062500E-0002 
 2.72500000000000E+0002 -3.87939453125000E-0002 -2.39074707031250E-0002 
 2.73000000000000E+0002 -3.49487304687500E-0002 -2.04345703125000E-0002 
 2.73500000000000E+0002 -3.25012207031250E-0002 -1.69494628906250E-0002 
 2.74000000000000E+0002 -3.04382324218750E-0002 -1.58020019531250E-0002 
 2.74500000000000E+0002 -2.95288085937500E-0002 -1.68090820312500E-0002 
 2.75000000000000E+0002 -3.03894042968750E-0002 -1.79443359375000E-0002 
 2.75500000000000E+0002 -3.29711914062500E-0002 -1.91711425781250E-0002 
 2.76000000000000E+0002 -3.57910156250000E-0002 -2.15515136718750E-0002 
 2.76500000000000E+0002 -3.73168945312500E-0002 -2.42553710937500E-0002 
 2.77000000000000E+0002 -3.62609863281250E-0002 -2.53234863281250E-0002 
 2.77500000000000E+0002 -3.25866699218750E-0002 -2.52258300781250E-0002 
 2.78000000000000E+0002 -2.86315917968750E-0002 -2.54333496093750E-0002 
 2.78500000000000E+0002 -2.51342773437500E-0002 -2.66296386718750E-0002 
 2.79000000000000E+0002 -2.25097656250000E-0002 -2.72399902343750E-0002 
 2.79500000000000E+0002 -2.14355468750000E-0002 -2.65136718750000E-0002 
 2.80000000000000E+0002 -2.28088378906250E-0002 -2.48291015625000E-0002 
 2.80500000000000E+0002 -2.54150390625000E-0002 -2.39929199218750E-0002 
 2.81000000000000E+0002 -2.80822753906250E-0002 -2.44812011718750E-0002 
 2.81500000000000E+0002 -3.03222656250000E-0002 -2.47375488281250E-0002 
 2.82000000000000E+0002 -3.17077636718750E-0002 -2.42248535156250E-0002 
 2.82500000000000E+0002 -3.28186035156250E-0002 -2.60620117187500E-0002 
 2.83000000000000E+0002 -3.51379394531250E-0002 -3.00903320312500E-0002 
 2.83500000000000E+0002 -3.74755859375000E-0002 -3.20373535156250E-0002 
 2.84000000000000E+0002 -3.64685058593749E-0002 -3.22143554687500E-0002 
 2.84500000000000E+0002 -3.26171875000000E-0002 -3.42163085937500E-0002 
 2.85000000000000E+0002 -2.95410156250000E-0002 -3.60900878906250E-0002 
 2.85500000000000E+0002 -2.57690429687500E-0002 -3.27026367187500E-0002 
 2.86000000000000E+0002 -2.03247070312500E-0002 -2.65991210937500E-0002 
 2.86500000000000E+0002 -1.72973632812500E-0002 -2.19238281250001E-0002 
 2.87000000000000E+0002 -1.92382812500000E-0002 -1.82189941406250E-0002 
 2.87500000000000E+0002 -2.19055175781250E-0002 -1.44409179687499E-0002 
 2.88000000000000E+0002 -2.25219726562500E-0002 -1.42150878906249E-0002 
 2.88500000000000E+0002 -2.16979980468750E-0002 -1.88598632812500E-0002 
 2.89000000000000E+0002 -2.03491210937500E-0002 -2.44079589843750E-0002 
 2.89500000000000E+0002 -1.75720214843750E-0002 -2.74658203125000E-0002 
 2.90000000000000E+0002 -1.45446777343749E-0002 -2.94921875000000E-0002 
 2.90500000000000E+0002 -1.40808105468750E-0002 -3.02795410156250E-0002 
 2.91000000000000E+0002 -1.61193847656250E-0002 -2.98034667968750E-0002 
 2.91500000000000E+0002 -1.97387695312500E-0002 -2.75573730468750E-0002 
 2.92000000000000E+0002 -2.29187011718750E-0002 -2.31262207031250E-0002 
 2.92500000000000E+0002 -2.44079589843750E-0002 -1.76513671875000E-0002 
 2.93000000000000E+0002 -2.49267578125000E-0002 -1.37390136718749E-0002 
 2.93500000000000E+0002 -2.51647949218750E-0002 -9.49096679687499E-0003 
 2.94000000000000E+0002 -2.47497558593750E-0002 -3.41796875000000E-0003 
 2.94500000000000E+0002 -2.43957519531250E-0002  3.29589843750000E-0003 
 2.95000000000000E+0002 -2.46459960937500E-0002  6.34155273437501E-0003 
 2.95500000000000E+0002 -2.53173828125000E-0002  4.25415039062500E-0003 
 2.96000000000000E+0002 -2.60070800781250E-0002 -7.26318359374990E-0004 
 2.96500000000000E+0002 -2.78869628906250E-0002 -7.14721679687500E-0003 
 2.97000000000000E+0002 -3.12011718750000E-0002 -1.40258789062500E-0002 
 2.97500000000000E+0002 -3.31848144531250E-0002 -2.14233398437500E-0002 
 2.98000000000000E+0002 -3.46374511718750E-0002 -2.72766113281250E-0002 
 2.98500000000000E+0002 -3.67187500000000E-0002 -2.82226562500000E-0002 
 2.99000000000000E+0002 -3.55285644531250E-0002 -2.29980468750000E-0002 
 2.99500000000000E+0002 -2.90222167968750E-0002 -1.55029296875000E-0002 
 3.00000000000000E+0002 -2.14660644531250E-0002 -9.52148437499999E-0003 
 3.00500000000000E+0002 -1.72241210937500E-0002 -4.85839843750000E-0003 
 3.01000000000000E+0002 -1.46972656249999E-0002 -1.20239257812500E-0003 
 3.01500000000000E+0002 -1.27929687499999E-0002 -8.23974609374997E-0004 
 3.02000000000000E+0002 -1.38671875000000E-0002 -4.08935546875000E-0003 
 3.02500000000000E+0002 -1.72790527343750E-0002 -9.56420898437500E-0003 
 3.03000000000000E+0002 -1.94030761718750E-0002 -1.56311035156250E-0002 
 3.03500000000000E+0002 -1.99462890625000E-0002 -2.15698242187500E-0002 
 3.04000000000000E+0002 -2.09838867187500E-0002 -2.48779296875000E-0002 
 3.04500000000000E+0002 -2.22595214843750E-0002 -2.51586914062500E-0002 
 3.05000000000000E+0002 -2.33154296875000E-0002 -2.40966796875000E-0002 
 3.05500000000000E+0002 -2.47497558593750E-0002 -2.25708007812500E-0002 
 3.06000000000000E+0002 -2.62939453125000E-0002 -2.07885742187500E-0002 
 3.06500000000000E+0002 -2.73315429687500E-0002 -2.03918457031250E-0002 
 3.07000000000000E+0002 -2.95959472656250E-0002 -2.05261230468750E-0002 
 3.07500000000000E+0002 -3.21838378906250E-0002 -1.90795898437500E-0002 
 3.08000000000000E+0002 -3.33007812500001E-0002 -1.65283203125000E-0002 
 3.08500000000000E+0002 -3.36914062500000E-0002 -1.37634277343749E-0002 
 3.09000000000000E+0002 -3.44604492187500E-0002 -9.82666015624999E-0003 
 3.09500000000000E+0002 -3.49731445312500E-0002 -4.99877929687501E-0003 
 3.10000000000000E+0002 -3.47229003906250E-0002 -1.56860351562500E-0003 
 3.10500000000000E+0002 -3.46374511718750E-0002 -1.02539062500000E-0003 
 3.11000000000000E+0002 -3.59497070312500E-0002 -2.74047851562500E-0003 
 3.11500000000000E+0002 -3.88366699218751E-0002 -5.01098632812501E-0003 
 3.12000000000000E+0002 -4.16442871093749E-0002 -6.59790039062500E-0003 
 3.12500000000000E+0002 -4.26086425781250E-0002 -7.36694335937499E-0003 
 3.13000000000000E+0002 -4.13330078125000E-0002 -8.58154296875002E-0003 
 3.13500000000000E+0002 -3.77929687499999E-0002 -9.39941406250001E-0003 
 3.14000000000000E+0002 -3.17565917968750E-0002 -1.00341796875000E-0002 
 3.14500000000000E+0002 -2.48962402343750E-0002 -1.27929687500000E-0002 
 3.15000000000000E+0002 -2.01293945312500E-0002 -1.70410156250000E-0002 
 3.15500000000000E+0002 -1.74926757812500E-0002 -1.98852539062500E-0002 
 3.16000000000000E+0002 -1.52832031249999E-0002 -2.02758789062500E-0002 
 3.16500000000000E+0002 -1.42944335937500E-0002 -1.97814941406250E-0002 
 3.17000000000000E+0002 -1.59484863281250E-0002 -1.84387207031250E-0002 
 3.17500000000000E+0002 -1.91162109375000E-0002 -1.41540527343750E-0002 
 3.18000000000000E+0002 -1.98730468750000E-0002 -9.10644531250000E-0003 
 3.18500000000000E+0002 -1.88659667968750E-0002 -8.26416015624998E-0003 
 3.19000000000000E+0002 -2.00744628906250E-0002 -1.04553222656250E-0002 
 3.19500000000000E+0002 -2.35351562500000E-0002 -1.16943359375000E-0002 
 3.20000000000000E+0002 -2.54028320312500E-0002 -1.16210937499999E-0002 
 3.20500000000000E+0002 -2.47009277343750E-0002 -1.46728515624999E-0002 
 3.21000000000000E+0002 -2.56713867187500E-0002 -2.06970214843750E-0002 
 3.21500000000000E+0002 -2.82043457031250E-0002 -2.56591796875000E-0002 
 3.22000000000000E+0002 -2.87353515625000E-0002 -2.94067382812500E-0002 
 3.22500000000000E+0002 -2.77648925781250E-0002 -3.17687988281250E-0002 
 3.23000000000000E+0002 -2.75695800781250E-0002 -3.16467285156250E-0002 
 3.23500000000000E+0002 -2.75451660156250E-0002 -2.76916503906250E-0002 
 3.24000000000000E+0002 -2.55737304687500E-0002 -2.13439941406250E-0002 
 3.24500000000000E+0002 -2.18444824218750E-0002 -1.68151855468750E-0002 
 3.25000000000000E+0002 -1.88293457031250E-0002 -1.57836914062500E-0002 
 3.25500000000000E+0002 -1.62902832031250E-0002 -1.79565429687500E-0002 
 3.26000000000000E+0002 -1.35986328125000E-0002 -2.26745605468750E-0002 
 3.26500000000000E+0002 -1.22680664062500E-0002 -2.71850585937500E-0002 
 3.27000000000000E+0002 -1.30371093750000E-0002 -3.01025390625000E-0002 
 3.27500000000000E+0002 -1.52648925781250E-0002 -2.97302246093750E-0002 
 3.28000000000000E+0002 -1.63574218750000E-0002 -2.58239746093750E-0002 
 3.28500000000000E+0002 -1.48986816406249E-0002 -2.04223632812500E-0002 
 3.29000000000000E+0002 -1.09924316406250E-0002 -1.53381347656249E-0002 
 3.29500000000000E+0002 -6.45751953125000E-0003 -1.31347656249999E-0002 
 3.30000000000000E+0002 -5.11474609375000E-0003 -1.46118164062500E-0002 
 3.30500000000000E+0002 -7.56225585937499E-0003 -1.71020507812500E-0002 
 3.31000000000000E+0002 -1.23229980468750E-0002 -1.96777343750000E-0002 
 3.31500000000000E+0002 -1.79992675781250E-0002 -2.31750488281250E-0002 
 3.32000000000000E+0002 -2.35351562500000E-0002 -2.57141113281250E-0002 
 3.32500000000000E+0002 -2.78442382812500E-0002 -2.51098632812500E-0002 
 3.33000000000000E+0002 -2.79052734375000E-0002 -2.14172363281250E-0002 
 3.33500000000000E+0002 -2.42065429687500E-0002 -1.84204101562500E-0002 
 3.34000000000000E+0002 -2.07519531250000E-0002 -1.73583984375000E-0002 
 3.34500000000000E+0002 -1.98913574218750E-0002 -1.71752929687500E-0002 
 3.35000000000000E+0002 -2.14538574218750E-0002 -1.74621582031250E-0002 
 3.35500000000000E+0002 -2.34985351562500E-0002 -1.90185546875000E-0002 
 3.36000000000000E+0002 -2.53662109375000E-0002 -2.09655761718750E-0002 
 3.36500000000000E+0002 -2.71545410156250E-0002 -2.24609375000000E-0002 
 3.37000000000000E+0002 -2.81066894531250E-0002 -2.43896484375000E-0002 
 3.37500000000000E+0002 -2.81372070312500E-0002 -2.63488769531250E-0002 
 3.38000000000000E+0002 -2.72277832031250E-0002 -2.78686523437500E-0002 
 3.38500000000000E+0002 -2.67150878906250E-0002 -3.00415039062500E-0002 
 3.39000000000000E+0002 -2.66357421875000E-0002 -3.28308105468750E-0002 
 3.39500000000000E+0002 -2.70568847656250E-0002 -3.55346679687500E-0002 
 3.40000000000000E+0002 -2.85583496093750E-0002 -3.68408203125000E-0002 
 3.40500000000000E+0002 -3.07861328125000E-0002 -3.60595703125000E-0002 
 3.41000000000000E+0002 -3.20739746093750E-0002 -3.38012695312500E-0002 
 3.41500000000000E+0002 -3.20983886718750E-0002 -3.12988281250000E-0002 
 3.42000000000000E+0002 -3.15795898437500E-0002 -2.86560058593750E-0002 
 3.42500000000000E+0002 -3.10058593750000E-0002 -2.48168945312500E-0002 
 3.43000000000000E+0002 -2.92419433593750E-0002 -2.10327148437500E-0002 
 3.43500000000000E+0002 -2.59033203125000E-0002 -1.98425292968750E-0002 
 3.44000000000000E+0002 -2.21313476562500E-0002 -2.24060058593750E-0002 
 3.44500000000000E+0002 -2.00317382812500E-0002 -2.68676757812500E-0002 
 3.45000000000000E+0002 -1.93603515625000E-0002 -3.12683105468750E-0002 
 3.45500000000000E+0002 -1.91589355468750E-0002 -3.47106933593750E-0002 
 3.46000000000000E+0002 -1.96289062500000E-0002 -3.61022949218750E-0002 
 3.46500000000000E+0002 -2.17956542968750E-0002 -3.48815917968750E-0002 
 3.47000000000000E+0002 -2.57446289062500E-0002 -3.09936523437500E-0002 
 3.47500000000000E+0002 -2.94616699218750E-0002 -2.60620117187500E-0002 
 3.48000000000000E+0002 -3.17565917968750E-0002 -2.26257324218750E-0002 
 3.48500000000000E+0002 -3.33862304687500E-0002 -2.06237792968750E-0002 
 3.49000000000000E+0002 -3.35998535156250E-0002 -1.97387695312500E-0002 
 3.49500000000000E+0002 -3.28979492187500E-0002 -1.98852539062500E-0002 
 3.50000000000000E+0002 -3.10974121093750E-0002 -2.15270996093750E-0002 
 3.50500000000000E+0002 -2.87963867187500E-0002 -2.28332519531250E-0002 
 3.51000000000000E+0002 -2.58483886718749E-0002 -2.28942871093750E-0002 
 3.51500000000000E+0002 -2.21862792968750E-0002 -2.33276367187500E-0002 
 3.52000000000000E+0002 -1.96594238281250E-0002 -2.41699218750000E-0002 
 3.52500000000000E+0002 -1.66564941406250E-0002 -2.30468750000000E-0002 
 3.53000000000000E+0002 -1.23046874999999E-0002 -2.08557128906250E-0002 
 3.53500000000000E+0002 -8.11157226562501E-0003 -2.02209472656250E-0002 
 3.54000000000000E+0002 -6.81762695312499E-0003 -2.01660156250000E-0002 
 3.54500000000000E+0002 -8.34960937500000E-0003 -1.92443847656250E-0002 
 3.55000000000000E+0002 -1.09008789062499E-0002 -1.88537597656250E-0002 
 3.55500000000000E+0002 -1.42883300781249E-0002 -2.14721679687500E-0002 
 3.56000000000000E+0002 -1.88720703125000E-0002 -2.62023925781250E-0002 
 3.56500000000000E+0002 -2.35839843750000E-0002 -3.04748535156250E-0002 
 3.57000000000000E+0002 -2.75085449218750E-0002 -3.31909179687500E-0002 
 3.57500000000000E+0002 -2.96752929687500E-0002 -3.29589843750000E-0002 
 3.58000000000000E+0002 -2.90039062500000E-0002 -2.93640136718750E-0002 
 3.58500000000000E+0002 -2.69409179687500E-0002 -2.42309570312500E-0002 
 3.59000000000000E+0002 -2.49694824218750E-0002 -1.78710937500000E-0002 
 3.59500000000000E+0002 -2.23571777343750E-0002 -1.03332519531250E-0002 
 3.60000000000000E+0002 -1.91833496093750E-0002 -4.54711914062499E-0003 
 3.60500000000000E+0002 -1.89270019531250E-0002 -2.86865234375000E-0003 
 3.61000000000000E+0002 -2.31445312500000E-0002 -4.07714843750000E-0003 
 3.61500000000000E+0002 -3.02307128906250E-0002 -5.96923828124999E-0003 
 3.62000000000000E+0002 -3.68896484375000E-0002 -8.80126953125000E-0003 
 3.62500000000000E+0002 -4.03137207031250E-0002 -1.31652832031250E-0002 
 3.63000000000000E+0002 -4.02526855468750E-0002 -1.87805175781250E-0002 
 3.63500000000000E+0002 -3.71948242187500E-0002 -2.44934082031250E-0002 
 3.64000000000000E+0002 -3.20556640625000E-0002 -2.84851074218750E-0002 
 3.64500000000000E+0002 -2.69348144531250E-0002 -3.05175781250000E-0002 
 3.65000000000000E+0002 -2.28698730468750E-0002 -3.18664550781250E-0002 
 3.65500000000000E+0002 -2.17529296875000E-0002 -3.44055175781250E-0002 
 3.66000000000000E+0002 -2.33093261718750E-0002 -3.63708496093750E-0002 
 3.66500000000000E+0002 -2.63305664062500E-0002 -3.70971679687500E-0002 
 3.67000000000000E+0002 -2.99133300781250E-0002 -3.76098632812500E-0002 
 3.67500000000000E+0002 -3.21166992187500E-0002 -3.76647949218750E-0002 
 3.68000000000000E+0002 -3.30017089843750E-0002 -3.62976074218750E-0002 
 3.68500000000000E+0002 -3.46557617187500E-0002 -3.40515136718750E-0002 
 3.69000000000000E+0002 -3.66638183593750E-0002 -3.12683105468750E-0002 
 3.69500000000000E+0002 -3.59375000000000E-0002 -2.88879394531250E-0002 
 3.70000000000000E+0002 -3.33129882812500E-0002 -2.76062011718750E-0002 
 3.70500000000000E+0002 -3.25744628906250E-0002 -2.78686523437500E-0002 
 3.71000000000000E+0002 -3.45520019531250E-0002 -2.85705566406250E-0002 
 3.71500000000000E+0002 -3.67553710937501E-0002 -2.86560058593750E-0002 
 3.72000000000000E+0002 -3.70727539062500E-0002 -2.72033691406250E-0002 
 3.72500000000000E+0002 -3.60717773437500E-0002 -2.35046386718750E-0002 
 3.73000000000000E+0002 -3.39538574218750E-0002 -1.95922851562500E-0002 
 3.73500000000000E+0002 -3.15673828125000E-0002 -1.69677734375000E-0002 
 3.74000000000000E+0002 -2.92297363281250E-0002 -1.38916015625000E-0002 
 3.74500000000000E+0002 -2.65136718750000E-0002 -1.09985351562499E-0002 
 3.75000000000000E+0002 -2.45483398437500E-0002 -1.15844726562500E-0002 
 3.75500000000000E+0002 -2.44018554687500E-0002 -1.65710449218750E-0002 
 3.76000000000000E+0002 -2.57873535156250E-0002 -2.24121093750000E-0002 
 3.76500000000000E+0002 -2.65991210937500E-0002 -2.61474609375000E-0002 
 3.77000000000000E+0002 -2.65930175781250E-0002 -2.89062500000000E-0002 
 3.77500000000000E+0002 -2.79602050781250E-0002 -3.09509277343750E-0002 
 3.78000000000000E+0002 -3.17565917968750E-0002 -3.11340332031250E-0002 
 3.78500000000000E+0002 -3.65844726562500E-0002 -2.98034667968750E-0002 
 3.79000000000000E+0002 -3.99414062500000E-0002 -2.85461425781250E-0002 
 3.79500000000000E+0002 -4.16320800781250E-0002 -2.80151367187500E-0002 
 3.80000000000000E+0002 -4.12109375000000E-0002 -2.81921386718750E-0002 
 3.80500000000000E+0002 -3.81042480468750E-0002 -2.94250488281250E-0002 
 3.81000000000000E+0002 -3.34655761718750E-0002 -3.00048828125000E-0002 
 3.81500000000000E+0002 -2.90832519531250E-0002 -2.88757324218750E-0002 
 3.82000000000000E+0002 -2.50915527343750E-0002 -2.75329589843750E-0002 
 3.82500000000000E+0002 -2.09045410156250E-0002 -2.71423339843750E-0002 
 3.83000000000000E+0002 -1.81640625000000E-0002 -2.64587402343751E-0002 
 3.83500000000000E+0002 -1.98791503906250E-0002 -2.45178222656250E-0002 
 3.84000000000000E+0002 -2.43835449218750E-0002 -2.13317871093750E-0002 
 3.84500000000000E+0002 -2.75634765625000E-0002 -1.83532714843750E-0002 
 3.85000000000000E+0002 -2.91259765625000E-0002 -1.68640136718750E-0002 
 3.85500000000000E+0002 -3.16894531250000E-0002 -1.64550781250000E-0002 
 3.86000000000000E+0002 -3.34777832031250E-0002 -1.54174804687500E-0002 
 3.86500000000000E+0002 -3.11096191406250E-0002 -1.41113281250000E-0002 
 3.87000000000000E+0002 -2.55981445312500E-0002 -1.49230957031249E-0002 
 3.87500000000000E+0002 -2.14294433593750E-0002 -1.76574707031250E-0002 
 3.88000000000000E+0002 -1.97082519531250E-0002 -1.93176269531250E-0002 
 3.88500000000000E+0002 -1.86279296875000E-0002 -2.12585449218750E-0002 
 3.89000000000000E+0002 -1.86767578125000E-0002 -2.41882324218750E-0002 
 3.89500000000000E+0002 -1.98913574218750E-0002 -2.67761230468750E-0002 
 3.90000000000000E+0002 -2.06604003906250E-0002 -2.83813476562499E-0002 
 3.90500000000000E+0002 -2.01782226562500E-0002 -2.91015625000000E-0002 
 3.91000000000000E+0002 -1.92565917968750E-0002 -2.91503906250000E-0002 
 3.91500000000000E+0002 -1.76574707031250E-0002 -2.95349121093750E-0002 
 3.92000000000000E+0002 -1.47094726562500E-0002 -3.16101074218750E-0002 
 3.92500000000000E+0002 -1.16882324218750E-0002 -3.44421386718750E-0002 
 3.93000000000000E+0002 -9.85107421875001E-0003 -3.60656738281250E-0002 
 3.93500000000000E+0002 -1.00219726562500E-0002 -3.68286132812500E-0002 
 3.94000000000000E+0002 -1.14929199218749E-0002 -3.68530273437500E-0002 
 3.94500000000000E+0002 -1.41052246093750E-0002 -3.65234375000000E-0002 
 3.95000000000000E+0002 -1.85424804687500E-0002 -3.68408203125000E-0002 
 3.95500000000000E+0002 -2.33764648437500E-0002 -3.87390136718750E-0002 
 3.96000000000000E+0002 -2.67517089843750E-0002 -4.02587890625000E-0002 
 3.96500000000000E+0002 -2.82409667968750E-0002 -4.02832031250000E-0002 
 3.97000000000000E+0002 -2.87048339843750E-0002 -4.03808593750000E-0002 
 3.97500000000000E+0002 -2.92724609375000E-0002 -4.05578613281251E-0002 
 3.98000000000000E+0002 -2.84973144531250E-0002 -4.02160644531250E-0002 
 3.98500000000000E+0002 -2.61291503906250E-0002 -3.76770019531249E-0002 
 3.99000000000000E+0002 -2.30529785156250E-0002 -3.25683593749999E-0002 
 3.99500000000000E+0002 -1.97326660156250E-0002 -2.63000488281250E-0002 
