 3.44000000000000E+0000 -6.12500000000000E-0001  6.11132812500000E-0001 
 3.94000000000000E+0000 -6.03613281250000E-0001  7.26074218750001E-0001 
 4.44000000000000E+0000 -6.11083984374999E-0001  8.47558593750000E-0001 
 4.94000000000000E+0000 -6.29296875000000E-0001  9.60839843750000E-0001 
 5.44000000000000E+0000 -6.49560546875000E-0001  1.05146484375000E+0000 
 5.94000000000000E+0000 -6.53515625000001E-0001  1.11162109375000E+0000 
 6.44000000000000E+0000 -6.29833984375001E-0001  1.14282226562500E+0000 
 6.94000000000000E+0000 -5.71337890624999E-0001  1.14824218750000E+0000 
 7.44000000000000E+0000 -4.79394531250000E-0001  1.13217773437500E+0000 
 7.94000000000000E+0000 -3.59814453125000E-0001  1.10327148437500E+0000 
 8.44000000000000E+0000 -2.27343750000000E-0001  1.06621093750000E+0000 
 8.94000000000000E+0000 -9.41406250000001E-0002  1.02597656250000E+0000 
 9.44000000000000E+0000  2.41699218750000E-0002  9.82128906249999E-0001 
 9.94000000000000E+0000  1.20800781250000E-0001  9.41943359374999E-0001 
 1.04400000000000E+0001  1.89355468750000E-0001  9.07470703125000E-0001 
 1.09400000000000E+0001  2.33642578125000E-0001  8.79980468750000E-0001 
 1.14400000000000E+0001  2.61572265625000E-0001  8.60595703125000E-0001 
 1.19400000000000E+0001  2.79150390625000E-0001  8.43115234374999E-0001 
 1.24400000000000E+0001  2.91406250000000E-0001  8.22607421875002E-0001 
 1.29400000000000E+0001  3.04687500000000E-0001  7.94580078124999E-0001 
 1.34400000000000E+0001  3.18554687500000E-0001  7.58251953125000E-0001 
 1.39400000000000E+0001  3.34130859375000E-0001  7.19921874999999E-0001 
 1.44400000000000E+0001  3.50195312500000E-0001  6.78564453125000E-0001 
 1.49400000000000E+0001  3.60888671875000E-0001  6.39648437500000E-0001 
 1.54400000000000E+0001  3.65283203125001E-0001  6.06591796875000E-0001 
 1.59400000000000E+0001  3.65429687500000E-0001  5.81933593750001E-0001 
 1.64400000000000E+0001  3.64599609375000E-0001  5.61767578125000E-0001 
 1.69400000000000E+0001  3.67626953125000E-0001  5.48925781250000E-0001 
 1.74400000000000E+0001  3.81298828125000E-0001  5.41162109375000E-0001 
 1.79400000000000E+0001  4.07812500000000E-0001  5.41210937500000E-0001 
 1.84400000000000E+0001  4.45751953125000E-0001  5.47216796875000E-0001 
 1.89400000000000E+0001  4.86230468750000E-0001  5.54785156250000E-0001 
 1.94400000000000E+0001  5.19091796875001E-0001  5.59375000000001E-0001 
 1.99400000000000E+0001  5.41601562500000E-0001  5.55078125000000E-0001 
 2.04400000000000E+0001  5.47021484375000E-0001  5.32470703125000E-0001 
 2.09400000000000E+0001  5.39404296875000E-0001  4.89599609375000E-0001 
 2.14400000000000E+0001  5.25585937500000E-0001  4.26660156250000E-0001 
 2.19400000000000E+0001  5.17675781250000E-0001  3.51123046875001E-0001 
 2.24400000000000E+0001  5.18896484375000E-0001  2.66748046875000E-0001 
 2.29400000000000E+0001  5.33496093750000E-0001  1.88720703125000E-0001 
 2.34400000000000E+0001  5.54833984375000E-0001  1.22949218749999E-0001 
 2.39400000000000E+0001  5.73437500000000E-0001  7.58789062500000E-0002 
 2.44400000000000E+0001  5.79736328125001E-0001  4.29687499999999E-0002 
 2.49400000000000E+0001  5.65869140625000E-0001  1.89941406250000E-0002 
 2.54400000000000E+0001  5.29589843750000E-0001 -9.76562500000121E-0005 
 2.59400000000000E+0001  4.78808593750000E-0001 -2.29003906250000E-0002 
 2.64400000000000E+0001  4.20703125000000E-0001 -5.09277343749999E-0002 
 2.69400000000000E+0001  3.64648437500000E-0001 -8.15429687499999E-0002 
 2.74400000000000E+0001  3.16503906250000E-0001 -1.07031250000000E-0001 
 2.79400000000000E+0001  2.83007812500000E-0001 -1.22460937499999E-0001 
 2.84400000000000E+0001  2.61035156250000E-0001 -1.27587890625000E-0001 
 2.89400000000000E+0001  2.47705078125000E-0001 -1.22949218750000E-0001 
 2.94400000000000E+0001  2.35156250000000E-0001 -1.11767578125000E-0001 
 2.99400000000000E+0001  2.23583984375000E-0001 -1.00732421875000E-0001 
 3.04400000000000E+0001  2.11279296875000E-0001 -9.74609375000000E-0002 
 3.09400000000000E+0001  1.97216796875000E-0001 -1.03808593749999E-0001 
 3.14400000000000E+0001  1.84082031250000E-0001 -1.17187500000000E-0001 
 3.19400000000000E+0001  1.74755859375000E-0001 -1.36083984375000E-0001 
 3.24400000000000E+0001  1.72802734375000E-0001 -1.52832031250000E-0001 
 3.29400000000000E+0001  1.73291015625000E-0001 -1.64648437500000E-0001 
 3.34400000000000E+0001  1.76171875000000E-0001 -1.66992187500000E-0001 
 3.39400000000000E+0001  1.77148437500000E-0001 -1.57910156250000E-0001 
 3.44400000000000E+0001  1.79150390625000E-0001 -1.45263671875000E-0001 
 3.49400000000000E+0001  1.76269531250000E-0001 -1.30957031250000E-0001 
 3.54400000000000E+0001  1.73876953125000E-0001 -1.18261718750000E-0001 
 3.59400000000000E+0001  1.72998046875000E-0001 -1.08837890624999E-0001 
 3.64400000000000E+0001  1.75390625000000E-0001 -1.09228515624999E-0001 
 3.69400000000000E+0001  1.80273437500000E-0001 -1.12646484375000E-0001 
 3.74400000000000E+0001  1.89404296875000E-0001 -1.17578124999999E-0001 
 3.79400000000000E+0001  2.01367187500000E-0001 -1.22460937500000E-0001 
 3.84400000000000E+0001  2.16259765625000E-0001 -1.26660156250000E-0001 
 3.89400000000000E+0001  2.27636718750000E-0001 -1.28662109375000E-0001 
 3.94400000000000E+0001  2.34375000000000E-0001 -1.27880859375000E-0001 
 3.99400000000000E+0001  2.36572265625000E-0001 -1.26708984375000E-0001 
 4.04400000000000E+0001  2.34570312500000E-0001 -1.25341796875000E-0001 
 4.09400000000000E+0001  2.29199218750000E-0001 -1.26123046875000E-0001 
 4.14400000000000E+0001  2.21826171875000E-0001 -1.26318359375000E-0001 
 4.19400000000000E+0001  2.15234375000000E-0001 -1.27539062500000E-0001 
 4.24400000000000E+0001  2.13183593750000E-0001 -1.29638671875000E-0001 
 4.29400000000000E+0001  2.12744140625000E-0001 -1.32763671875000E-0001 
 4.34400000000000E+0001  2.13964843750000E-0001 -1.35205078125000E-0001 
 4.39400000000000E+0001  2.16308593750000E-0001 -1.35302734375000E-0001 
 4.44400000000000E+0001  2.18701171875000E-0001 -1.36523437500000E-0001 
 4.49400000000000E+0001  2.18017578125000E-0001 -1.37255859375000E-0001 
 4.54400000000000E+0001  2.13916015625000E-0001 -1.36962890625000E-0001 
 4.59400000000000E+0001  2.08496093750000E-0001 -1.38037109375000E-0001 
 4.64400000000000E+0001  2.00585937500000E-0001 -1.38964843750000E-0001 
 4.69400000000000E+0001  1.91455078125000E-0001 -1.41992187500000E-0001 
 4.74400000000000E+0001  1.81542968750000E-0001 -1.42871093750000E-0001 
 4.79400000000000E+0001  1.70605468750000E-0001 -1.41064453125000E-0001 
 4.84400000000000E+0001  1.59667968750000E-0001 -1.35937500000000E-0001 
 4.89400000000000E+0001  1.47656250000000E-0001 -1.28125000000000E-0001 
 4.94400000000000E+0001  1.33593750000000E-0001 -1.17675781250000E-0001 
 4.99400000000000E+0001  1.20605468750000E-0001 -1.04736328125000E-0001 
 5.04400000000000E+0001  1.06396484375000E-0001 -9.42382812500000E-0002 
 5.09400000000000E+0001  9.22851562499999E-0002 -8.66210937500000E-0002 
 5.14400000000000E+0001  8.19824218749999E-0002 -8.12011718749999E-0002 
 5.19400000000000E+0001  7.29492187500001E-0002 -7.50000000000000E-0002 
 5.24400000000000E+0001  6.55761718750000E-0002 -7.21679687500000E-0002 
 5.29400000000000E+0001  6.21093750000000E-0002 -6.96777343749999E-0002 
 5.34400000000000E+0001  6.01074218750000E-0002 -6.62597656249999E-0002 
 5.39400000000000E+0001  5.80566406249999E-0002 -6.23535156250000E-0002 
 5.44400000000000E+0001  5.58593750000000E-0002 -6.04003906250000E-0002 
 5.49400000000000E+0001  5.15625000000000E-0002 -5.83496093750000E-0002 
 5.54400000000000E+0001  4.57031250000000E-0002 -5.85937500000000E-0002 
 5.59400000000000E+0001  3.98437500000000E-0002 -5.78613281250001E-0002 
 5.64400000000000E+0001  3.51074218750000E-0002 -6.02050781250000E-0002 
 5.69400000000000E+0001  2.94433593750000E-0002 -6.24511718750000E-0002 
 5.74400000000000E+0001  2.63183593750000E-0002 -6.38671875000000E-0002 
 5.79400000000000E+0001  2.42675781250000E-0002 -6.25976562500000E-0002 
 5.84400000000000E+0001  2.43652343750000E-0002 -6.07910156250001E-0002 
 5.89400000000000E+0001  2.29003906250000E-0002 -5.92773437500000E-0002 
 5.94400000000000E+0001  1.91894531250000E-0002 -5.60546875000000E-0002 
 5.99400000000000E+0001  1.55761718750000E-0002 -5.45410156250000E-0002 
 6.04400000000000E+0001  8.98437500000000E-0003 -5.59570312499999E-0002 
 6.09400000000000E+0001  8.30078124999999E-0004 -5.75683593750001E-0002 
 6.14400000000000E+0001 -7.61718749999999E-0003 -5.97656250000000E-0002 
 6.19400000000000E+0001 -1.58203125000000E-0002 -6.16699218750000E-0002 
 6.24400000000000E+0001 -2.41210937500000E-0002 -6.23046875000001E-0002 
 6.29400000000000E+0001 -3.20312500000000E-0002 -6.10351562500000E-0002 
 6.34400000000000E+0001 -4.03808593750000E-0002 -5.71289062500000E-0002 
 6.39400000000000E+0001 -4.89746093750000E-0002 -5.20996093750000E-0002 
 6.44400000000000E+0001 -5.71289062500001E-0002 -4.76562500000000E-0002 
 6.49400000000000E+0001 -6.82617187499999E-0002 -4.43359375000001E-0002 
 6.54400000000000E+0001 -7.97363281250000E-0002 -4.09179687500000E-0002 
 6.59400000000000E+0001 -9.17480468750000E-0002 -4.07714843750000E-0002 
 6.64400000000000E+0001 -1.01611328125000E-0001 -4.18457031250000E-0002 
 6.69400000000000E+0001 -1.08886718750000E-0001 -4.24804687500000E-0002 
 6.74400000000000E+0001 -1.14941406250000E-0001 -4.45800781250001E-0002 
 6.79400000000000E+0001 -1.18798828124999E-0001 -4.34082031250000E-0002 
 6.84400000000000E+0001 -1.21142578124999E-0001 -4.05761718750000E-0002 
 6.89400000000000E+0001 -1.22558593750000E-0001 -3.54492187500000E-0002 
 6.94400000000000E+0001 -1.22412109375000E-0001 -2.86621093750000E-0002 
 6.99400000000000E+0001 -1.20947265625000E-0001 -1.98730468750000E-0002 
 7.04400000000000E+0001 -1.18359375000000E-0001 -1.29394531250000E-0002 
 7.09400000000000E+0001 -1.13964843750000E-0001 -6.49414062500001E-0003 
 7.14400000000000E+0001 -1.08691406250000E-0001 -2.14843750000001E-0003 
 7.19400000000000E+0001 -1.00292968750000E-0001  1.31835937500000E-0003 
 7.24400000000000E+0001 -8.99902343749999E-0002  4.05273437500000E-0003 
 7.29400000000000E+0001 -7.91015625000000E-0002  6.00585937499999E-0003 
 7.34400000000000E+0001 -6.81640625000000E-0002  7.61718749999998E-0003 
 7.39400000000000E+0001 -5.70800781250000E-0002  9.52148437500000E-0003 
 7.44400000000000E+0001 -4.61425781250000E-0002  1.24999999999999E-0002 
 7.49400000000000E+0001 -3.75000000000000E-0002  1.43554687500000E-0002 
 7.54400000000000E+0001 -3.04687500000000E-0002  1.41113281249999E-0002 
 7.59400000000000E+0001 -2.35351562500000E-0002  1.40136718749999E-0002 
 7.64400000000000E+0001 -1.69921875000000E-0002  1.13281249999999E-0002 
 7.69400000000000E+0001 -9.32617187499998E-0003  7.91015624999999E-0003 
 7.74400000000000E+0001 -2.88085937500000E-0003  4.93164062499999E-0003 
 7.79400000000000E+0001  5.41992187500000E-0003  7.32421875000009E-0004 
 7.84400000000000E+0001  1.23046875000000E-0002 -4.29687499999997E-0003 
 7.89400000000000E+0001  1.94824218750000E-0002 -9.32617187500000E-0003 
 7.94400000000000E+0001  2.41699218750000E-0002 -1.32324218749999E-0002 
 7.99400000000000E+0001  2.94433593750000E-0002 -1.64062500000000E-0002 
 8.04400000000000E+0001  3.22265625000001E-0002 -1.94335937500000E-0002 
 8.09400000000000E+0001  3.47656250000000E-0002 -2.13378906250000E-0002 
 8.14400000000000E+0001  3.42285156250000E-0002 -2.11914062500000E-0002 
 8.19400000000000E+0001  3.44238281250000E-0002 -1.87500000000000E-0002 
 8.24400000000000E+0001  3.43750000000000E-0002 -1.55761718750000E-0002 
 8.29400000000000E+0001  3.32031250000000E-0002 -9.37500000000000E-0003 
 8.34400000000000E+0001  3.29589843750000E-0002 -3.07617187500001E-0003 
 8.39400000000000E+0001  3.36914062500000E-0002  3.17382812499999E-0003 
 8.44400000000000E+0001  3.44726562500000E-0002  1.05468750000000E-0002 
 8.49400000000000E+0001  3.50585937500001E-0002  1.59667968750000E-0002 
 8.54400000000000E+0001  3.40820312500000E-0002  1.99707031250000E-0002 
 8.59400000000000E+0001  3.38867187500000E-0002  2.34863281250000E-0002 
 8.64400000000000E+0001  3.21777343750000E-0002  2.62695312500000E-0002 
 8.69400000000000E+0001  2.94433593750000E-0002  2.91015625000000E-0002 
 8.74400000000000E+0001  2.50976562500000E-0002  3.25683593750000E-0002 
 8.79400000000000E+0001  2.20214843750000E-0002  3.84765625000000E-0002 
 8.84400000000000E+0001  1.87500000000000E-0002  4.42382812500000E-0002 
 8.89400000000000E+0001  1.51367187500000E-0002  4.91210937499999E-0002 
 8.94400000000000E+0001  1.11328125000000E-0002  5.36621093750000E-0002 
 8.99400000000000E+0001  7.47070312499999E-0003  5.59082031250000E-0002 
 9.04400000000000E+0001  1.61132812500002E-0003  5.47851562500000E-0002 
 9.09400000000000E+0001 -4.93164062499999E-0003  5.09765625000000E-0002 
 9.14400000000000E+0001 -1.24511718749999E-0002  4.55566406250000E-0002 
 9.19400000000000E+0001 -2.08007812500000E-0002  3.92089843750000E-0002 
 9.24400000000000E+0001 -2.71484375000000E-0002  3.36914062500000E-0002 
 9.29400000000000E+0001 -3.38378906250000E-0002  2.73925781250000E-0002 
 9.34400000000000E+0001 -3.93066406250000E-0002  2.37304687500000E-0002 
 9.39400000000000E+0001 -4.38476562500000E-0002  2.04101562500000E-0002 
 9.44400000000000E+0001 -4.67285156250000E-0002  1.85546875000000E-0002 
 9.49400000000000E+0001 -4.91699218750001E-0002  1.45996093749999E-0002 
 9.54400000000000E+0001 -5.25390625000000E-0002  1.23046875000000E-0002 
 9.59400000000000E+0001 -5.45410156250001E-0002  7.86132812500000E-0003 
 9.64400000000000E+0001 -5.52734374999999E-0002  1.85546875000001E-0003 
 9.69400000000000E+0001 -5.64453125000001E-0002 -5.27343749999999E-0003 
 9.74400000000000E+0001 -5.72753906250001E-0002 -1.47460937500000E-0002 
 9.79400000000000E+0001 -5.52734374999999E-0002 -2.30957031250000E-0002 
 9.84400000000000E+0001 -5.38574218750000E-0002 -3.24707031250000E-0002 
 9.89400000000000E+0001 -5.06835937500000E-0002 -3.89648437500001E-0002 
 9.94400000000000E+0001 -4.76562500000000E-0002 -4.31152343750001E-0002 
 9.99400000000000E+0001 -4.25292968750001E-0002 -4.40429687500000E-0002 
 1.00440000000000E+0002 -3.76464843750000E-0002 -4.49707031250000E-0002 
 1.00940000000000E+0002 -3.08105468750000E-0002 -4.47753906250000E-0002 
 1.01440000000000E+0002 -2.36816406250000E-0002 -4.33593750000000E-0002 
 1.01940000000000E+0002 -1.66015625000000E-0002 -4.14550781249999E-0002 
 1.02440000000000E+0002 -8.88671875000000E-0003 -4.04296874999999E-0002 
 1.02940000000000E+0002 -6.83593750000027E-0004 -4.13085937500000E-0002 
 1.03440000000000E+0002  8.25195312500001E-0003 -4.11621093750000E-0002 
 1.03940000000000E+0002  1.67480468750000E-0002 -4.08203124999999E-0002 
 1.04440000000000E+0002  2.61230468750000E-0002 -3.94531250000000E-0002 
 1.04940000000000E+0002  3.48632812500000E-0002 -3.91601562500000E-0002 
 1.05440000000000E+0002  4.23828125000000E-0002 -3.82324218750000E-0002 
 1.05940000000000E+0002  5.10742187499999E-0002 -3.66699218750001E-0002 
 1.06440000000000E+0002  5.74707031250000E-0002 -3.39843750000000E-0002 
 1.06940000000000E+0002  6.14746093750000E-0002 -3.42773437500000E-0002 
 1.07440000000000E+0002  6.41113281250000E-0002 -3.31054687500000E-0002 
 1.07940000000000E+0002  6.65039062500000E-0002 -3.10546875000000E-0002 
 1.08440000000000E+0002  6.64062500000000E-0002 -3.23242187500000E-0002 
 1.08940000000000E+0002  6.85058593750000E-0002 -3.07617187500000E-0002 
 1.09440000000000E+0002  7.05078125000000E-0002 -3.14941406250000E-0002 
 1.09940000000000E+0002  7.08496093750000E-0002 -3.13964843750000E-0002 
 1.10440000000000E+0002  7.41699218750000E-0002 -3.03710937499999E-0002 
 1.10940000000000E+0002  7.56835937500000E-0002 -2.89550781250000E-0002 
 1.11440000000000E+0002  7.64160156249999E-0002 -2.56347656250000E-0002 
 1.11940000000000E+0002  7.59765625000000E-0002 -2.32910156250000E-0002 
 1.12440000000000E+0002  7.42187500000000E-0002 -2.06054687500000E-0002 
 1.12940000000000E+0002  7.04589843750000E-0002 -1.79687499999999E-0002 
