 0.00000000000000E+0000  1.00781250000000E+0001  1.99167887369792E+0000 
 5.00000000000000E-0001  9.78851318359375E+0000  2.28515625000000E+0000 
 1.00000000000000E+0000  7.44435628255208E+0000  2.58951822916667E+0000 
 1.50000000000000E+0000  4.58801269531250E+0000  2.59409586588542E+0000 
 2.00000000000000E+0000  3.17474365234375E+0000  2.00388590494792E+0000 
 2.50000000000000E+0000  2.42970784505208E+0000  1.06984456380208E+0000 
 3.00000000000000E+0000  1.81549072265625E+0000  3.07210286458333E-0002 
 3.50000000000000E+0000  1.29699707031250E+0000 -1.17360432942708E+0000 
 4.00000000000000E+0000  8.57645670572917E-0001 -2.57395426432292E+0000 
 4.50000000000000E+0000  5.49112955729167E-0001 -3.76892089843750E+0000 
 5.00000000000000E+0000  4.56441243489583E-0001 -4.31203206380208E+0000 
 5.50000000000000E+0000  4.12089029947917E-0001 -4.14438883463542E+0000 
 6.00000000000000E+0000  2.35188802083333E-0001 -3.35744222005208E+0000 
 6.50000000000000E+0000 -5.49316406249998E-0003 -2.14548746744792E+0000 
 7.00000000000000E+0000 -2.91849772135417E-0001 -8.43709309895833E-0001 
 7.50000000000000E+0000 -6.58365885416667E-0001  2.71301269531250E-0001 
 8.00000000000000E+0000 -9.67814127604167E-0001  1.02223714192708E+0000 
 8.50000000000000E+0000 -1.06750488281250E+0000  1.29913330078125E+0000 
 9.00000000000000E+0000 -9.91516113281250E-0001  1.16221110026042E+0000 
 9.50000000000000E+0000 -8.04748535156250E-0001  8.47473144531250E-0001 
 1.00000000000000E+0001 -5.16255696614583E-0001  5.05269368489583E-0001 
 1.05000000000000E+0001 -2.29288736979167E-0001  1.55232747395833E-0001 
 1.10000000000000E+0001 -4.00797526041667E-0002 -1.58996582031250E-0001 
 1.15000000000000E+0001  1.13627115885416E-0001 -4.33858235677083E-0001 
 1.20000000000000E+0001  3.10668945312500E-0001 -7.28352864583333E-0001 
 1.25000000000000E+0001  5.21341959635417E-0001 -1.06201171875000E+0000 
 1.30000000000000E+0001  6.52974446614583E-0001 -1.32853190104167E+0000 
 1.35000000000000E+0001  6.92342122395833E-0001 -1.38773600260417E+0000 
 1.40000000000000E+0001  6.30086263020833E-0001 -1.22497558593750E+0000 
 1.45000000000000E+0001  4.34977213541667E-0001 -8.51033528645833E-0001 
 1.50000000000000E+0001  1.48722330729167E-0001 -3.17789713541667E-0001 
 1.55000000000000E+0001 -1.56656901041667E-0001  2.35697428385417E-0001 
 1.60000000000000E+0001 -3.85640462239583E-0001  6.73014322916667E-0001 
 1.65000000000000E+0001 -4.00492350260417E-0001  9.49707031250000E-0001 
 1.70000000000000E+0001 -9.60286458333334E-0002  1.07401529947917E+0000 
 1.75000000000000E+0001  4.61222330729167E-0001  1.01908365885417E+0000 
 1.80000000000000E+0001  1.07238769531250E+0000  8.09020996093750E-0001 
 1.85000000000000E+0001  1.63269042968750E+0000  5.40771484375000E-0001 
 1.90000000000000E+0001  2.09615071614583E+0000  2.30305989583333E-0001 
 1.95000000000000E+0001  2.35422770182292E+0000 -1.28377278645833E-0001 
 2.00000000000000E+0001  2.40122477213542E+0000 -4.80041503906250E-0001 
 2.05000000000000E+0001  2.32971191406250E+0000 -8.13395182291667E-0001 
 2.10000000000000E+0001  2.14914957682292E+0000 -1.09456380208333E+0000 
 2.15000000000000E+0001  1.86391194661458E+0000 -1.24379475911458E+0000 
 2.20000000000000E+0001  1.54785156250000E+0000 -1.24766031901042E+0000 
 2.25000000000000E+0001  1.20340983072917E+0000 -1.13922119140625E+0000 
 2.30000000000000E+0001  7.07906087239583E-0001 -9.29972330729167E-0001 
 2.35000000000000E+0001  9.86735026041666E-0003 -6.12894694010417E-0001 
 2.40000000000000E+0001 -7.46968587239583E-0001 -2.13623046875000E-0001 
 2.45000000000000E+0001 -1.43442789713542E+0000  1.98465983072917E-0001 
 2.50000000000000E+0001 -2.04111735026042E+0000  5.94278971354166E-0001 
 2.55000000000000E+0001 -2.45605468750000E+0000  9.76257324218750E-0001 
 2.60000000000000E+0001 -2.52726236979167E+0000  1.29801432291667E+0000 
 2.65000000000000E+0001 -2.28068033854167E+0000  1.52648925781250E+0000 
 2.70000000000000E+0001 -1.82881673177083E+0000  1.66605631510417E+0000 
 2.75000000000000E+0001 -1.22894287109375E+0000  1.71040852864583E+0000 
 2.80000000000000E+0001 -5.62845865885417E-0001  1.65710449218750E+0000 
 2.85000000000000E+0001  2.61433919270833E-0002  1.49220784505208E+0000 
 2.90000000000000E+0001  4.58882649739583E-0001  1.21765136718750E+0000 
 2.95000000000000E+0001  7.73010253906250E-0001  8.74023437500000E-0001 
 3.00000000000000E+0001  9.82462565104166E-0001  4.68343098958333E-0001 
 3.05000000000000E+0001  1.01715087890625E+0000  6.20524088541665E-0003 
 3.10000000000000E+0001  8.94266764322917E-0001 -4.45963541666667E-0001 
 3.15000000000000E+0001  7.23978678385417E-0001 -8.27433268229167E-0001 
 3.20000000000000E+0001  5.06388346354167E-0001 -1.13484700520833E+0000 
 3.25000000000000E+0001  2.13114420572917E-0001 -1.34256998697917E+0000 
 3.30000000000000E+0001 -8.20922851562500E-0002 -1.42496744791667E+0000 
 3.35000000000000E+0001 -3.04056803385417E-0001 -1.39963785807292E+0000 
 3.40000000000000E+0001 -4.75972493489583E-0001 -1.31540934244792E+0000 
 3.45000000000000E+0001 -6.42395019531250E-0001 -1.18855794270833E+0000 
 3.50000000000000E+0001 -7.45544433593750E-0001 -9.81750488281250E-0001 
 3.55000000000000E+0001 -7.27844238281250E-0001 -6.96004231770833E-0001 
 3.60000000000000E+0001 -6.41886393229167E-0001 -3.63260904947917E-0001 
 3.65000000000000E+0001 -5.35685221354167E-0001  9.05354817708336E-0003 
 3.70000000000000E+0001 -3.75061035156250E-0001  4.12495930989583E-0001 
 3.75000000000000E+0001 -1.43941243489583E-0001  7.54089355468750E-0001 
 3.80000000000000E+0001  8.58561197916667E-0002  9.43298339843750E-0001 
 3.85000000000000E+0001  2.56144205729167E-0001  9.78698730468750E-0001 
 3.90000000000000E+0001  3.88488769531250E-0001  9.05049641927083E-0001 
 3.95000000000000E+0001  5.20121256510417E-0001  7.64668782552083E-0001 
 4.00000000000000E+0001  6.48091634114583E-0001  5.92244466145833E-0001 
 4.05000000000000E+0001  7.52563476562500E-0001  4.18192545572917E-0001 
 4.10000000000000E+0001  8.14717610677083E-0001  2.39664713541667E-0001 
 4.15000000000000E+0001  8.30688476562500E-0001  5.55419921875000E-0002 
 4.20000000000000E+0001  8.10852050781250E-0001 -1.12813313802083E-0001 
 4.25000000000000E+0001  7.60294596354166E-0001 -2.50549316406250E-0001 
 4.30000000000000E+0001  6.61112467447917E-0001 -3.48917643229167E-0001 
 4.35000000000000E+0001  4.79838053385417E-0001 -3.79028320312500E-0001 
 4.40000000000000E+0001  2.47090657552083E-0001 -3.12398274739583E-0001 
 4.45000000000000E+0001  1.16984049479166E-0002 -1.69982910156250E-0001 
 4.50000000000000E+0001 -2.02534993489583E-0001 -6.10351562499974E-0004 
 4.55000000000000E+0001 -3.71398925781250E-0001  1.22172037760416E-0001 
 4.60000000000000E+0001 -4.86551920572916E-0001  1.39973958333333E-0001 
 4.65000000000000E+0001 -5.19002278645833E-0001  9.79614257812500E-0002 
 4.70000000000000E+0001 -4.53999837239583E-0001  6.47989908854167E-0002 
 4.75000000000000E+0001 -3.25520833333333E-0001  3.11279296875000E-0002 
 4.80000000000000E+0001 -1.81986490885417E-0001 -2.82796223958333E-0002 
 4.85000000000000E+0001 -7.50732421875000E-0002 -5.91023763020834E-0002 
 4.90000000000000E+0001 -1.72932942708333E-0003  4.78108723958334E-0003 
 4.95000000000000E+0001  5.64575195312500E-0002  9.51131184895833E-0002 
 5.00000000000000E+0001  5.38126627604166E-0002  1.19527180989583E-0001 
 5.05000000000000E+0001 -1.35294596354166E-0002  1.34887695312500E-0001 
 5.10000000000000E+0001 -4.24194335937500E-0002  1.72526041666667E-0001 
 5.15000000000000E+0001  2.55330403645833E-0002  1.67846679687500E-0001 
 5.20000000000000E+0001  1.43127441406250E-0001  8.94165039062500E-0002 
 5.25000000000000E+0001  2.32543945312500E-0001  1.04777018229166E-0002 
 5.30000000000000E+0001  3.14534505208333E-0001  3.76383463541666E-0003 
 5.35000000000000E+0001  4.29890950520833E-0001  1.63777669270834E-0002 
 5.40000000000000E+0001  5.05777994791667E-0001  3.21451822916667E-0002 
 5.45000000000000E+0001  5.16967773437500E-0001  8.82975260416667E-0002 
 5.50000000000000E+0001  5.06693522135417E-0001  1.39973958333333E-0001 
 5.55000000000000E+0001  5.06591796875000E-0001  1.02335611979166E-0001 
 5.60000000000000E+0001  4.95808919270833E-0001 -4.48608398437500E-0002 
 5.65000000000000E+0001  4.25618489583333E-0001 -2.26643880208333E-0001 
 5.70000000000000E+0001  3.05175781250000E-0001 -3.92150878906250E-0001 
 5.75000000000000E+0001  1.63879394531250E-0001 -5.09847005208333E-0001 
 5.80000000000000E+0001  1.83105468750000E-0002 -5.19816080729167E-0001 
 5.85000000000000E+0001 -1.13830566406250E-0001 -4.14225260416667E-0001 
 5.90000000000000E+0001 -2.39562988281250E-0001 -2.39054361979167E-0001 
 5.95000000000000E+0001 -3.41491699218750E-0001 -4.11987304687500E-0002 
 6.00000000000000E+0001 -3.97542317708333E-0001  1.10982259114583E-0001 
 6.05000000000000E+0001 -4.11682128906250E-0001  1.85343424479167E-0001 
 6.10000000000000E+0001 -3.78417968750000E-0001  2.06502278645833E-0001 
 6.15000000000000E+0001 -3.01513671875000E-0001  2.27559407552083E-0001 
 6.20000000000000E+0001 -1.91040039062500E-0001  2.49735514322917E-0001 
 6.25000000000000E+0001 -7.28352864583333E-0002  2.55432128906250E-0001 
 6.30000000000000E+0001  1.93277994791667E-0002  2.71402994791667E-0001 
 6.35000000000000E+0001  7.92439778645834E-0002  3.01208496093750E-0001 
 6.40000000000000E+0001  1.48518880208333E-0001  3.06498209635417E-0001 
 6.45000000000000E+0001  2.59297688802083E-0001  2.66825358072917E-0001 
 6.50000000000000E+0001  3.88285319010417E-0001  2.01416015625000E-0001 
 6.55000000000000E+0001  5.01708984375000E-0001  1.36820475260417E-0001 
 6.60000000000000E+0001  6.04349772135417E-0001  9.03320312500000E-0002 
 6.65000000000000E+0001  7.02921549479167E-0001  4.56746419270833E-0002 
 6.70000000000000E+0001  7.45849609375000E-0001 -3.76383463541666E-0002 
 6.75000000000000E+0001  6.97123209635417E-0001 -1.61234537760417E-0001 
 6.80000000000000E+0001  6.25406901041667E-0001 -2.82694498697917E-0001 
 6.85000000000000E+0001  5.86853027343750E-0001 -3.69364420572917E-0001 
 6.90000000000000E+0001  5.56945800781250E-0001 -4.30908203125000E-0001 
 6.95000000000000E+0001  4.69156901041667E-0001 -4.52677408854167E-0001 
 7.00000000000000E+0001  3.36710611979167E-0001 -3.77807617187500E-0001 
 7.05000000000000E+0001  2.22066243489583E-0001 -2.33662923177083E-0001 
 7.10000000000000E+0001  1.18713378906250E-0001 -1.09049479166666E-0001 
 7.15000000000000E+0001 -4.88281250000001E-0003 -6.34765625000000E-0002 
 7.20000000000000E+0001 -1.26953125000000E-0001 -5.55419921875000E-0002 
 7.25000000000000E+0001 -1.72932942708333E-0001 -1.89208984375000E-0002 
 7.30000000000000E+0001 -1.27461751302083E-0001  2.68554687500000E-0002 
 7.35000000000000E+0001 -5.55419921875000E-0002  6.03230794270833E-0002 
 7.40000000000000E+0001  2.57364908854167E-0002  1.17492675781250E-0001 
 7.45000000000000E+0001  1.26749674479167E-0001  2.28780110677083E-0001 
 7.50000000000000E+0001  2.58890787760417E-0001  3.59395345052083E-0001 
 7.55000000000000E+0001  4.02832031250000E-0001  4.23889160156250E-0001 
 7.60000000000000E+0001  5.01403808593750E-0001  4.18599446614583E-0001 
 7.65000000000000E+0001  5.28767903645833E-0001  4.06188964843750E-0001 
 7.70000000000000E+0001  5.29276529947917E-0001  3.87674967447917E-0001 
 7.75000000000000E+0001  5.40974934895833E-0001  3.24605305989583E-0001 
 7.80000000000000E+0001  5.27750651041667E-0001  2.31526692708333E-0001 
 7.85000000000000E+0001  4.53287760416667E-0001  1.53299967447917E-0001 
 7.90000000000000E+0001  3.59090169270833E-0001  1.03963216145833E-0001 
 7.95000000000000E+0001  2.93782552083333E-0001  5.61523437499999E-0002 
 8.00000000000000E+0001  2.32747395833333E-0001 -8.23974609375003E-0003 
 8.05000000000000E+0001  1.33260091145833E-0001 -6.78507486979167E-0002 
 8.10000000000000E+0001  3.41796875000000E-0002 -1.08337402343749E-0001 
 8.15000000000000E+0001  1.00708007812500E-0002 -1.51672363281250E-0001 
 8.20000000000000E+0001  4.35384114583334E-0002 -2.29695638020833E-0001 
 8.25000000000000E+0001  6.82576497395833E-0002 -3.22672526041667E-0001 
 8.30000000000000E+0001  6.52058919270833E-0002 -3.61226399739583E-0001 
 8.35000000000000E+0001  5.40161132812500E-0002 -3.33658854166667E-0001 
 8.40000000000000E+0001  4.45556640625000E-0002 -2.87272135416667E-0001 
 8.45000000000000E+0001  2.79744466145834E-0002 -2.32340494791667E-0001 
 8.50000000000000E+0001  6.51041666666664E-0003 -1.46586100260417E-0001 
 8.55000000000000E+0001 -1.88191731770833E-0002 -4.58780924479167E-0002 
 8.60000000000000E+0001 -6.50024414062500E-0002  4.23177083333333E-0002 
 8.65000000000000E+0001 -1.08133951822916E-0001  1.34073893229167E-0001 
 8.70000000000000E+0001 -1.22172037760416E-0001  2.27457682291667E-0001 
 8.75000000000000E+0001 -1.27665201822917E-0001  2.94189453125000E-0001 
 8.80000000000000E+0001 -1.03352864583333E-0001  3.19213867187500E-0001 
 8.85000000000000E+0001 -4.37418619791667E-0003  2.79337565104167E-0001 
 8.90000000000000E+0001  1.41499837239583E-0001  1.67134602864583E-0001 
 8.95000000000000E+0001  2.52888997395833E-0001  1.95312500000000E-0002 
 9.00000000000000E+0001  2.83813476562500E-0001 -1.03047688802083E-0001 
 9.05000000000000E+0001  2.58178710937500E-0001 -1.64286295572917E-0001 
 9.10000000000000E+0001  1.98059082031250E-0001 -1.78019205729167E-0001 
 9.15000000000000E+0001  1.05489095052083E-0001 -1.54825846354167E-0001 
 9.20000000000000E+0001  1.06811523437499E-0002 -9.49096679687500E-0002 
 9.25000000000000E+0001 -4.56746419270833E-0002 -1.95312500000000E-0002 
 9.30000000000000E+0001 -6.04248046875001E-0002  3.34676106770834E-0002 
 9.35000000000000E+0001 -5.31005859375000E-0002  6.24593098958333E-0002 
 9.40000000000000E+0001 -4.29280598958333E-0002  8.51440429687500E-0002 
 9.45000000000000E+0001 -4.74039713541667E-0002  1.02844238281250E-0001 
 9.50000000000000E+0001 -5.22867838541667E-0002  1.22172037760416E-0001 
 9.55000000000000E+0001 -5.68644205729167E-0002  1.63675944010417E-0001 
 9.60000000000000E+0001 -7.29370117187500E-0002  2.36002604166667E-0001 
 9.65000000000000E+0001 -7.72094726562500E-0002  3.34370930989583E-0001 
 9.70000000000000E+0001 -5.15747070312500E-0002  4.38537597656250E-0001 
 9.75000000000000E+0001 -3.86555989583333E-0002  5.15340169270833E-0001 
 9.80000000000000E+0001 -7.11059570312500E-0002  5.20935058593750E-0001 
 9.85000000000000E+0001 -9.87752278645834E-0002  4.48303222656250E-0001 
 9.90000000000000E+0001 -9.07389322916666E-0002  3.35184733072917E-0001 
 9.95000000000000E+0001 -8.69750976562500E-0002  2.06807454427083E-0001 
