 0.00000000000000E+0000  1.90829467773438E+0000  5.99853515625000E-0001 
 5.00000000000000E-0001  1.61108398437500E+0000  5.45104980468750E-0001 
 1.00000000000000E+0000  1.01358032226563E+0000  4.53704833984375E-0001 
 1.50000000000000E+0000  3.96911621093750E-0001  1.60156250000000E-0001 
 2.00000000000000E+0000 -2.75268554687500E-0002 -5.41137695312500E-0001 
 2.50000000000000E+0000 -1.54296875000000E-0001 -1.44238281250000E+0000 
 3.00000000000000E+0000  1.42486572265625E-0001 -2.12310791015625E+0000 
 3.50000000000000E+0000  5.95336914062500E-0001 -2.51647949218750E+0000 
 4.00000000000000E+0000  8.34564208984375E-0001 -2.57971191406250E+0000 
 4.50000000000000E+0000  8.58825683593750E-0001 -2.25354003906250E+0000 
 5.00000000000000E+0000  6.46057128906250E-0001 -1.66094970703125E+0000 
 5.50000000000000E+0000  1.35864257812500E-0001 -9.32617187500000E-0001 
 6.00000000000000E+0000 -4.70428466796875E-0001 -2.12890625000000E-0001 
 6.50000000000000E+0000 -9.08447265625000E-0001  2.74902343750000E-0001 
 7.00000000000000E+0000 -1.18246459960938E+0000  3.73321533203125E-0001 
 7.50000000000000E+0000 -1.38394165039063E+0000  1.89147949218750E-0001 
 8.00000000000000E+0000 -1.41354370117188E+0000 -9.29565429687500E-0002 
 8.50000000000000E+0000 -1.27282714843750E+0000 -4.22302246093750E-0001 
 9.00000000000000E+0000 -1.08303833007813E+0000 -6.77001953125000E-0001 
 9.50000000000000E+0000 -7.77313232421875E-0001 -7.15820312500000E-0001 
 1.00000000000000E+0001 -2.49786376953125E-0001 -5.29907226562500E-0001 
 1.05000000000000E+0001  3.93951416015625E-0001 -1.72851562500000E-0001 
 1.10000000000000E+0001  9.73968505859375E-0001  3.08502197265625E-0001 
 1.15000000000000E+0001  1.44992065429688E+0000  7.87658691406250E-0001 
 1.20000000000000E+0001  1.71276855468750E+0000  1.10336303710938E+0000 
 1.25000000000000E+0001  1.61209106445313E+0000  1.21701049804688E+0000 
 1.30000000000000E+0001  1.23056030273438E+0000  1.16116333007813E+0000 
 1.35000000000000E+0001  8.30444335937500E-0001  9.57672119140625E-0001 
 1.40000000000000E+0001  5.42083740234375E-0001  6.43676757812500E-0001 
 1.45000000000000E+0001  3.71978759765625E-0001  3.33618164062500E-0001 
 1.50000000000000E+0001  4.38507080078125E-0001  1.21246337890625E-0001 
 1.55000000000000E+0001  7.56469726562500E-0001  3.05175781250000E-0005 
 1.60000000000000E+0001  1.08001708984375E+0000 -4.23583984375000E-0002 
 1.65000000000000E+0001  1.22286987304688E+0000 -2.22778320312500E-0002 
 1.70000000000000E+0001  1.20727539062500E+0000  1.45263671875000E-0002 
 1.75000000000000E+0001  1.11355590820313E+0000  2.40478515625000E-0002 
 1.80000000000000E+0001  9.89440917968750E-0001 -6.34460449218750E-0002 
 1.85000000000000E+0001  9.06799316406250E-0001 -2.84057617187500E-0001 
 1.90000000000000E+0001  9.20410156250000E-0001 -5.45196533203125E-0001 
 1.95000000000000E+0001  9.91851806640625E-0001 -7.27386474609375E-0001 
 2.00000000000000E+0001  1.04101562500000E+0000 -8.15368652343750E-0001 
 2.05000000000000E+0001  9.99572753906250E-0001 -7.99560546875000E-0001 
 2.10000000000000E+0001  7.85583496093750E-0001 -5.98236083984375E-0001 
 2.15000000000000E+0001  3.77380371093750E-0001 -2.03308105468750E-0001 
 2.20000000000000E+0001 -1.22406005859375E-0001  2.38006591796875E-0001 
 2.25000000000000E+0001 -5.90362548828125E-0001  5.97167968750000E-0001 
 2.30000000000000E+0001 -9.70489501953125E-0001  8.37249755859375E-0001 
 2.35000000000000E+0001 -1.22409057617188E+0000  9.36614990234375E-0001 
 2.40000000000000E+0001 -1.28826904296875E+0000  9.05151367187500E-0001 
 2.45000000000000E+0001 -1.15197753906250E+0000  8.27728271484375E-0001 
 2.50000000000000E+0001 -8.69323730468750E-0001  7.93640136718750E-0001 
 2.55000000000000E+0001 -4.97802734375000E-0001  7.83447265625000E-0001 
 2.60000000000000E+0001 -1.08489990234375E-0001  7.78839111328125E-0001 
 2.65000000000000E+0001  2.36389160156250E-0001  7.87475585937500E-0001 
 2.70000000000000E+0001  4.73785400390625E-0001  7.32818603515625E-0001 
 2.75000000000000E+0001  5.64086914062500E-0001  5.55725097656250E-0001 
 2.80000000000000E+0001  5.36987304687500E-0001  2.82623291015625E-0001 
 2.85000000000000E+0001  4.25659179687500E-0001 -2.44445800781250E-0002 
 2.90000000000000E+0001  2.73193359375000E-0001 -3.10729980468750E-0001 
 2.95000000000000E+0001  1.31988525390625E-0001 -5.31707763671875E-0001 
 3.00000000000000E+0001  1.96533203125000E-0002 -6.41967773437500E-0001 
 3.05000000000000E+0001 -7.29675292968750E-0002 -6.60369873046875E-0001 
 3.10000000000000E+0001 -1.60858154296875E-0001 -6.35284423828125E-0001 
 3.15000000000000E+0001 -2.54547119140625E-0001 -5.83831787109375E-0001 
 3.20000000000000E+0001 -3.66577148437500E-0001 -5.11199951171875E-0001 
 3.25000000000000E+0001 -4.88342285156250E-0001 -4.33898925781250E-0001 
 3.30000000000000E+0001 -5.76904296875000E-0001 -3.53302001953125E-0001 
 3.35000000000000E+0001 -5.95642089843750E-0001 -2.34954833984375E-0001 
 3.40000000000000E+0001 -5.41412353515625E-0001 -7.10449218750000E-0002 
 3.45000000000000E+0001 -4.31335449218750E-0001  1.05377197265625E-0001 
 3.50000000000000E+0001 -2.87658691406250E-0001  2.79022216796875E-0001 
 3.55000000000000E+0001 -1.32598876953125E-0001  4.49584960937500E-0001 
 3.60000000000000E+0001  2.13928222656250E-0002  6.01013183593750E-0001 
 3.65000000000000E+0001  1.52770996093750E-0001  7.13134765625000E-0001 
 3.70000000000000E+0001  2.52349853515625E-0001  7.87811279296875E-0001 
 3.75000000000000E+0001  3.44573974609375E-0001  8.13262939453125E-0001 
 3.80000000000000E+0001  4.54132080078125E-0001  7.72430419921875E-0001 
 3.85000000000000E+0001  5.68267822265625E-0001  6.63360595703125E-0001 
 3.90000000000000E+0001  6.47430419921875E-0001  4.96124267578125E-0001 
 3.95000000000000E+0001  6.82403564453125E-0001  2.89215087890625E-0001 
 4.00000000000000E+0001  6.75506591796875E-0001  7.90710449218750E-0002 
 4.05000000000000E+0001  6.09619140625000E-0001 -7.63549804687500E-0002 
 4.10000000000000E+0001  4.83703613281250E-0001 -1.53350830078125E-0001 
 4.15000000000000E+0001  3.21044921875000E-0001 -1.77001953125000E-0001 
 4.20000000000000E+0001  1.38458251953125E-0001 -1.65313720703125E-0001 
 4.25000000000000E+0001 -3.93371582031250E-0002 -1.31896972656250E-0001 
 4.30000000000000E+0001 -1.86828613281250E-0001 -1.01196289062500E-0001 
 4.35000000000000E+0001 -3.00231933593750E-0001 -8.56323242187500E-0002 
 4.40000000000000E+0001 -3.93249511718750E-0001 -7.08312988281250E-0002 
 4.45000000000000E+0001 -4.57031250000000E-0001 -2.82592773437500E-0002 
 4.50000000000000E+0001 -4.58526611328125E-0001  4.15649414062500E-0002 
 4.55000000000000E+0001 -4.14520263671875E-0001  1.09344482421875E-0001 
 4.60000000000000E+0001 -3.60565185546875E-0001  1.72515869140625E-0001 
 4.65000000000000E+0001 -2.85461425781250E-0001  2.36511230468750E-0001 
 4.70000000000000E+0001 -1.73339843750000E-0001  3.01483154296875E-0001 
 4.75000000000000E+0001 -3.21960449218750E-0002  3.60534667968750E-0001 
 4.80000000000000E+0001  1.11785888671875E-0001  4.03869628906250E-0001 
 4.85000000000000E+0001  2.34710693359375E-0001  4.38690185546875E-0001 
 4.90000000000000E+0001  3.27850341796875E-0001  4.69512939453125E-0001 
 4.95000000000000E+0001  3.96667480468750E-0001  4.84649658203125E-0001 
 5.00000000000000E+0001  4.46746826171875E-0001  4.61578369140625E-0001 
 5.05000000000000E+0001  4.62615966796875E-0001  3.96301269531250E-0001 
 5.10000000000000E+0001  4.34234619140625E-0001  3.17199707031250E-0001 
 5.15000000000000E+0001  3.87542724609375E-0001  2.28851318359375E-0001 
 5.20000000000000E+0001  3.49853515625000E-0001  1.15112304687500E-0001 
 5.25000000000000E+0001  3.08135986328125E-0001  4.11987304687500E-0003 
 5.30000000000000E+0001  2.52136230468750E-0001 -6.54296875000000E-0002 
 5.35000000000000E+0001  2.03704833984375E-0001 -9.48181152343750E-0002 
 5.40000000000000E+0001  1.85241699218750E-0001 -1.10687255859375E-0001 
 5.45000000000000E+0001  1.89727783203125E-0001 -1.10748291015625E-0001 
 5.50000000000000E+0001  1.92779541015625E-0001 -8.79211425781250E-0002 
 5.55000000000000E+0001  1.75201416015625E-0001 -7.75146484375000E-0002 
 5.60000000000000E+0001  1.28356933593750E-0001 -1.00769042968750E-0001 
 5.65000000000000E+0001  5.95397949218750E-0002 -1.26281738281250E-0001 
 5.70000000000000E+0001 -1.30615234375000E-0002 -1.35711669921875E-0001 
 5.75000000000000E+0001 -7.03125000000000E-0002 -1.28967285156250E-0001 
 5.80000000000000E+0001 -8.75854492187500E-0002 -1.01745605468750E-0001 
 5.85000000000000E+0001 -4.09240722656250E-0002 -4.97741699218750E-0002 
 5.90000000000000E+0001  4.15039062500000E-0002  4.63867187500000E-0003 
 5.95000000000000E+0001  1.10229492187500E-0001  4.44946289062500E-0002 
 6.00000000000000E+0001  1.55883789062500E-0001  8.50219726562500E-0002 
 6.05000000000000E+0001  1.89544677734375E-0001  1.31927490234375E-0001 
 6.10000000000000E+0001  2.02331542968750E-0001  1.60461425781250E-0001 
 6.15000000000000E+0001  1.89544677734375E-0001  1.56036376953125E-0001 
 6.20000000000000E+0001  1.82189941406250E-0001  1.29150390625000E-0001 
 6.25000000000000E+0001  1.92443847656250E-0001  9.86938476562500E-0002 
 6.30000000000000E+0001  2.10876464843750E-0001  7.94372558593750E-0002 
 6.35000000000000E+0001  2.38464355468750E-0001  6.86950683593750E-0002 
 6.40000000000000E+0001  2.65563964843750E-0001  6.80541992187500E-0002 
 6.45000000000000E+0001  2.73162841796875E-0001  8.20922851562500E-0002 
 6.50000000000000E+0001  2.44445800781250E-0001  7.82470703125000E-0002 
 6.55000000000000E+0001  1.90887451171875E-0001  3.70483398437500E-0002 
 6.60000000000000E+0001  1.37695312500000E-0001 -3.23791503906250E-0002 
 6.65000000000000E+0001  8.73413085937500E-0002 -1.13952636718750E-0001 
 6.70000000000000E+0001  4.23889160156250E-0002 -1.84204101562500E-0001 
 6.75000000000000E+0001  1.79138183593750E-0002 -2.32849121093750E-0001 
 6.80000000000000E+0001  9.18579101562500E-0003 -2.38769531250000E-0001 
 6.85000000000000E+0001 -4.51660156250000E-0003 -1.94732666015625E-0001 
 6.90000000000000E+0001 -3.61633300781250E-0002 -1.20971679687500E-0001 
 6.95000000000000E+0001 -6.48498535156250E-0002 -5.04455566406250E-0002 
 7.00000000000000E+0001 -8.29467773437500E-0002 -1.87072753906250E-0002 
 7.05000000000000E+0001 -1.10778808593750E-0001 -5.37109375000000E-0003 
 7.10000000000000E+0001 -1.20483398437500E-0001  1.64794921875000E-0002 
 7.15000000000000E+0001 -7.59887695312500E-0002  2.58483886718750E-0002 
 7.20000000000000E+0001 -3.60107421875000E-0003  6.95800781250000E-0003 
 7.25000000000000E+0001  4.84924316406250E-0002 -1.60217285156250E-0002 
 7.30000000000000E+0001  8.60900878906250E-0002 -1.65710449218750E-0002 
 7.35000000000000E+0001  1.40899658203125E-0001 -1.56860351562500E-0002 
 7.40000000000000E+0001  1.85241699218750E-0001 -3.58276367187500E-0002 
 7.45000000000000E+0001  1.92230224609375E-0001 -5.90820312500000E-0002 
 7.50000000000000E+0001  1.85089111328125E-0001 -6.76269531250000E-0002 
 7.55000000000000E+0001  1.89178466796875E-0001 -7.39746093750000E-0002 
 7.60000000000000E+0001  1.95159912109375E-0001 -8.78295898437500E-0002 
 7.65000000000000E+0001  1.89788818359375E-0001 -1.00799560546875E-0001 
 7.70000000000000E+0001  1.73461914062500E-0001 -1.05957031250000E-0001 
 7.75000000000000E+0001  1.43615722656250E-0001 -1.22833251953125E-0001 
 7.80000000000000E+0001  9.82055664062500E-0002 -1.46697998046875E-0001 
 7.85000000000000E+0001  6.64367675781250E-0002 -1.43066406250000E-0001 
 7.90000000000000E+0001  7.60498046875000E-0002 -1.14074707031250E-0001 
 7.95000000000000E+0001  1.18835449218750E-0001 -8.70361328125000E-0002 
 8.00000000000000E+0001  1.82556152343750E-0001 -7.85522460937500E-0002 
 8.05000000000000E+0001  2.41668701171875E-0001 -7.91625976562500E-0002 
 8.10000000000000E+0001  2.70355224609375E-0001 -7.16247558593750E-0002 
 8.15000000000000E+0001  2.63122558593750E-0001 -6.91833496093750E-0002 
 8.20000000000000E+0001  2.18597412109375E-0001 -7.20825195312500E-0002 
 8.25000000000000E+0001  1.57226562500000E-0001 -6.50329589843750E-0002 
 8.30000000000000E+0001  1.01074218750000E-0001 -3.36303710937500E-0002 
 8.35000000000000E+0001  7.25402832031250E-0002  2.26135253906250E-0002 
 8.40000000000000E+0001  7.77282714843750E-0002  6.64367675781250E-0002 
 8.45000000000000E+0001  8.53271484375000E-0002  8.35571289062500E-0002 
 8.50000000000000E+0001  8.45031738281250E-0002  9.32006835937500E-0002 
 8.55000000000000E+0001  8.29467773437500E-0002  9.86938476562500E-0002 
 8.60000000000000E+0001  8.02001953125000E-0002  9.59167480468750E-0002 
 8.65000000000000E+0001  7.94982910156250E-0002  7.75756835937500E-0002 
 8.70000000000000E+0001  8.03527832031250E-0002  5.55114746093750E-0002 
 8.75000000000000E+0001  8.87451171875000E-0002  4.16564941406250E-0002 
 8.80000000000000E+0001  9.60998535156250E-0002  2.27050781250000E-0002 
 8.85000000000000E+0001  9.02709960937500E-0002  1.83105468750000E-0004 
 8.90000000000000E+0001  8.25805664062500E-0002 -1.96228027343750E-0002 
 8.95000000000000E+0001  6.92443847656250E-0002 -4.67224121093750E-0002 
 9.00000000000000E+0001  3.98254394531250E-0002 -7.53479003906250E-0002 
 9.05000000000000E+0001  9.21630859375000E-0003 -9.50927734375000E-0002 
 9.10000000000000E+0001 -6.71386718750000E-0003 -9.88159179687500E-0002 
 9.15000000000000E+0001 -1.57470703125000E-0002 -9.54589843750000E-0002 
 9.20000000000000E+0001 -2.35290527343750E-0002 -9.02099609375000E-0002 
 9.25000000000000E+0001 -2.09350585937500E-0002 -7.69348144531250E-0002 
 9.30000000000000E+0001 -8.14819335937500E-0003 -6.90307617187500E-0002 
 9.35000000000000E+0001  5.49316406250000E-0003 -7.32116699218750E-0002 
 9.40000000000000E+0001  2.03552246093750E-0002 -8.97521972656250E-0002 
 9.45000000000000E+0001  3.89404296875000E-0002 -1.15692138671875E-0001 
 9.50000000000000E+0001  5.92956542968750E-0002 -1.34735107421875E-0001 
 9.55000000000000E+0001  9.77478027343750E-0002 -1.39129638671875E-0001 
 9.60000000000000E+0001  1.64611816406250E-0001 -1.36596679687500E-0001 
 9.65000000000000E+0001  2.35534667968750E-0001 -1.31866455078125E-0001 
 9.70000000000000E+0001  2.93731689453125E-0001 -1.19140625000000E-0001 
 9.75000000000000E+0001  3.30230712890625E-0001 -1.03118896484375E-0001 
 9.80000000000000E+0001  3.23486328125000E-0001 -9.34753417968750E-0002 
 9.85000000000000E+0001  2.67974853515625E-0001 -8.27331542968750E-0002 
 9.90000000000000E+0001  1.87255859375000E-0001 -6.50634765625000E-0002 
 9.95000000000000E+0001  1.06170654296875E-0001 -4.64172363281250E-0002 
