 0.00000000000000E+0000  1.02309387207031E+0001 -1.36735839843750E+0000 
 5.00000000000000E-0001  1.19846740722656E+0001 -1.72587280273438E+0000 
 1.00000000000000E+0000  1.27360351562500E+0001 -1.98401489257813E+0000 
 1.50000000000000E+0000  1.26298767089843E+0001 -2.19161376953125E+0000 
 2.00000000000000E+0000  1.23864929199218E+0001 -2.49565429687500E+0000 
 2.50000000000000E+0000  1.22135559082031E+0001 -2.85490722656250E+0000 
 3.00000000000000E+0000  1.21493896484375E+0001 -3.13505249023437E+0000 
 3.50000000000000E+0000  1.21067443847656E+0001 -3.30543823242187E+0000 
 4.00000000000000E+0000  1.19695312500000E+0001 -3.35014038085937E+0000 
 4.50000000000000E+0000  1.17386779785156E+0001 -3.25619506835937E+0000 
 5.00000000000000E+0000  1.14130371093750E+0001 -3.07583618164062E+0000 
 5.50000000000000E+0000  1.09775634765625E+0001 -2.85708007812500E+0000 
 6.00000000000000E+0000  1.04984313964843E+0001 -2.64409179687500E+0000 
 6.50000000000000E+0000  1.00528686523437E+0001 -2.50524291992188E+0000 
 7.00000000000000E+0000  9.63452148437500E+0000 -2.48164672851563E+0000 
 7.50000000000000E+0000  9.22089233398438E+0000 -2.52821655273438E+0000 
 8.00000000000000E+0000  8.85169067382812E+0000 -2.58057250976562E+0000 
 8.50000000000000E+0000  8.52988891601563E+0000 -2.62752685546875E+0000 
 9.00000000000000E+0000  8.21519165039062E+0000 -2.64016113281250E+0000 
 9.50000000000000E+0000  7.93444824218750E+0000 -2.57607421875000E+0000 
 1.00000000000000E+0001  7.72770996093749E+0000 -2.44273071289062E+0000 
 1.05000000000000E+0001  7.55669555664062E+0000 -2.27095947265625E+0000 
 1.10000000000000E+0001  7.35513305664063E+0000 -2.07577514648437E+0000 
 1.15000000000000E+0001  7.10018310546875E+0000 -1.87526855468750E+0000 
 1.20000000000000E+0001  6.76626586914063E+0000 -1.70303344726562E+0000 
 1.25000000000000E+0001  6.32194213867187E+0000 -1.57749633789063E+0000 
 1.30000000000000E+0001  5.80278930664064E+0000 -1.49471435546875E+0000 
 1.35000000000000E+0001  5.29644775390624E+0000 -1.44895019531250E+0000 
 1.40000000000000E+0001  4.84556884765625E+0000 -1.43907470703125E+0000 
 1.45000000000000E+0001  4.45237426757812E+0000 -1.44659423828125E+0000 
 1.50000000000000E+0001  4.14114990234375E+0000 -1.45119628906250E+0000 
 1.55000000000000E+0001  3.90317993164063E+0000 -1.44041137695312E+0000 
 1.60000000000000E+0001  3.67174682617187E+0000 -1.40100708007812E+0000 
 1.65000000000000E+0001  3.40169067382812E+0000 -1.32932128906250E+0000 
 1.70000000000000E+0001  3.10006103515625E+0000 -1.23616943359375E+0000 
 1.75000000000000E+0001  2.78594360351563E+0000 -1.13740844726562E+0000 
 1.80000000000000E+0001  2.47716064453125E+0000 -1.06107788085938E+0000 
 1.85000000000000E+0001  2.19725952148438E+0000 -1.02686767578125E+0000 
 1.90000000000000E+0001  1.95657348632812E+0000 -1.01464843750000E+0000 
 1.95000000000000E+0001  1.73483276367187E+0000 -9.91632080078123E-0001 
 2.00000000000000E+0001  1.50833740234375E+0000 -9.45758056640625E-0001 
 2.05000000000000E+0001  1.26501464843750E+0000 -8.66760253906249E-0001 
 2.10000000000000E+0001  9.86309814453125E-0001 -7.30926513671874E-0001 
 2.15000000000000E+0001  6.65258789062500E-0001 -5.42285156249999E-0001 
 2.20000000000000E+0001  3.27429199218750E-0001 -3.47595214843750E-0001 
 2.25000000000000E+0001  1.13098144531250E-0002 -1.82122802734375E-0001 
 2.30000000000000E+0001 -2.55914306640625E-0001 -5.52673339843750E-0002 
 2.35000000000000E+0001 -4.57263183593750E-0001  2.12036132812500E-0002 
 2.40000000000000E+0001 -5.76641845703125E-0001  4.98352050781250E-0002 
 2.45000000000000E+0001 -6.16229248046875E-0001  6.54785156250001E-0002 
 2.50000000000000E+0001 -5.94775390625000E-0001  1.01300048828124E-0001 
 2.55000000000000E+0001 -5.31347656250001E-0001  1.48443603515625E-0001 
 2.60000000000000E+0001 -4.53051757812500E-0001  1.92858886718750E-0001 
 2.65000000000000E+0001 -3.86901855468750E-0001  2.35632324218750E-0001 
 2.70000000000000E+0001 -3.53253173828125E-0001  2.57202148437501E-0001 
 2.75000000000000E+0001 -3.61755371093750E-0001  2.31817626953125E-0001 
 2.80000000000000E+0001 -4.10272216796875E-0001  1.67034912109375E-0001 
 2.85000000000000E+0001 -4.85272216796875E-0001  8.86413574218750E-0002 
 2.90000000000000E+0001 -5.65911865234375E-0001  1.41113281250000E-0002 
 2.95000000000000E+0001 -6.35174560546875E-0001 -4.16931152343750E-0002 
 3.00000000000000E+0001 -6.87310791015623E-0001 -6.10412597656250E-0002 
 3.05000000000000E+0001 -7.16265869140625E-0001 -4.74487304687500E-0002 
 3.10000000000000E+0001 -7.19116210937500E-0001 -2.83386230468750E-0002 
 3.15000000000000E+0001 -7.09191894531250E-0001 -1.37390136718749E-0002 
 3.20000000000000E+0001 -7.01245117187500E-0001  7.57446289062499E-0003 
 3.25000000000000E+0001 -6.93627929687500E-0001  3.44848632812500E-0002 
 3.30000000000000E+0001 -6.79321289062500E-0001  5.92163085937501E-0002 
 3.35000000000000E+0001 -6.55963134765625E-0001  9.04602050781251E-0002 
 3.40000000000000E+0001 -6.18121337890625E-0001  1.39343261718750E-0001 
 3.45000000000000E+0001 -5.57385253906250E-0001  1.97290039062500E-0001 
 3.50000000000000E+0001 -4.76843261718750E-0001  2.48162841796875E-0001 
 3.55000000000000E+0001 -3.91265869140625E-0001  2.88946533203125E-0001 
 3.60000000000000E+0001 -3.06298828124999E-0001  3.21978759765625E-0001 
 3.65000000000000E+0001 -2.21728515625000E-0001  3.42791748046874E-0001 
 3.70000000000000E+0001 -1.43505859375000E-0001  3.47320556640625E-0001 
 3.75000000000000E+0001 -7.76000976562501E-0002  3.34991455078125E-0001 
 3.80000000000000E+0001 -1.99523925781250E-0002  3.04669189453125E-0001 
 3.85000000000000E+0001  3.54553222656250E-0002  2.52685546875000E-0001 
 3.90000000000000E+0001  8.39782714843750E-0002  1.78796386718750E-0001 
 3.95000000000000E+0001  1.18920898437500E-0001  9.44763183593748E-0002 
 4.00000000000000E+0001  1.37738037109375E-0001  1.47888183593750E-0002 
 4.05000000000000E+0001  1.37774658203125E-0001 -4.84436035156250E-0002 
 4.10000000000000E+0001  1.21514892578124E-0001 -8.78112792968750E-0002 
 4.15000000000000E+0001  9.71740722656250E-0002 -1.02209472656250E-0001 
 4.20000000000000E+0001  6.93054199218749E-0002 -9.69360351562499E-0002 
 4.25000000000000E+0001  3.86535644531251E-0002 -8.03344726562500E-0002 
 4.30000000000000E+0001  9.72900390625001E-0003 -5.87707519531250E-0002 
 4.35000000000000E+0001 -9.24072265625000E-0003 -3.73229980468750E-0002 
 4.40000000000000E+0001 -1.70349121093750E-0002 -1.90551757812500E-0002 
 4.45000000000000E+0001 -1.37329101562500E-0002 -2.56958007812500E-0003 
 4.50000000000000E+0001  1.56250000000001E-0003  1.42578125000000E-0002 
 4.55000000000000E+0001  2.88330078125001E-0002  3.23425292968750E-0002 
 4.60000000000000E+0001  6.79809570312500E-0002  4.78881835937501E-0002 
 4.65000000000000E+0001  1.14434814453125E-0001  5.85327148437500E-0002 
 4.70000000000000E+0001  1.60632324218750E-0001  6.35681152343749E-0002 
 4.75000000000000E+0001  1.98022460937500E-0001  6.35009765625001E-0002 
 4.80000000000000E+0001  2.27239990234375E-0001  6.17919921875000E-0002 
 4.85000000000000E+0001  2.54650878906250E-0001  5.99670410156250E-0002 
 4.90000000000000E+0001  2.79284667968750E-0001  5.71166992187501E-0002 
 4.95000000000000E+0001  2.98132324218750E-0001  5.31616210937499E-0002 
 5.00000000000000E+0001  3.12744140625000E-0001  4.43847656250000E-0002 
 5.05000000000000E+0001  3.23004150390625E-0001  2.95349121093750E-0002 
 5.10000000000000E+0001  3.24914550781250E-0001  1.08825683593750E-0002 
 5.15000000000000E+0001  3.15051269531250E-0001 -1.29333496093749E-0002 
 5.20000000000000E+0001  2.95031738281250E-0001 -4.37683105468750E-0002 
 5.25000000000000E+0001  2.69250488281250E-0001 -7.63977050781250E-0002 
 5.30000000000000E+0001  2.42681884765625E-0001 -1.02465820312500E-0001 
 5.35000000000000E+0001  2.19958496093750E-0001 -1.17962646484374E-0001 
 5.40000000000000E+0001  2.01977539062500E-0001 -1.23907470703124E-0001 
 5.45000000000000E+0001  1.86523437500000E-0001 -1.23596191406250E-0001 
 5.50000000000000E+0001  1.71478271484375E-0001 -1.18139648437499E-0001 
 5.55000000000000E+0001  1.55468750000000E-0001 -1.07769775390625E-0001 
 5.60000000000000E+0001  1.34442138671875E-0001 -9.43115234375001E-0002 
 5.65000000000000E+0001  1.10058593749999E-0001 -8.17382812500001E-0002 
 5.70000000000000E+0001  8.76647949218748E-0002 -7.44079589843750E-0002 
 5.75000000000000E+0001  7.07946777343750E-0002 -6.80175781250000E-0002 
 5.80000000000000E+0001  6.17492675781250E-0002 -5.73791503906250E-0002 
 5.85000000000000E+0001  6.09680175781250E-0002 -4.21203613281249E-0002 
 5.90000000000000E+0001  6.62658691406251E-0002 -2.40112304687500E-0002 
 5.95000000000000E+0001  7.60314941406249E-0002 -4.27856445312499E-0003 
 6.00000000000000E+0001  8.91418457031250E-0002  1.25549316406249E-0002 
 6.05000000000000E+0001  1.01647949218750E-0001  2.05993652343750E-0002 
 6.10000000000000E+0001  1.12292480468750E-0001  2.01538085937500E-0002 
 6.15000000000000E+0001  1.24377441406249E-0001  1.31225585937500E-0002 
 6.20000000000000E+0001  1.38183593750000E-0001 -1.78222656250000E-0003 
 6.25000000000000E+0001  1.47796630859375E-0001 -2.13012695312500E-0002 
 6.30000000000000E+0001  1.51141357421875E-0001 -3.69079589843750E-0002 
 6.35000000000000E+0001  1.50964355468750E-0001 -4.36645507812500E-0002 
 6.40000000000000E+0001  1.46051025390625E-0001 -4.40734863281250E-0002 
 6.45000000000000E+0001  1.33190917968750E-0001 -4.39025878906250E-0002 
 6.50000000000000E+0001  1.16009521484375E-0001 -4.69543457031250E-0002 
 6.55000000000000E+0001  9.85229492187501E-0002 -5.56945800781250E-0002 
 6.60000000000000E+0001  8.00842285156249E-0002 -6.76147460937501E-0002 
 6.65000000000000E+0001  6.15478515624999E-0002 -7.83508300781249E-0002 
 6.70000000000000E+0001  4.47509765625000E-0002 -8.69445800781251E-0002 
 6.75000000000000E+0001  3.03894042968750E-0002 -8.98437500000000E-0002 
 6.80000000000000E+0001  1.93176269531250E-0002 -8.34472656250000E-0002 
 6.85000000000000E+0001  9.11254882812501E-0003 -6.93542480468750E-0002 
 6.90000000000000E+0001 -2.33154296875000E-0003 -5.00671386718751E-0002 
 6.95000000000000E+0001 -1.08032226562500E-0002 -2.85888671875000E-0002 
 7.00000000000000E+0001 -1.21337890625000E-0002 -9.33227539062498E-0003 
 7.05000000000000E+0001 -7.97729492187501E-0003  2.92358398437499E-0003 
 7.10000000000000E+0001 -1.22070312499999E-0003  9.16137695312500E-0003 
 7.15000000000000E+0001  7.86743164062500E-0003  1.34521484375000E-0002 
 7.20000000000000E+0001  2.01904296875000E-0002  1.58752441406250E-0002 
 7.25000000000000E+0001  3.27270507812500E-0002  1.31286621093750E-0002 
 7.30000000000000E+0001  4.16320800781251E-0002  7.46459960937500E-0003 
 7.35000000000000E+0001  4.76562500000000E-0002  3.47900390625000E-0003 
 7.40000000000000E+0001  5.45349121093750E-0002  1.25732421875000E-0003 
 7.45000000000000E+0001  6.44348144531250E-0002 -3.52172851562500E-0003 
 7.50000000000000E+0001  7.31201171875000E-0002 -1.47827148437499E-0002 
 7.55000000000000E+0001  7.50915527343750E-0002 -2.85400390625000E-0002 
 7.60000000000000E+0001  7.33581542968749E-0002 -3.80187988281250E-0002 
 7.65000000000000E+0001  7.12890625000000E-0002 -4.14245605468750E-0002 
 7.70000000000000E+0001  6.78222656250001E-0002 -4.24194335937500E-0002 
 7.75000000000000E+0001  6.03393554687500E-0002 -4.41101074218749E-0002 
 7.80000000000000E+0001  5.05126953125000E-0002 -4.39453125000000E-0002 
 7.85000000000000E+0001  4.16259765625000E-0002 -4.21630859375000E-0002 
 7.90000000000000E+0001  3.42224121093750E-0002 -4.55139160156251E-0002 
 7.95000000000000E+0001  2.59948730468750E-0002 -5.38818359375000E-0002 
 8.00000000000000E+0001  1.69677734375000E-0002 -5.98144531250000E-0002 
 8.05000000000000E+0001  1.22375488281250E-0002 -5.78491210937500E-0002 
 8.10000000000000E+0001  1.64062500000000E-0002 -4.95178222656249E-0002 
 8.15000000000000E+0001  2.76123046875001E-0002 -3.70056152343750E-0002 
 8.20000000000000E+0001  3.90563964843750E-0002 -2.36083984375000E-0002 
 8.25000000000000E+0001  4.48242187500001E-0002 -1.21948242187499E-0002 
 8.30000000000000E+0001  4.68444824218750E-0002 -4.13208007812499E-0003 
 8.35000000000000E+0001  5.02441406250000E-0002 -1.71508789062500E-0003 
 8.40000000000000E+0001  5.32470703125001E-0002 -6.87255859375000E-0003 
 8.45000000000000E+0001  5.26855468750000E-0002 -1.54357910156250E-0002 
 8.50000000000000E+0001  5.26550292968750E-0002 -2.01538085937500E-0002 
 8.55000000000000E+0001  5.96618652343750E-0002 -1.91650390625000E-0002 
 8.60000000000000E+0001  6.94274902343750E-0002 -1.64306640625000E-0002 
 8.65000000000000E+0001  7.12341308593750E-0002 -1.38244628906250E-0002 
 8.70000000000000E+0001  6.40808105468750E-0002 -1.06445312499999E-0002 
 8.75000000000000E+0001  5.42785644531250E-0002 -8.90502929687500E-0003 
 8.80000000000000E+0001  4.38354492187500E-0002 -1.11083984375000E-0002 
 8.85000000000000E+0001  3.38012695312500E-0002 -1.74804687500000E-0002 
 8.90000000000000E+0001  2.67028808593750E-0002 -2.43591308593750E-0002 
 8.95000000000000E+0001  2.41088867187500E-0002 -2.76977539062500E-0002 
 9.00000000000000E+0001  2.45483398437500E-0002 -2.83142089843750E-0002 
 9.05000000000000E+0001  2.37060546875000E-0002 -2.78015136718750E-0002 
 9.10000000000000E+0001  2.08374023437500E-0002 -2.70874023437500E-0002 
 9.15000000000000E+0001  1.69555664062500E-0002 -2.74963378906250E-0002 
 9.20000000000000E+0001  1.11206054687499E-0002 -2.83874511718750E-0002 
 9.25000000000000E+0001  5.52368164062500E-0003 -2.63183593750000E-0002 
 9.30000000000000E+0001  3.54003906250000E-0003 -2.20397949218750E-0002 
 9.35000000000000E+0001  6.15234375000001E-0003 -1.83349609375000E-0002 
 9.40000000000000E+0001  9.52758789062496E-0003 -1.70654296875000E-0002 
 9.45000000000000E+0001  1.11389160156250E-0002 -1.76757812500000E-0002 
 9.50000000000000E+0001  1.33300781249999E-0002 -2.19421386718750E-0002 
 9.55000000000000E+0001  1.47399902343750E-0002 -3.06762695312500E-0002 
 9.60000000000000E+0001  1.38671875000000E-0002 -3.80859375000001E-0002 
 9.65000000000000E+0001  1.29211425781250E-0002 -4.06616210937501E-0002 
 9.70000000000000E+0001  1.21276855468750E-0002 -4.05944824218750E-0002 
 9.75000000000000E+0001  9.91210937500001E-0003 -3.88671875000000E-0002 
 9.80000000000000E+0001  6.21948242187501E-0003 -3.57666015625000E-0002 
 9.85000000000000E+0001  3.82080078125002E-0003 -3.06579589843750E-0002 
 9.90000000000000E+0001  2.61230468750002E-0003 -2.56713867187500E-0002 
 9.95000000000000E+0001  4.76074218749995E-0004 -2.17529296875000E-0002 
