 0.00000000000000E+0000 -5.00244140624999E-0002 -2.85943603515625E-0001 
 5.00000000000000E-0001 -1.17132568359375E-0001 -1.68103027343750E-0001 
 1.00000000000000E+0000 -1.99212646484375E-0001  4.68078613281250E-0002 
 1.50000000000000E+0000 -2.57672119140625E-0001  2.97753906250000E-0001 
 2.00000000000000E+0000 -2.65368652343750E-0001  4.74792480468750E-0001 
 2.50000000000000E+0000 -2.39111328125000E-0001  5.67175292968750E-0001 
 3.00000000000000E+0000 -1.76892089843750E-0001  5.95898437500000E-0001 
 3.50000000000000E+0000 -8.06457519531251E-0002  5.66052246093750E-0001 
 4.00000000000000E+0000  2.53906250000000E-0002  4.98730468750000E-0001 
 4.50000000000000E+0000  1.35046386718750E-0001  4.20556640625000E-0001 
 5.00000000000000E+0000  2.54064941406250E-0001  3.33746337890625E-0001 
 5.50000000000000E+0000  3.65270996093750E-0001  2.33715820312500E-0001 
 6.00000000000000E+0000  4.33386230468750E-0001  1.32580566406250E-0001 
 6.50000000000000E+0000  4.43670654296875E-0001  4.05273437500000E-0002 
 7.00000000000000E+0000  3.90393066406250E-0001 -4.78027343750000E-0002 
 7.50000000000000E+0000  2.70788574218750E-0001 -1.26342773437500E-0001 
 8.00000000000000E+0000  1.12145996093750E-0001 -1.80718994140625E-0001 
 8.50000000000000E+0000 -3.86352539062500E-0002 -2.07928466796875E-0001 
 9.00000000000000E+0000 -1.55572509765625E-0001 -2.11352539062500E-0001 
 9.50000000000000E+0000 -2.30633544921875E-0001 -1.90704345703125E-0001 
 1.00000000000000E+0001 -2.54418945312500E-0001 -1.47338867187500E-0001 
 1.05000000000000E+0001 -2.26226806640625E-0001 -8.44665527343750E-0002 
 1.10000000000000E+0001 -1.67840576171875E-0001 -1.00830078125000E-0002 
 1.15000000000000E+0001 -1.02886962890625E-0001  6.33850097656250E-0002 
 1.20000000000000E+0001 -3.27880859375000E-0002  1.22949218749999E-0001 
 1.25000000000000E+0001  4.73388671875000E-0002  1.57263183593750E-0001 
 1.30000000000000E+0001  1.38140869140625E-0001  1.54125976562500E-0001 
 1.35000000000000E+0001  2.35308837890625E-0001  1.05310058593750E-0001 
 1.40000000000000E+0001  3.28460693359375E-0001  2.97790527343750E-0002 
 1.45000000000000E+0001  4.07867431640625E-0001 -4.38171386718750E-0002 
 1.50000000000000E+0001  4.64074707031250E-0001 -1.07238769531249E-0001 
 1.55000000000000E+0001  4.82336425781250E-0001 -1.57067871093750E-0001 
 1.60000000000000E+0001  4.44921874999999E-0001 -1.79602050781250E-0001 
 1.65000000000000E+0001  3.46508789062500E-0001 -1.71618652343750E-0001 
 1.70000000000000E+0001  2.02520751953125E-0001 -1.52478027343750E-0001 
 1.75000000000000E+0001  3.51379394531250E-0002 -1.35137939453125E-0001 
 1.80000000000000E+0001 -1.32769775390625E-0001 -1.16351318359374E-0001 
 1.85000000000000E+0001 -2.75213623046875E-0001 -9.90051269531250E-0002 
 1.90000000000000E+0001 -3.69506835937500E-0001 -8.39538574218750E-0002 
 1.95000000000000E+0001 -4.07415771484375E-0001 -5.71838378906250E-0002 
 2.00000000000000E+0001 -3.95788574218750E-0001 -7.21435546875000E-0003 
 2.05000000000000E+0001 -3.43969726562501E-0001  5.64514160156249E-0002 
 2.10000000000000E+0001 -2.69274902343750E-0001  1.22253417968750E-0001 
 2.15000000000000E+0001 -1.88049316406250E-0001  1.88574218750000E-0001 
 2.20000000000000E+0001 -1.10101318359375E-0001  2.38909912109375E-0001 
 2.25000000000000E+0001 -4.46899414062501E-0002  2.51586914062500E-0001 
 2.30000000000000E+0001  2.43530273437501E-0003  2.26855468750000E-0001 
 2.35000000000000E+0001  3.18359375000000E-0002  1.75854492187500E-0001 
 2.40000000000000E+0001  4.76928710937500E-0002  1.08972167968750E-0001 
 2.45000000000000E+0001  5.57373046875000E-0002  3.62731933593750E-0002 
 2.50000000000000E+0001  5.23864746093751E-0002 -2.80700683593750E-0002 
 2.55000000000000E+0001  3.78479003906250E-0002 -7.76123046874999E-0002 
 2.60000000000000E+0001  1.91101074218750E-0002 -1.18664550781250E-0001 
 2.65000000000000E+0001 -3.00903320312501E-0003 -1.51190185546875E-0001 
 2.70000000000000E+0001 -3.13476562500000E-0002 -1.70281982421875E-0001 
 2.75000000000000E+0001 -6.30371093750000E-0002 -1.76947021484375E-0001 
 2.80000000000000E+0001 -8.67614746093751E-0002 -1.71453857421875E-0001 
 2.85000000000000E+0001 -9.54467773437500E-0002 -1.50592041015625E-0001 
 2.90000000000000E+0001 -9.07470703125001E-0002 -1.13275146484374E-0001 
 2.95000000000000E+0001 -7.53356933593750E-0002 -6.56311035156250E-0002 
 3.00000000000000E+0001 -5.16784667968750E-0002 -1.46484374999999E-0002 
 3.05000000000000E+0001 -2.64099121093750E-0002  3.45031738281250E-0002 
 3.10000000000000E+0001 -6.68945312500000E-0003  7.62573242187499E-0002 
 3.15000000000000E+0001  6.29882812500000E-0003  1.05676269531250E-0001 
 3.20000000000000E+0001  1.44836425781249E-0002  1.21154785156250E-0001 
 3.25000000000000E+0001  1.93420410156250E-0002  1.20367431640625E-0001 
 3.30000000000000E+0001  2.36022949218750E-0002  1.01855468749999E-0001 
 3.35000000000000E+0001  2.91076660156250E-0002  7.01477050781250E-0002 
 3.40000000000000E+0001  3.47534179687500E-0002  3.22692871093750E-0002 
 3.45000000000000E+0001  3.84704589843751E-0002 -6.17675781249999E-0003 
 3.50000000000000E+0001  3.82568359374999E-0002 -4.01123046875000E-0002 
 3.55000000000000E+0001  3.13354492187500E-0002 -6.40625000000000E-0002 
 3.60000000000000E+0001  1.52465820312500E-0002 -7.52624511718750E-0002 
 3.65000000000000E+0001 -7.95288085937500E-0003 -7.38159179687500E-0002 
 3.70000000000000E+0001 -3.21105957031250E-0002 -6.29211425781250E-0002 
 3.75000000000000E+0001 -5.37475585937500E-0002 -4.79431152343751E-0002 
 3.80000000000000E+0001 -7.13134765624999E-0002 -3.10791015625000E-0002 
 3.85000000000000E+0001 -7.98767089843750E-0002 -1.37939453124999E-0002 
 3.90000000000000E+0001 -7.67822265625000E-0002 -2.99072265625007E-0004 
 3.95000000000000E+0001 -6.54602050781250E-0002  6.36596679687500E-0003 
 4.00000000000000E+0001 -5.07446289062500E-0002  8.03222656250001E-0003 
 4.05000000000000E+0001 -3.55712890625000E-0002  7.86132812499999E-0003 
 4.10000000000000E+0001 -2.03308105468750E-0002  4.46166992187500E-0003 
 4.15000000000000E+0001 -7.35473632812500E-0003 -3.57055664062500E-0003 
 4.20000000000000E+0001  9.39941406250008E-0004 -1.31042480468750E-0002 
 4.25000000000000E+0001  6.07299804687499E-0003 -2.06726074218750E-0002 
 4.30000000000000E+0001  7.47680664062502E-0003 -2.64404296875000E-0002 
 4.35000000000000E+0001  4.96826171874999E-0003 -2.90771484375000E-0002 
 4.40000000000000E+0001 -1.31835937500000E-0003 -2.79541015625000E-0002 
 4.45000000000000E+0001 -1.07604980468750E-0002 -2.15759277343750E-0002 
 4.50000000000000E+0001 -1.88476562500000E-0002 -1.08032226562500E-0002 
 4.55000000000000E+0001 -2.39013671875000E-0002 -4.51660156249994E-0004 
 4.60000000000000E+0001 -2.56347656250000E-0002  6.81152343749998E-0003 
 4.65000000000000E+0001 -2.37792968750000E-0002  9.75341796874999E-0003 
 4.70000000000000E+0001 -1.83776855468750E-0002  9.63745117187498E-0003 
 4.75000000000000E+0001 -1.00769042968749E-0002  7.81860351562502E-0003 
 4.80000000000000E+0001 -2.64282226562499E-0003  5.13305664062501E-0003 
 4.85000000000000E+0001  3.80249023437500E-0003  2.92968750000000E-0003 
 4.90000000000000E+0001  1.18103027343749E-0002 -2.62451171875000E-0004 
 4.95000000000000E+0001  2.08801269531250E-0002 -6.84204101562500E-0003 
 5.00000000000000E+0001  2.85888671875000E-0002 -1.81945800781250E-0002 
 5.05000000000000E+0001  3.46923828125000E-0002 -3.36669921875000E-0002 
 5.10000000000000E+0001  3.85131835937500E-0002 -5.05187988281250E-0002 
 5.15000000000000E+0001  3.85498046875000E-0002 -6.60400390625000E-0002 
 5.20000000000000E+0001  3.49121093750000E-0002 -7.73010253906250E-0002 
 5.25000000000000E+0001  2.93640136718750E-0002 -8.16833496093750E-0002 
 5.30000000000000E+0001  2.23083496093750E-0002 -7.82531738281250E-0002 
 5.35000000000000E+0001  1.26159667968750E-0002 -6.98242187500001E-0002 
 5.40000000000000E+0001  3.47900390624999E-0004 -5.77392578125000E-0002 
 5.45000000000000E+0001 -1.27807617187499E-0002 -4.12658691406250E-0002 
 5.50000000000000E+0001 -2.40295410156250E-0002 -2.17346191406250E-0002 
 5.55000000000000E+0001 -3.14392089843750E-0002 -3.59497070312500E-0003 
 5.60000000000000E+0001 -3.39416503906250E-0002  9.48486328124999E-0003 
 5.65000000000000E+0001 -3.06884765625000E-0002  1.81945800781250E-0002 
 5.70000000000000E+0001 -2.17590332031250E-0002  2.24304199218750E-0002 
 5.75000000000000E+0001 -9.38720703125000E-0003  2.06115722656250E-0002 
 5.80000000000000E+0001  2.42309570312500E-0003  1.40075683593749E-0002 
 5.85000000000000E+0001  1.04919433593749E-0002  7.43408203124999E-0003 
 5.90000000000000E+0001  1.60156250000000E-0002  3.23486328125000E-0003 
 5.95000000000000E+0001  2.14294433593750E-0002 -2.33764648437500E-0003 
 6.00000000000000E+0001  2.58666992187500E-0002 -1.16943359375000E-0002 
 6.05000000000000E+0001  2.77709960937500E-0002 -2.23999023437500E-0002 
 6.10000000000000E+0001  2.75817871093750E-0002 -3.41247558593750E-0002 
 6.15000000000000E+0001  2.47741699218750E-0002 -4.73327636718749E-0002 
 6.20000000000000E+0001  1.97692871093750E-0002 -5.91247558593751E-0002 
 6.25000000000000E+0001  1.23779296874999E-0002 -6.60888671875000E-0002 
 6.30000000000000E+0001  3.79638671875001E-0003 -6.82067871093750E-0002 
 6.35000000000000E+0001 -3.88793945312500E-0003 -6.68518066406251E-0002 
 6.40000000000000E+0001 -9.16137695312501E-0003 -6.13586425781249E-0002 
 6.45000000000000E+0001 -1.23596191406249E-0002 -5.33996582031250E-0002 
 6.50000000000000E+0001 -1.59790039062500E-0002 -4.57092285156250E-0002 
 6.55000000000000E+0001 -1.91101074218750E-0002 -3.79028320312500E-0002 
 6.60000000000000E+0001 -2.00500488281250E-0002 -3.05664062500000E-0002 
 6.65000000000000E+0001 -2.03186035156250E-0002 -2.36694335937500E-0002 
 6.70000000000000E+0001 -2.01782226562501E-0002 -1.66381835937500E-0002 
 6.75000000000000E+0001 -1.76086425781250E-0002 -1.08642578124999E-0002 
 6.80000000000000E+0001 -1.38427734374999E-0002 -8.47167968750001E-0003 
 6.85000000000000E+0001 -1.14196777343750E-0002 -8.34350585937501E-0003 
 6.90000000000000E+0001 -8.57543945312500E-0003 -8.85620117187500E-0003 
 6.95000000000000E+0001 -5.06591796875000E-0003 -1.16455078125000E-0002 
 7.00000000000000E+0001 -3.74145507812500E-0003 -1.72058105468750E-0002 
 7.05000000000000E+0001 -4.62646484375000E-0003 -2.19848632812500E-0002 
 7.10000000000000E+0001 -4.48608398437500E-0003 -2.26440429687500E-0002 
 7.15000000000000E+0001 -2.38647460937500E-0003 -2.13806152343750E-0002 
 7.20000000000000E+0001 -1.92871093750000E-0003 -2.10144042968750E-0002 
 7.25000000000000E+0001 -3.87573242187501E-0003 -2.05566406250000E-0002 
 7.30000000000000E+0001 -5.07812500000000E-0003 -2.15759277343750E-0002 
 7.35000000000000E+0001 -5.82885742187500E-0003 -2.61779785156250E-0002 
 7.40000000000000E+0001 -6.26220703125000E-0003 -3.31176757812500E-0002 
 7.45000000000000E+0001 -5.87158203125000E-0003 -4.01794433593750E-0002 
 7.50000000000000E+0001 -4.31518554687500E-0003 -4.38720703125000E-0002 
 7.55000000000000E+0001 -5.43212890625004E-0004 -4.33654785156250E-0002 
 7.60000000000000E+0001  3.64990234375000E-0003 -3.94653320312500E-0002 
 7.65000000000000E+0001  6.31103515625001E-0003 -3.45092773437500E-0002 
 7.70000000000000E+0001  6.50634765625001E-0003 -2.99316406250000E-0002 
 7.75000000000000E+0001  5.22460937500002E-0003 -2.76428222656250E-0002 
 7.80000000000000E+0001  2.41088867187500E-0003 -2.88208007812500E-0002 
 7.85000000000000E+0001 -2.78320312500000E-0003 -3.20190429687500E-0002 
 7.90000000000000E+0001 -8.35571289062500E-0003 -3.39721679687500E-0002 
 7.95000000000000E+0001 -1.17187500000000E-0002 -3.43139648437500E-0002 
 8.00000000000000E+0001 -1.41723632812500E-0002 -3.34777832031250E-0002 
 8.05000000000000E+0001 -1.70471191406250E-0002 -3.10852050781250E-0002 
 8.10000000000000E+0001 -1.73767089843750E-0002 -2.86865234375000E-0002 
 8.15000000000000E+0001 -1.60644531250000E-0002 -2.79235839843750E-0002 
 8.20000000000000E+0001 -1.64062500000000E-0002 -2.69287109375000E-0002 
 8.25000000000000E+0001 -1.61865234375000E-0002 -2.48046875000000E-0002 
 8.30000000000000E+0001 -1.45629882812499E-0002 -2.23144531250000E-0002 
 8.35000000000000E+0001 -1.34399414062500E-0002 -2.08618164062500E-0002 
 8.40000000000000E+0001 -1.45996093750000E-0002 -1.99401855468750E-0002 
 8.45000000000000E+0001 -1.40319824218750E-0002 -1.84997558593750E-0002 
 8.50000000000000E+0001 -9.54589843749999E-0003 -1.91162109375000E-0002 
 8.55000000000000E+0001 -6.15844726562500E-0003 -2.09838867187500E-0002 
 8.60000000000000E+0001 -6.09130859375001E-0003 -2.25097656250000E-0002 
 8.65000000000000E+0001 -7.23876953125000E-0003 -2.22656250000000E-0002 
 8.70000000000000E+0001 -7.17773437500001E-0003 -2.07641601562500E-0002 
 8.75000000000000E+0001 -6.59179687500000E-0003 -2.17285156250001E-0002 
 8.80000000000000E+0001 -8.71582031249999E-0003 -2.49145507812500E-0002 
 8.85000000000000E+0001 -1.23168945312500E-0002 -2.70324707031251E-0002 
 8.90000000000000E+0001 -1.37512207031250E-0002 -2.76123046875001E-0002 
 8.95000000000000E+0001 -1.34094238281250E-0002 -2.97790527343750E-0002 
 9.00000000000000E+0001 -1.51184082031250E-0002 -3.38012695312500E-0002 
 9.05000000000000E+0001 -2.02392578125000E-0002 -3.35571289062500E-0002 
 9.10000000000000E+0001 -2.31994628906250E-0002 -2.71606445312500E-0002 
 9.15000000000000E+0001 -2.25463867187500E-0002 -2.12219238281250E-0002 
 9.20000000000000E+0001 -2.18994140625000E-0002 -1.82556152343750E-0002 
 9.25000000000000E+0001 -2.20458984375000E-0002 -1.50085449218750E-0002 
 9.30000000000000E+0001 -2.12036132812500E-0002 -1.06201171875000E-0002 
 9.35000000000000E+0001 -1.93481445312500E-0002 -7.76977539062500E-0003 
 9.40000000000000E+0001 -1.73889160156250E-0002 -7.90405273437502E-0003 
 9.45000000000000E+0001 -1.61560058593750E-0002 -7.23266601562501E-0003 
 9.50000000000000E+0001 -1.35375976562500E-0002 -4.63867187500001E-0003 
 9.55000000000000E+0001 -1.01135253906250E-0002 -2.80761718750000E-0003 
 9.60000000000000E+0001 -7.91625976562500E-0003 -3.85131835937500E-0003 
 9.65000000000000E+0001 -8.04443359375001E-0003 -9.27734375000002E-0003 
 9.70000000000000E+0001 -1.09497070312500E-0002 -1.85485839843750E-0002 
 9.75000000000000E+0001 -1.63513183593750E-0002 -2.88635253906250E-0002 
 9.80000000000000E+0001 -2.33947753906250E-0002 -3.65966796875001E-0002 
 9.85000000000000E+0001 -2.97912597656250E-0002 -4.04785156250000E-0002 
 9.90000000000000E+0001 -3.32458496093750E-0002 -4.11804199218750E-0002 
 9.95000000000000E+0001 -3.42102050781251E-0002 -3.97766113281250E-0002 
 1.00000000000000E+0002 -3.32885742187500E-0002 -3.66027832031250E-0002 
 1.00500000000000E+0002 -3.09875488281250E-0002 -3.19335937500000E-0002 
 1.01000000000000E+0002 -2.75085449218750E-0002 -2.81799316406250E-0002 
 1.01500000000000E+0002 -2.48840332031250E-0002 -2.52075195312500E-0002 
 1.02000000000000E+0002 -2.29064941406250E-0002 -2.22290039062500E-0002 
 1.02500000000000E+0002 -2.11975097656250E-0002 -2.00317382812500E-0002 
 1.03000000000000E+0002 -1.98364257812500E-0002 -2.04101562500000E-0002 
 1.03500000000000E+0002 -1.98181152343750E-0002 -2.53906250000000E-0002 
 1.04000000000000E+0002 -2.21557617187500E-0002 -3.26293945312500E-0002 
 1.04500000000000E+0002 -2.37426757812500E-0002 -3.83850097656250E-0002 
 1.05000000000000E+0002 -2.38769531250000E-0002 -4.18334960937499E-0002 
 1.05500000000000E+0002 -2.42797851562500E-0002 -4.29626464843750E-0002 
 1.06000000000000E+0002 -2.46826171875000E-0002 -4.24499511718750E-0002 
 1.06500000000000E+0002 -2.37731933593750E-0002 -4.03320312500000E-0002 
 1.07000000000000E+0002 -2.07641601562500E-0002 -3.67736816406250E-0002 
 1.07500000000000E+0002 -1.69982910156250E-0002 -3.46679687500000E-0002 
 1.08000000000000E+0002 -1.44226074218749E-0002 -3.54553222656250E-0002 
 1.08500000000000E+0002 -1.34948730468750E-0002 -3.74572753906250E-0002 
 1.09000000000000E+0002 -1.37878417968750E-0002 -3.72009277343750E-0002 
 1.09500000000000E+0002 -1.32202148437499E-0002 -3.46557617187500E-0002 
 1.10000000000000E+0002 -1.36779785156250E-0002 -3.28125000000000E-0002 
 1.10500000000000E+0002 -1.62902832031250E-0002 -3.22631835937500E-0002 
 1.11000000000000E+0002 -1.70349121093750E-0002 -3.17810058593750E-0002 
 1.11500000000000E+0002 -1.41845703125000E-0002 -3.22998046875000E-0002 
 1.12000000000000E+0002 -1.09619140625000E-0002 -3.44360351562500E-0002 
 1.12500000000000E+0002 -9.79003906249998E-0003 -3.55163574218750E-0002 
 1.13000000000000E+0002 -8.66088867187500E-0003 -3.40515136718750E-0002 
 1.13500000000000E+0002 -7.23266601562500E-0003 -2.94067382812500E-0002 
 1.14000000000000E+0002 -8.53271484375001E-0003 -2.18078613281250E-0002 
 1.14500000000000E+0002 -1.04187011718750E-0002 -1.25244140625000E-0002 
 1.15000000000000E+0002 -1.02600097656250E-0002 -5.35888671875000E-0003 
 1.15500000000000E+0002 -6.58569335937499E-0003 -1.99584960937500E-0003 
 1.16000000000000E+0002 -1.28173828124999E-0003 -2.36206054687500E-0003 
 1.16500000000000E+0002  3.58276367187500E-0003 -5.95703125000000E-0003 
 1.17000000000000E+0002  5.75561523437499E-0003 -1.27441406249999E-0002 
 1.17500000000000E+0002  3.91845703125000E-0003 -1.95617675781250E-0002 
 1.18000000000000E+0002 -3.23486328124988E-0004 -2.48596191406250E-0002 
 1.18500000000000E+0002 -5.41992187500000E-0003 -2.93640136718750E-0002 
 1.19000000000000E+0002 -1.06384277343750E-0002 -3.25744628906250E-0002 
 1.19500000000000E+0002 -1.52282714843749E-0002 -3.31542968750000E-0002 
 1.20000000000000E+0002 -1.54846191406249E-0002 -3.06274414062500E-0002 
 1.20500000000000E+0002 -1.25488281250000E-0002 -2.81250000000000E-0002 
 1.21000000000000E+0002 -9.91210937500000E-0003 -2.67517089843750E-0002 
 1.21500000000000E+0002 -9.56420898437499E-0003 -2.62756347656250E-0002 
 1.22000000000000E+0002 -1.07116699218749E-0002 -2.67700195312500E-0002 
 1.22500000000000E+0002 -1.31164550781250E-0002 -3.01330566406250E-0002 
 1.23000000000000E+0002 -1.65405273437500E-0002 -3.45458984375000E-0002 
 1.23500000000000E+0002 -1.94824218750000E-0002 -3.73352050781249E-0002 
 1.24000000000000E+0002 -2.08068847656250E-0002 -3.74206542968750E-0002 
 1.24500000000000E+0002 -2.01843261718750E-0002 -3.51928710937500E-0002 
 1.25000000000000E+0002 -1.82922363281250E-0002 -3.11889648437500E-0002 
 1.25500000000000E+0002 -1.62719726562500E-0002 -2.56164550781250E-0002 
 1.26000000000000E+0002 -1.53259277343749E-0002 -1.96105957031250E-0002 
 1.26500000000000E+0002 -1.50573730468750E-0002 -1.43737792968749E-0002 
 1.27000000000000E+0002 -1.52343749999999E-0002 -1.11328125000000E-0002 
 1.27500000000000E+0002 -1.69372558593750E-0002 -1.16943359375000E-0002 
 1.28000000000000E+0002 -2.02514648437500E-0002 -1.41052246093750E-0002 
 1.28500000000000E+0002 -2.31689453125000E-0002 -1.58081054687500E-0002 
 1.29000000000000E+0002 -2.48229980468750E-0002 -1.74926757812500E-0002 
 1.29500000000000E+0002 -2.48657226562500E-0002 -1.94396972656250E-0002 
 1.30000000000000E+0002 -2.48168945312500E-0002 -1.91772460937500E-0002 
 1.30500000000000E+0002 -2.33093261718750E-0002 -1.48254394531250E-0002 
 1.31000000000000E+0002 -1.91284179687500E-0002 -9.45434570312499E-0003 
 1.31500000000000E+0002 -1.38366699218750E-0002 -6.79931640625000E-0003 
 1.32000000000000E+0002 -1.10351562499999E-0002 -7.00683593750000E-0003 
 1.32500000000000E+0002 -1.08337402343750E-0002 -9.30175781250001E-0003 
 1.33000000000000E+0002 -1.19750976562500E-0002 -1.42883300781249E-0002 
 1.33500000000000E+0002 -1.40747070312500E-0002 -2.15454101562500E-0002 
 1.34000000000000E+0002 -1.72851562500000E-0002 -2.77526855468750E-0002 
 1.34500000000000E+0002 -1.92687988281250E-0002 -3.09265136718750E-0002 
 1.35000000000000E+0002 -1.94763183593750E-0002 -3.06152343750000E-0002 
 1.35500000000000E+0002 -1.69494628906250E-0002 -2.76977539062500E-0002 
 1.36000000000000E+0002 -1.27807617187499E-0002 -2.47985839843750E-0002 
 1.36500000000000E+0002 -9.56420898437500E-0003 -2.25219726562500E-0002 
 1.37000000000000E+0002 -8.64257812500001E-0003 -2.03308105468750E-0002 
 1.37500000000000E+0002 -1.07421874999999E-0002 -1.90917968750000E-0002 
 1.38000000000000E+0002 -1.52832031250000E-0002 -1.94030761718750E-0002 
 1.38500000000000E+0002 -2.21801757812500E-0002 -2.16186523437500E-0002 
 1.39000000000000E+0002 -2.93579101562500E-0002 -2.41333007812500E-0002 
 1.39500000000000E+0002 -3.39721679687500E-0002 -2.57812500000000E-0002 
 1.40000000000000E+0002 -3.46557617187500E-0002 -2.75146484375000E-0002 
 1.40500000000000E+0002 -3.36242675781249E-0002 -2.99926757812500E-0002 
 1.41000000000000E+0002 -3.16894531250000E-0002 -3.15734863281250E-0002 
 1.41500000000000E+0002 -2.89855957031250E-0002 -3.06030273437500E-0002 
 1.42000000000000E+0002 -2.64221191406250E-0002 -2.71972656250000E-0002 
 1.42500000000000E+0002 -2.60986328125000E-0002 -2.39257812500000E-0002 
 1.43000000000000E+0002 -2.81982421875000E-0002 -2.13317871093750E-0002 
 1.43500000000000E+0002 -2.95532226562500E-0002 -1.90917968750000E-0002 
 1.44000000000000E+0002 -2.95776367187500E-0002 -1.87255859375000E-0002 
 1.44500000000000E+0002 -2.97485351562500E-0002 -2.02819824218750E-0002 
 1.45000000000000E+0002 -2.85827636718750E-0002 -2.00622558593750E-0002 
 1.45500000000000E+0002 -2.59643554687500E-0002 -1.83898925781250E-0002 
 1.46000000000000E+0002 -2.50122070312500E-0002 -1.78283691406250E-0002 
 1.46500000000000E+0002 -2.81250000000000E-0002 -1.77185058593750E-0002 
 1.47000000000000E+0002 -3.34167480468750E-0002 -1.53808593749999E-0002 
 1.47500000000000E+0002 -3.76831054687500E-0002 -1.08337402343750E-0002 
 1.48000000000000E+0002 -4.11865234375000E-0002 -8.87451171874999E-0003 
 1.48500000000000E+0002 -4.53735351562500E-0002 -9.08813476562499E-0003 
 1.49000000000000E+0002 -4.70703125000000E-0002 -8.38012695312498E-0003 
 1.49500000000000E+0002 -4.60571289062499E-0002 -7.53784179687499E-0003 
 1.50000000000000E+0002 -4.58435058593750E-0002 -7.82470703125001E-0003 
 1.50500000000000E+0002 -4.73083496093749E-0002 -9.10034179687503E-0003 
 1.51000000000000E+0002 -4.76806640625000E-0002 -1.07543945312500E-0002 
 1.51500000000000E+0002 -4.52026367187500E-0002 -1.25244140625000E-0002 
 1.52000000000000E+0002 -4.15893554687501E-0002 -1.53442382812500E-0002 
 1.52500000000000E+0002 -3.80493164062500E-0002 -1.75598144531250E-0002 
 1.53000000000000E+0002 -3.29711914062500E-0002 -2.14416503906250E-0002 
 1.53500000000000E+0002 -2.80761718750000E-0002 -2.66784667968750E-0002 
 1.54000000000000E+0002 -2.48229980468750E-0002 -3.03833007812500E-0002 
 1.54500000000000E+0002 -2.29614257812500E-0002 -3.25073242187500E-0002 
 1.55000000000000E+0002 -2.18627929687500E-0002 -3.37890625000000E-0002 
 1.55500000000000E+0002 -2.14050292968750E-0002 -3.38439941406250E-0002 
 1.56000000000000E+0002 -2.05261230468750E-0002 -3.10974121093750E-0002 
 1.56500000000000E+0002 -1.95495605468750E-0002 -2.64160156250000E-0002 
 1.57000000000000E+0002 -1.98242187500000E-0002 -2.25097656250000E-0002 
 1.57500000000000E+0002 -1.97082519531250E-0002 -1.89208984375000E-0002 
 1.58000000000000E+0002 -1.79870605468750E-0002 -1.69494628906250E-0002 
 1.58500000000000E+0002 -1.70227050781250E-0002 -1.76025390625000E-0002 
 1.59000000000000E+0002 -1.75354003906250E-0002 -1.94519042968750E-0002 
 1.59500000000000E+0002 -1.70776367187500E-0002 -2.15820312500000E-0002 
 1.60000000000000E+0002 -1.55700683593749E-0002 -2.50915527343750E-0002 
 1.60500000000000E+0002 -1.64611816406250E-0002 -2.89184570312500E-0002 
 1.61000000000000E+0002 -1.95556640625000E-0002 -3.02307128906250E-0002 
 1.61500000000000E+0002 -2.14782714843750E-0002 -3.03955078125000E-0002 
 1.62000000000000E+0002 -2.24487304687500E-0002 -3.29895019531250E-0002 
 1.62500000000000E+0002 -2.52380371093750E-0002 -3.68652343750000E-0002 
 1.63000000000000E+0002 -2.86987304687500E-0002 -3.96667480468750E-0002 
 1.63500000000000E+0002 -3.14880371093750E-0002 -4.15466308593750E-0002 
 1.64000000000000E+0002 -3.39294433593750E-0002 -4.23034667968750E-0002 
 1.64500000000000E+0002 -3.60046386718750E-0002 -3.97094726562500E-0002 
 1.65000000000000E+0002 -3.53698730468750E-0002 -3.38989257812500E-0002 
 1.65500000000000E+0002 -3.36486816406250E-0002 -2.67944335937500E-0002 
 1.66000000000000E+0002 -3.21228027343750E-0002 -1.99279785156250E-0002 
 1.66500000000000E+0002 -2.85583496093750E-0002 -1.53076171875000E-0002 
 1.67000000000000E+0002 -2.23815917968750E-0002 -1.42517089843750E-0002 
 1.67500000000000E+0002 -1.59362792968750E-0002 -1.63024902343750E-0002 
 1.68000000000000E+0002 -1.22497558593750E-0002 -1.95922851562500E-0002 
 1.68500000000000E+0002 -1.14562988281250E-0002 -2.35412597656250E-0002 
 1.69000000000000E+0002 -1.25427246093750E-0002 -2.77770996093750E-0002 
 1.69500000000000E+0002 -1.68212890625000E-0002 -2.94494628906250E-0002 
 1.70000000000000E+0002 -2.22656250000000E-0002 -2.74719238281250E-0002 
 1.70500000000000E+0002 -2.54272460937500E-0002 -2.49816894531250E-0002 
 1.71000000000000E+0002 -2.68005371093750E-0002 -2.33703613281250E-0002 
 1.71500000000000E+0002 -2.78320312500000E-0002 -2.13806152343750E-0002 
 1.72000000000000E+0002 -2.65441894531250E-0002 -1.77551269531250E-0002 
 1.72500000000000E+0002 -2.35351562500000E-0002 -1.40319824218750E-0002 
 1.73000000000000E+0002 -2.14782714843750E-0002 -1.18652343750000E-0002 
 1.73500000000000E+0002 -2.22229003906250E-0002 -1.31408691406250E-0002 
 1.74000000000000E+0002 -2.49877929687500E-0002 -1.56188964843750E-0002 
 1.74500000000000E+0002 -2.66723632812500E-0002 -1.68090820312500E-0002 
 1.75000000000000E+0002 -2.76428222656250E-0002 -1.73461914062500E-0002 
 1.75500000000000E+0002 -2.87658691406250E-0002 -1.92016601562500E-0002 
 1.76000000000000E+0002 -3.05847167968750E-0002 -2.10510253906250E-0002 
 1.76500000000000E+0002 -3.12866210937500E-0002 -2.02697753906250E-0002 
 1.77000000000000E+0002 -3.08410644531251E-0002 -1.97143554687500E-0002 
 1.77500000000000E+0002 -3.14758300781250E-0002 -2.29431152343750E-0002 
 1.78000000000000E+0002 -3.47656250000000E-0002 -2.71728515625000E-0002 
 1.78500000000000E+0002 -3.81164550781250E-0002 -2.92602539062500E-0002 
 1.79000000000000E+0002 -3.95263671875000E-0002 -3.06030273437500E-0002 
 1.79500000000000E+0002 -4.02832031250000E-0002 -3.14086914062500E-0002 
 1.80000000000000E+0002 -4.01733398437500E-0002 -2.90466308593750E-0002 
 1.80500000000000E+0002 -3.72680664062500E-0002 -2.43713378906250E-0002 
 1.81000000000000E+0002 -3.10485839843750E-0002 -1.99645996093750E-0002 
 1.81500000000000E+0002 -2.45788574218750E-0002 -1.69921875000000E-0002 
 1.82000000000000E+0002 -1.96533203125000E-0002 -1.47460937499999E-0002 
 1.82500000000000E+0002 -1.62780761718750E-0002 -1.38183593750000E-0002 
 1.83000000000000E+0002 -1.40869140625000E-0002 -1.46911621093750E-0002 
 1.83500000000000E+0002 -1.43493652343750E-0002 -1.63513183593750E-0002 
 1.84000000000000E+0002 -1.65893554687500E-0002 -1.76269531250000E-0002 
 1.84500000000000E+0002 -1.91650390625000E-0002 -1.96105957031250E-0002 
 1.85000000000000E+0002 -2.19177246093750E-0002 -2.22778320312500E-0002 
 1.85500000000000E+0002 -2.51953125000000E-0002 -2.42797851562500E-0002 
 1.86000000000000E+0002 -2.78747558593750E-0002 -2.45849609375000E-0002 
 1.86500000000000E+0002 -2.76306152343750E-0002 -2.47375488281250E-0002 
 1.87000000000000E+0002 -2.60314941406250E-0002 -2.64099121093750E-0002 
 1.87500000000000E+0002 -2.40234375000000E-0002 -2.71545410156251E-0002 
 1.88000000000000E+0002 -2.03430175781250E-0002 -2.67089843750000E-0002 
 1.88500000000000E+0002 -1.59667968750000E-0002 -2.61901855468750E-0002 
 1.89000000000000E+0002 -1.28906249999999E-0002 -2.64953613281250E-0002 
 1.89500000000000E+0002 -1.27746582031249E-0002 -2.65991210937500E-0002 
 1.90000000000000E+0002 -1.48254394531250E-0002 -2.57507324218750E-0002 
 1.90500000000000E+0002 -1.75354003906250E-0002 -2.53906250000000E-0002 
 1.91000000000000E+0002 -2.17895507812500E-0002 -2.56591796875000E-0002 
 1.91500000000000E+0002 -2.56103515625000E-0002 -2.51586914062500E-0002 
 1.92000000000000E+0002 -2.70568847656250E-0002 -2.47619628906250E-0002 
 1.92500000000000E+0002 -2.82958984375000E-0002 -2.52136230468750E-0002 
 1.93000000000000E+0002 -3.06030273437500E-0002 -2.48962402343750E-0002 
 1.93500000000000E+0002 -3.30749511718750E-0002 -2.27600097656250E-0002 
 1.94000000000000E+0002 -3.34472656250000E-0002 -2.03186035156250E-0002 
 1.94500000000000E+0002 -3.30200195312499E-0002 -1.96533203125000E-0002 
 1.95000000000000E+0002 -3.29101562500000E-0002 -1.98547363281250E-0002 
 1.95500000000000E+0002 -3.16772460937500E-0002 -2.00134277343750E-0002 
 1.96000000000000E+0002 -2.84790039062500E-0002 -2.15454101562500E-0002 
 1.96500000000000E+0002 -2.56958007812500E-0002 -2.44934082031250E-0002 
 1.97000000000000E+0002 -2.62695312500000E-0002 -2.73681640625000E-0002 
 1.97500000000000E+0002 -2.89184570312500E-0002 -2.83264160156250E-0002 
 1.98000000000000E+0002 -3.09448242187500E-0002 -2.52807617187500E-0002 
 1.98500000000000E+0002 -2.97729492187500E-0002 -2.01904296875000E-0002 
 1.99000000000000E+0002 -2.72888183593750E-0002 -1.72363281250000E-0002 
 1.99500000000000E+0002 -2.53479003906250E-0002 -1.50329589843750E-0002 
 2.00000000000000E+0002 -2.22473144531250E-0002 -1.29272460937500E-0002 
 2.00500000000000E+0002 -1.74133300781250E-0002 -1.36779785156250E-0002 
 2.01000000000000E+0002 -1.57104492187500E-0002 -1.79626464843750E-0002 
 2.01500000000000E+0002 -1.87438964843750E-0002 -2.25402832031250E-0002 
 2.02000000000000E+0002 -2.23815917968750E-0002 -2.47009277343750E-0002 
 2.02500000000000E+0002 -2.38403320312500E-0002 -2.53723144531250E-0002 
 2.03000000000000E+0002 -2.57690429687500E-0002 -2.53967285156250E-0002 
 2.03500000000000E+0002 -2.76977539062500E-0002 -2.43713378906250E-0002 
 2.04000000000000E+0002 -2.65075683593750E-0002 -2.43041992187500E-0002 
 2.04500000000000E+0002 -2.24365234375000E-0002 -2.56408691406250E-0002 
 2.05000000000000E+0002 -1.76269531250000E-0002 -2.77038574218750E-0002 
 2.05500000000000E+0002 -1.34704589843750E-0002 -2.95410156250000E-0002 
 2.06000000000000E+0002 -9.47875976562500E-0003 -3.05664062500000E-0002 
 2.06500000000000E+0002 -6.32934570312500E-0003 -3.13415527343751E-0002 
 2.07000000000000E+0002 -5.74951171875000E-0003 -3.09082031250000E-0002 
 2.07500000000000E+0002 -7.27539062500000E-0003 -3.07983398437499E-0002 
 2.08000000000000E+0002 -1.12182617187500E-0002 -3.18786621093750E-0002 
 2.08500000000000E+0002 -1.66503906250000E-0002 -3.34716796875000E-0002 
 2.09000000000000E+0002 -2.23510742187500E-0002 -3.45825195312501E-0002 
 2.09500000000000E+0002 -2.64892578125000E-0002 -3.38195800781250E-0002 
 2.10000000000000E+0002 -2.81311035156250E-0002 -3.31481933593750E-0002 
 2.10500000000000E+0002 -2.94311523437500E-0002 -3.35937500000000E-0002 
 2.11000000000000E+0002 -3.16528320312500E-0002 -3.45397949218750E-0002 
 2.11500000000000E+0002 -3.35021972656250E-0002 -3.59436035156250E-0002 
 2.12000000000000E+0002 -3.32214355468750E-0002 -3.83422851562500E-0002 
 2.12500000000000E+0002 -3.14880371093750E-0002 -4.25781250000000E-0002 
 2.13000000000000E+0002 -3.05480957031250E-0002 -4.54162597656249E-0002 
 2.13500000000000E+0002 -2.97424316406250E-0002 -4.39758300781251E-0002 
 2.14000000000000E+0002 -2.70690917968750E-0002 -3.99536132812501E-0002 
 2.14500000000000E+0002 -2.34069824218750E-0002 -3.43566894531250E-0002 
 2.15000000000000E+0002 -2.14477539062500E-0002 -2.79113769531250E-0002 
 2.15500000000000E+0002 -2.12158203125000E-0002 -2.30407714843750E-0002 
 2.16000000000000E+0002 -2.11975097656250E-0002 -2.20581054687500E-0002 
 2.16500000000000E+0002 -2.18566894531250E-0002 -2.43225097656250E-0002 
 2.17000000000000E+0002 -2.32666015625000E-0002 -2.70141601562500E-0002 
 2.17500000000000E+0002 -2.56408691406250E-0002 -2.97668457031250E-0002 
 2.18000000000000E+0002 -2.82043457031250E-0002 -3.15002441406250E-0002 
 2.18500000000000E+0002 -2.88635253906250E-0002 -3.06030273437500E-0002 
 2.19000000000000E+0002 -2.65991210937500E-0002 -2.73803710937501E-0002 
 2.19500000000000E+0002 -2.29125976562500E-0002 -2.41210937500000E-0002 
 2.20000000000000E+0002 -1.96044921875000E-0002 -2.22412109375000E-0002 
 2.20500000000000E+0002 -1.69250488281250E-0002 -2.23510742187500E-0002 
 2.21000000000000E+0002 -1.60095214843750E-0002 -2.32543945312500E-0002 
 2.21500000000000E+0002 -1.78405761718750E-0002 -2.42187500000000E-0002 
 2.22000000000000E+0002 -2.15393066406250E-0002 -2.66052246093750E-0002 
 2.22500000000000E+0002 -2.52197265625000E-0002 -3.00048828125001E-0002 
 2.23000000000000E+0002 -2.74719238281250E-0002 -3.34960937500000E-0002 
 2.23500000000000E+0002 -2.82958984375000E-0002 -3.52416992187500E-0002 
 2.24000000000000E+0002 -2.85034179687500E-0002 -3.58398437500000E-0002 
 2.24500000000000E+0002 -2.92480468750000E-0002 -3.63403320312500E-0002 
 2.25000000000000E+0002 -3.03466796875000E-0002 -3.43261718750000E-0002 
 2.25500000000000E+0002 -3.04443359375000E-0002 -2.87597656250000E-0002 
 2.26000000000000E+0002 -2.99926757812500E-0002 -2.25036621093750E-0002 
 2.26500000000000E+0002 -2.97424316406250E-0002 -1.89331054687500E-0002 
 2.27000000000000E+0002 -3.03344726562499E-0002 -1.75537109375000E-0002 
 2.27500000000000E+0002 -3.08776855468750E-0002 -1.58508300781250E-0002 
 2.28000000000000E+0002 -3.05480957031250E-0002 -1.43554687499999E-0002 
 2.28500000000000E+0002 -3.05297851562500E-0002 -1.66687011718750E-0002 
 2.29000000000000E+0002 -3.24096679687500E-0002 -2.22045898437500E-0002 
 2.29500000000000E+0002 -3.33312988281250E-0002 -2.65747070312500E-0002 
 2.30000000000000E+0002 -3.13415527343750E-0002 -2.90893554687500E-0002 
 2.30500000000000E+0002 -2.89611816406250E-0002 -3.27575683593749E-0002 
 2.31000000000000E+0002 -2.94189453125000E-0002 -3.64196777343750E-0002 
 2.31500000000000E+0002 -3.04138183593750E-0002 -3.60839843749999E-0002 
 2.32000000000000E+0002 -2.94189453125000E-0002 -3.26354980468750E-0002 
 2.32500000000000E+0002 -2.88330078125000E-0002 -2.98583984375000E-0002 
 2.33000000000000E+0002 -2.98767089843750E-0002 -2.66906738281250E-0002 
 2.33500000000000E+0002 -2.92358398437500E-0002 -2.24792480468750E-0002 
 2.34000000000000E+0002 -2.55920410156250E-0002 -2.01049804687500E-0002 
 2.34500000000000E+0002 -2.16186523437500E-0002 -1.92626953125000E-0002 
 2.35000000000000E+0002 -1.95312500000000E-0002 -1.76635742187500E-0002 
 2.35500000000000E+0002 -1.82800292968750E-0002 -1.67053222656250E-0002 
 2.36000000000000E+0002 -1.77917480468750E-0002 -1.85607910156250E-0002 
 2.36500000000000E+0002 -1.90063476562500E-0002 -2.03308105468750E-0002 
 2.37000000000000E+0002 -2.16125488281250E-0002 -1.90979003906251E-0002 
 2.37500000000000E+0002 -2.50671386718750E-0002 -1.72607421875000E-0002 
 2.38000000000000E+0002 -2.86682128906250E-0002 -1.52648925781249E-0002 
 2.38500000000000E+0002 -3.18176269531250E-0002 -1.10168457031250E-0002 
 2.39000000000000E+0002 -3.25012207031250E-0002 -2.95410156250000E-0003 
 2.39500000000000E+0002 -3.00964355468750E-0002  5.04150390625001E-0003 
 2.40000000000000E+0002 -2.71240234375000E-0002  7.92846679687498E-0003 
 2.40500000000000E+0002 -2.57568359375000E-0002  6.65283203125001E-0003 
 2.41000000000000E+0002 -2.45971679687500E-0002  3.12500000000000E-0003 
 2.41500000000000E+0002 -2.40356445312500E-0002 -3.33251953125000E-0003 
 2.42000000000000E+0002 -2.71972656250000E-0002 -1.32141113281250E-0002 
 2.42500000000000E+0002 -3.28247070312500E-0002 -2.17956542968750E-0002 
 2.43000000000000E+0002 -3.55468750000000E-0002 -2.60559082031250E-0002 
 2.43500000000000E+0002 -3.32702636718750E-0002 -2.81860351562500E-0002 
 2.44000000000000E+0002 -3.01513671875000E-0002 -3.01147460937500E-0002 
 2.44500000000000E+0002 -2.79724121093750E-0002 -3.08471679687500E-0002 
 2.45000000000000E+0002 -2.59704589843750E-0002 -2.99621582031250E-0002 
 2.45500000000000E+0002 -2.52868652343750E-0002 -3.02795410156250E-0002 
 2.46000000000000E+0002 -2.80517578125000E-0002 -3.29833984375001E-0002 
 2.46500000000000E+0002 -3.29223632812500E-0002 -3.48327636718750E-0002 
 2.47000000000000E+0002 -3.68591308593750E-0002 -3.42834472656250E-0002 
 2.47500000000000E+0002 -3.90258789062500E-0002 -3.32885742187500E-0002 
 2.48000000000000E+0002 -4.01916503906251E-0002 -3.17687988281250E-0002 
 2.48500000000000E+0002 -3.93554687500000E-0002 -2.89733886718750E-0002 
 2.49000000000000E+0002 -3.55895996093750E-0002 -2.65258789062500E-0002 
 2.49500000000000E+0002 -3.04199218750000E-0002 -2.55981445312500E-0002 
 2.50000000000000E+0002 -2.65441894531250E-0002 -2.47863769531250E-0002 
 2.50500000000000E+0002 -2.35656738281250E-0002 -2.35839843750000E-0002 
 2.51000000000000E+0002 -2.06726074218750E-0002 -2.36877441406250E-0002 
 2.51500000000000E+0002 -1.97631835937500E-0002 -2.41943359375000E-0002 
 2.52000000000000E+0002 -2.13806152343750E-0002 -2.37731933593750E-0002 
 2.52500000000000E+0002 -2.44262695312500E-0002 -2.41821289062500E-0002 
 2.53000000000000E+0002 -2.63793945312500E-0002 -2.63732910156250E-0002 
 2.53500000000000E+0002 -2.67456054687500E-0002 -2.90527343750000E-0002 
 2.54000000000000E+0002 -2.67456054687500E-0002 -3.02551269531250E-0002 
 2.54500000000000E+0002 -2.63488769531250E-0002 -2.99438476562500E-0002 
 2.55000000000000E+0002 -2.65380859375000E-0002 -2.82653808593750E-0002 
 2.55500000000000E+0002 -2.77404785156250E-0002 -2.57202148437500E-0002 
 2.56000000000000E+0002 -2.97668457031250E-0002 -2.30041503906250E-0002 
 2.56500000000000E+0002 -3.14880371093750E-0002 -2.03613281250000E-0002 
 2.57000000000000E+0002 -3.12805175781250E-0002 -1.93237304687500E-0002 
 2.57500000000000E+0002 -2.99133300781250E-0002 -1.95922851562500E-0002 
 2.58000000000000E+0002 -2.70141601562500E-0002 -2.11120605468750E-0002 
 2.58500000000000E+0002 -2.35107421875000E-0002 -2.40722656250000E-0002 
 2.59000000000000E+0002 -2.02209472656250E-0002 -2.72460937500000E-0002 
 2.59500000000000E+0002 -1.83471679687500E-0002 -2.95104980468750E-0002 
 2.60000000000000E+0002 -1.63818359375000E-0002 -2.99560546875000E-0002 
 2.60500000000000E+0002 -1.20605468750000E-0002 -2.95898437500000E-0002 
 2.61000000000000E+0002 -7.51953125000000E-0003 -2.98034667968750E-0002 
 2.61500000000000E+0002 -3.90014648437501E-0003 -2.82165527343750E-0002 
 2.62000000000000E+0002 -8.17871093749998E-0004 -2.51892089843750E-0002 
 2.62500000000000E+0002  1.23901367187499E-0003 -2.37365722656250E-0002 
 2.63000000000000E+0002  1.15356445312500E-0003 -2.54333496093750E-0002 
 2.63500000000000E+0002 -2.39257812500000E-0003 -2.77160644531250E-0002 
 2.64000000000000E+0002 -7.59277343749998E-0003 -2.74597167968750E-0002 
 2.64500000000000E+0002 -1.26403808593750E-0002 -2.60375976562500E-0002 
 2.65000000000000E+0002 -1.83105468750000E-0002 -2.43774414062500E-0002 
 2.65500000000000E+0002 -2.46948242187500E-0002 -2.18200683593750E-0002 
 2.66000000000000E+0002 -3.04992675781250E-0002 -1.81091308593750E-0002 
 2.66500000000000E+0002 -3.52661132812500E-0002 -1.50085449218749E-0002 
 2.67000000000000E+0002 -3.88793945312500E-0002 -1.24694824218749E-0002 
 2.67500000000000E+0002 -4.00512695312500E-0002 -1.05163574218750E-0002 
 2.68000000000000E+0002 -3.83911132812500E-0002 -1.06750488281249E-0002 
 2.68500000000000E+0002 -3.38684082031250E-0002 -1.27197265624999E-0002 
 2.69000000000000E+0002 -2.89794921875000E-0002 -1.46911621093750E-0002 
 2.69500000000000E+0002 -2.57324218750000E-0002 -1.51672363281249E-0002 
 2.70000000000000E+0002 -2.32849121093750E-0002 -1.57958984375000E-0002 
 2.70500000000000E+0002 -2.06909179687500E-0002 -1.78466796875000E-0002 
 2.71000000000000E+0002 -1.84448242187500E-0002 -1.87377929687500E-0002 
 2.71500000000000E+0002 -1.73889160156250E-0002 -1.84631347656250E-0002 
 2.72000000000000E+0002 -1.76269531250000E-0002 -1.89025878906250E-0002 
 2.72500000000000E+0002 -1.82922363281250E-0002 -2.04467773437500E-0002 
 2.73000000000000E+0002 -1.94824218750000E-0002 -2.10754394531250E-0002 
 2.73500000000000E+0002 -2.12036132812500E-0002 -2.04162597656250E-0002 
 2.74000000000000E+0002 -2.30102539062500E-0002 -2.01416015625000E-0002 
 2.74500000000000E+0002 -2.53723144531250E-0002 -2.02209472656250E-0002 
 2.75000000000000E+0002 -2.80334472656250E-0002 -2.01599121093750E-0002 
 2.75500000000000E+0002 -2.90771484375000E-0002 -1.97387695312501E-0002 
 2.76000000000000E+0002 -2.65686035156250E-0002 -2.02880859375000E-0002 
 2.76500000000000E+0002 -2.36450195312500E-0002 -2.18872070312500E-0002 
 2.77000000000000E+0002 -2.27111816406250E-0002 -2.29125976562500E-0002 
 2.77500000000000E+0002 -2.19482421875000E-0002 -2.30285644531250E-0002 
 2.78000000000000E+0002 -1.82983398437500E-0002 -2.09838867187500E-0002 
 2.78500000000000E+0002 -1.22802734375000E-0002 -1.77246093750000E-0002 
 2.79000000000000E+0002 -6.50634765624999E-0003 -1.51916503906250E-0002 
 2.79500000000000E+0002 -2.97851562500000E-0003 -1.41296386718750E-0002 
 2.80000000000000E+0002 -1.56249999999999E-0003 -1.31347656249999E-0002 
 2.80500000000000E+0002 -1.38549804687499E-0003 -1.18347167968750E-0002 
 2.81000000000000E+0002 -3.79638671875000E-0003 -1.02783203125000E-0002 
 2.81500000000000E+0002 -1.09802246093750E-0002 -9.52148437499998E-0003 
 2.82000000000000E+0002 -2.08129882812500E-0002 -7.84912109375000E-0003 
 2.82500000000000E+0002 -2.87048339843749E-0002 -5.15747070312498E-0003 
 2.83000000000000E+0002 -3.33374023437500E-0002 -3.80249023437500E-0003 
 2.83500000000000E+0002 -3.60107421875000E-0002 -6.69555664062499E-0003 
 2.84000000000000E+0002 -3.81774902343749E-0002 -1.36474609374999E-0002 
 2.84500000000000E+0002 -3.87145996093749E-0002 -2.05688476562500E-0002 
 2.85000000000000E+0002 -3.68347167968750E-0002 -2.59277343750000E-0002 
 2.85500000000000E+0002 -3.41186523437500E-0002 -3.10546875000000E-0002 
 2.86000000000000E+0002 -3.13049316406250E-0002 -3.51440429687500E-0002 
 2.86500000000000E+0002 -2.82897949218750E-0002 -3.57971191406250E-0002 
 2.87000000000000E+0002 -2.45361328125000E-0002 -3.48144531250000E-0002 
 2.87500000000000E+0002 -2.25402832031250E-0002 -3.46435546875000E-0002 
 2.88000000000000E+0002 -2.30773925781250E-0002 -3.55407714843750E-0002 
 2.88500000000000E+0002 -2.54943847656250E-0002 -3.73474121093750E-0002 
 2.89000000000000E+0002 -2.84179687500000E-0002 -3.90686035156251E-0002 
 2.89500000000000E+0002 -3.02612304687500E-0002 -4.02404785156251E-0002 
 2.90000000000000E+0002 -3.01879882812500E-0002 -4.13696289062500E-0002 
 2.90500000000000E+0002 -2.95898437500000E-0002 -4.23400878906250E-0002 
 2.91000000000000E+0002 -2.98828125000000E-0002 -4.13818359375000E-0002 
 2.91500000000000E+0002 -2.98583984375000E-0002 -3.69995117187500E-0002 
 2.92000000000000E+0002 -3.01208496093750E-0002 -3.12744140625000E-0002 
 2.92500000000000E+0002 -3.18298339843750E-0002 -2.50122070312500E-0002 
 2.93000000000000E+0002 -3.38928222656250E-0002 -1.80847167968750E-0002 
 2.93500000000000E+0002 -3.39904785156250E-0002 -1.24511718750000E-0002 
 2.94000000000000E+0002 -3.19885253906250E-0002 -9.04541015624998E-0003 
 2.94500000000000E+0002 -3.12255859375000E-0002 -8.03833007812499E-0003 
 2.95000000000000E+0002 -3.24951171875000E-0002 -8.49609375000000E-0003 
 2.95500000000000E+0002 -3.34289550781250E-0002 -9.95483398437498E-0003 
 2.96000000000000E+0002 -3.40637207031250E-0002 -1.26953124999999E-0002 
 2.96500000000000E+0002 -3.52966308593750E-0002 -1.55273437500000E-0002 
 2.97000000000000E+0002 -3.56323242187500E-0002 -1.79992675781250E-0002 
 2.97500000000000E+0002 -3.22937011718750E-0002 -2.04650878906250E-0002 
 2.98000000000000E+0002 -2.64648437500000E-0002 -2.36938476562500E-0002 
 2.98500000000000E+0002 -2.20764160156250E-0002 -2.68981933593750E-0002 
 2.99000000000000E+0002 -2.01110839843750E-0002 -2.96020507812499E-0002 
 2.99500000000000E+0002 -2.03552246093750E-0002 -3.19091796875000E-0002 
 3.00000000000000E+0002 -2.28515625000000E-0002 -3.23547363281250E-0002 
 3.00500000000000E+0002 -2.68737792968750E-0002 -3.07495117187499E-0002 
 3.01000000000000E+0002 -3.07922363281250E-0002 -2.85278320312500E-0002 
 3.01500000000000E+0002 -3.27209472656250E-0002 -2.68310546875000E-0002 
 3.02000000000000E+0002 -3.32519531250000E-0002 -2.48657226562500E-0002 
 3.02500000000000E+0002 -3.24951171875000E-0002 -2.27355957031250E-0002 
 3.03000000000000E+0002 -2.99133300781250E-0002 -2.23205566406250E-0002 
 3.03500000000000E+0002 -2.62023925781250E-0002 -2.40539550781250E-0002 
 3.04000000000000E+0002 -2.23876953125000E-0002 -2.64526367187500E-0002 
 3.04500000000000E+0002 -1.89819335937500E-0002 -2.74780273437500E-0002 
 3.05000000000000E+0002 -1.58569335937500E-0002 -2.77709960937500E-0002 
 3.05500000000000E+0002 -1.45080566406250E-0002 -2.84973144531250E-0002 
 3.06000000000000E+0002 -1.59057617187500E-0002 -2.86376953125000E-0002 
 3.06500000000000E+0002 -1.81945800781250E-0002 -2.63549804687500E-0002 
 3.07000000000000E+0002 -2.03674316406250E-0002 -2.34069824218750E-0002 
 3.07500000000000E+0002 -2.35961914062500E-0002 -2.24121093750000E-0002 
 3.08000000000000E+0002 -2.72888183593750E-0002 -2.18750000000000E-0002 
 3.08500000000000E+0002 -2.84301757812500E-0002 -1.92565917968750E-0002 
 3.09000000000000E+0002 -2.74719238281250E-0002 -1.52343749999999E-0002 
 3.09500000000000E+0002 -2.65808105468750E-0002 -1.18591308593750E-0002 
 3.10000000000000E+0002 -2.61352539062500E-0002 -1.03027343750000E-0002 
 3.10500000000000E+0002 -2.52136230468750E-0002 -9.36279296875000E-0003 
 3.11000000000000E+0002 -2.36083984375000E-0002 -8.92333984375000E-0003 
 3.11500000000000E+0002 -2.23327636718750E-0002 -1.10290527343750E-0002 
 3.12000000000000E+0002 -2.16247558593750E-0002 -1.62719726562500E-0002 
 3.12500000000000E+0002 -2.29614257812500E-0002 -2.29125976562500E-0002 
 3.13000000000000E+0002 -2.64465332031250E-0002 -2.62390136718750E-0002 
 3.13500000000000E+0002 -2.90222167968751E-0002 -2.61840820312500E-0002 
 3.14000000000000E+0002 -2.94433593750000E-0002 -2.57324218750000E-0002 
 3.14500000000000E+0002 -2.86682128906250E-0002 -2.53295898437500E-0002 
 3.15000000000000E+0002 -2.64221191406250E-0002 -2.42675781250000E-0002 
 3.15500000000000E+0002 -2.38098144531250E-0002 -2.28637695312500E-0002 
 3.16000000000000E+0002 -2.05261230468750E-0002 -2.14477539062500E-0002 
 3.16500000000000E+0002 -1.63208007812500E-0002 -1.99707031250000E-0002 
 3.17000000000000E+0002 -1.24633789062500E-0002 -1.87805175781250E-0002 
 3.17500000000000E+0002 -1.03393554687500E-0002 -1.80358886718750E-0002 
 3.18000000000000E+0002 -8.91723632812500E-0003 -1.88598632812500E-0002 
 3.18500000000000E+0002 -8.38012695312500E-0003 -2.14782714843750E-0002 
 3.19000000000000E+0002 -9.63745117187500E-0003 -2.57019042968750E-0002 
 3.19500000000000E+0002 -1.40869140625000E-0002 -3.05786132812500E-0002 
 3.20000000000000E+0002 -2.07702636718750E-0002 -3.29467773437500E-0002 
 3.20500000000000E+0002 -2.70446777343750E-0002 -3.28552246093750E-0002 
 3.21000000000000E+0002 -3.23913574218750E-0002 -3.15124511718750E-0002 
 3.21500000000000E+0002 -3.54492187500000E-0002 -2.80151367187500E-0002 
 3.22000000000000E+0002 -3.53149414062500E-0002 -2.47497558593750E-0002 
 3.22500000000000E+0002 -3.30932617187500E-0002 -2.15759277343750E-0002 
 3.23000000000000E+0002 -2.92602539062500E-0002 -1.91040039062500E-0002 
 3.23500000000000E+0002 -2.50793457031250E-0002 -1.70898437500000E-0002 
 3.24000000000000E+0002 -2.04772949218750E-0002 -1.49169921875000E-0002 
 3.24500000000000E+0002 -1.67114257812500E-0002 -1.36047363281250E-0002 
 3.25000000000000E+0002 -1.63269042968750E-0002 -1.31530761718750E-0002 
 3.25500000000000E+0002 -1.86645507812500E-0002 -1.39160156249999E-0002 
 3.26000000000000E+0002 -2.24792480468750E-0002 -1.66687011718750E-0002 
 3.26500000000000E+0002 -2.74291992187500E-0002 -2.06909179687500E-0002 
 3.27000000000000E+0002 -3.39965820312500E-0002 -2.46948242187500E-0002 
 3.27500000000000E+0002 -4.00939941406250E-0002 -2.68981933593750E-0002 
 3.28000000000000E+0002 -4.22668457031251E-0002 -2.67578125000000E-0002 
 3.28500000000000E+0002 -4.04846191406250E-0002 -2.52502441406250E-0002 
 3.29000000000000E+0002 -3.73657226562500E-0002 -2.28088378906250E-0002 
 3.29500000000000E+0002 -3.37158203125000E-0002 -1.95800781250000E-0002 
 3.30000000000000E+0002 -2.91503906250000E-0002 -1.65527343750000E-0002 
 3.30500000000000E+0002 -2.44567871093750E-0002 -1.56372070312500E-0002 
 3.31000000000000E+0002 -2.25097656250000E-0002 -1.78894042968750E-0002 
 3.31500000000000E+0002 -2.33642578125000E-0002 -2.00988769531250E-0002 
 3.32000000000000E+0002 -2.43774414062500E-0002 -2.08007812500000E-0002 
 3.32500000000000E+0002 -2.51037597656250E-0002 -2.02026367187500E-0002 
 3.33000000000000E+0002 -2.54333496093750E-0002 -1.99340820312500E-0002 
 3.33500000000000E+0002 -2.62756347656250E-0002 -2.00073242187500E-0002 
 3.34000000000000E+0002 -2.94311523437500E-0002 -1.95800781250000E-0002 
 3.34500000000000E+0002 -3.36120605468750E-0002 -1.88354492187500E-0002 
 3.35000000000000E+0002 -3.75488281250000E-0002 -1.92504882812500E-0002 
 3.35500000000000E+0002 -4.20471191406250E-0002 -2.03369140625000E-0002 
 3.36000000000000E+0002 -4.56909179687500E-0002 -1.92871093750000E-0002 
 3.36500000000000E+0002 -4.54284667968750E-0002 -1.71325683593750E-0002 
 3.37000000000000E+0002 -4.22790527343750E-0002 -1.64733886718750E-0002 
 3.37500000000000E+0002 -3.81347656250000E-0002 -1.70776367187500E-0002 
 3.38000000000000E+0002 -3.25012207031250E-0002 -1.76879882812500E-0002 
 3.38500000000000E+0002 -2.55859375000000E-0002 -1.92871093750000E-0002 
 3.39000000000000E+0002 -2.16735839843750E-0002 -2.13623046875000E-0002 
 3.39500000000000E+0002 -2.18200683593750E-0002 -2.13134765625000E-0002 
 3.40000000000000E+0002 -2.14111328125000E-0002 -2.01904296875000E-0002 
 3.40500000000000E+0002 -1.79138183593750E-0002 -2.08129882812500E-0002 
 3.41000000000000E+0002 -1.46057128906250E-0002 -2.34008789062501E-0002 
 3.41500000000000E+0002 -1.36047363281249E-0002 -2.59643554687500E-0002 
 3.42000000000000E+0002 -1.29760742187500E-0002 -2.74414062500000E-0002 
 3.42500000000000E+0002 -1.07299804687500E-0002 -2.93701171875000E-0002 
 3.43000000000000E+0002 -1.03271484374999E-0002 -3.06213378906250E-0002 
 3.43500000000000E+0002 -1.41479492187500E-0002 -2.88757324218750E-0002 
 3.44000000000000E+0002 -2.00134277343750E-0002 -2.57141113281250E-0002 
 3.44500000000000E+0002 -2.55065917968750E-0002 -2.38586425781250E-0002 
 3.45000000000000E+0002 -3.03833007812501E-0002 -2.25708007812500E-0002 
 3.45500000000000E+0002 -3.44726562500000E-0002 -2.06970214843750E-0002 
 3.46000000000000E+0002 -3.69018554687499E-0002 -1.95373535156250E-0002 
 3.46500000000000E+0002 -3.89038085937500E-0002 -2.06848144531250E-0002 
 3.47000000000000E+0002 -4.04968261718750E-0002 -2.18078613281250E-0002 
 3.47500000000000E+0002 -4.06555175781250E-0002 -2.07214355468750E-0002 
 3.48000000000000E+0002 -3.78479003906249E-0002 -1.93908691406250E-0002 
 3.48500000000000E+0002 -3.31481933593750E-0002 -1.94641113281250E-0002 
 3.49000000000000E+0002 -2.79724121093750E-0002 -2.03002929687500E-0002 
 3.49500000000000E+0002 -2.36267089843750E-0002 -1.97692871093750E-0002 
 3.50000000000000E+0002 -1.92932128906250E-0002 -1.87561035156250E-0002 
 3.50500000000000E+0002 -1.53625488281249E-0002 -1.84936523437500E-0002 
 3.51000000000000E+0002 -1.43066406250000E-0002 -1.92138671875000E-0002 
 3.51500000000000E+0002 -1.68518066406250E-0002 -1.92565917968750E-0002 
 3.52000000000000E+0002 -1.89331054687500E-0002 -1.86889648437500E-0002 
 3.52500000000000E+0002 -1.87194824218750E-0002 -2.02453613281250E-0002 
 3.53000000000000E+0002 -1.78955078125000E-0002 -2.36389160156250E-0002 
 3.53500000000000E+0002 -1.80847167968750E-0002 -2.66357421875000E-0002 
 3.54000000000000E+0002 -1.89819335937500E-0002 -2.77404785156250E-0002 
 3.54500000000000E+0002 -1.93359375000000E-0002 -2.64038085937500E-0002 
 3.55000000000000E+0002 -1.84509277343750E-0002 -2.32849121093750E-0002 
 3.55500000000000E+0002 -1.88903808593750E-0002 -2.00134277343750E-0002 
 3.56000000000000E+0002 -2.10998535156250E-0002 -1.72790527343750E-0002 
 3.56500000000000E+0002 -2.35961914062500E-0002 -1.56555175781250E-0002 
 3.57000000000000E+0002 -2.56347656250000E-0002 -1.61743164062500E-0002 
 3.57500000000000E+0002 -2.77465820312500E-0002 -1.94213867187500E-0002 
 3.58000000000000E+0002 -3.01696777343750E-0002 -2.28881835937500E-0002 
 3.58500000000000E+0002 -3.15368652343750E-0002 -2.40478515625001E-0002 
 3.59000000000000E+0002 -3.03588867187500E-0002 -2.44628906250000E-0002 
 3.59500000000000E+0002 -2.75329589843750E-0002 -2.47985839843750E-0002 
 3.60000000000000E+0002 -2.51281738281250E-0002 -2.38281250000000E-0002 
 3.60500000000000E+0002 -2.60375976562500E-0002 -2.23327636718750E-0002 
 3.61000000000000E+0002 -3.02429199218750E-0002 -2.09106445312500E-0002 
 3.61500000000000E+0002 -3.52172851562500E-0002 -1.97509765625000E-0002 
 3.62000000000000E+0002 -4.01733398437500E-0002 -1.77734375000000E-0002 
 3.62500000000000E+0002 -4.57580566406250E-0002 -1.58630371093750E-0002 
 3.63000000000000E+0002 -5.11779785156249E-0002 -1.44531250000000E-0002 
 3.63500000000000E+0002 -5.32226562500001E-0002 -1.19750976562499E-0002 
 3.64000000000000E+0002 -5.21606445312500E-0002 -9.59472656250000E-0003 
 3.64500000000000E+0002 -5.18615722656250E-0002 -8.09936523437500E-0003 
 3.65000000000000E+0002 -5.16723632812501E-0002 -7.58666992187501E-0003 
 3.65500000000000E+0002 -4.88281250000000E-0002 -8.38623046875001E-0003 
 3.66000000000000E+0002 -4.34082031250000E-0002 -1.18469238281249E-0002 
 3.66500000000000E+0002 -3.79089355468750E-0002 -1.78894042968750E-0002 
 3.67000000000000E+0002 -3.43139648437500E-0002 -2.21801757812500E-0002 
 3.67500000000000E+0002 -2.96203613281250E-0002 -2.27783203125000E-0002 
 3.68000000000000E+0002 -2.25097656250000E-0002 -2.21740722656250E-0002 
 3.68500000000000E+0002 -1.68151855468750E-0002 -2.30957031250000E-0002 
 3.69000000000000E+0002 -1.56005859374999E-0002 -2.41760253906250E-0002 
 3.69500000000000E+0002 -1.64306640625000E-0002 -2.49938964843750E-0002 
 3.70000000000000E+0002 -1.64428710937500E-0002 -2.93518066406250E-0002 
 3.70500000000000E+0002 -1.75903320312500E-0002 -3.65905761718750E-0002 
 3.71000000000000E+0002 -2.01416015625000E-0002 -4.21875000000000E-0002 
 3.71500000000000E+0002 -2.20703125000000E-0002 -4.41162109375000E-0002 
 3.72000000000000E+0002 -2.23327636718750E-0002 -4.34020996093750E-0002 
 3.72500000000000E+0002 -2.14965820312500E-0002 -4.11376953125000E-0002 
 3.73000000000000E+0002 -1.87377929687500E-0002 -3.85742187500000E-0002 
 3.73500000000000E+0002 -1.61499023437500E-0002 -3.77441406250000E-0002 
 3.74000000000000E+0002 -1.60705566406250E-0002 -3.81042480468750E-0002 
 3.74500000000000E+0002 -1.76208496093750E-0002 -3.79272460937500E-0002 
 3.75000000000000E+0002 -1.86218261718750E-0002 -3.73474121093750E-0002 
 3.75500000000000E+0002 -2.03186035156250E-0002 -3.59191894531251E-0002 
 3.76000000000000E+0002 -2.45971679687500E-0002 -3.07067871093750E-0002 
 3.76500000000000E+0002 -2.89001464843750E-0002 -2.31872558593750E-0002 
 3.77000000000000E+0002 -3.07861328125000E-0002 -1.84143066406250E-0002 
 3.77500000000000E+0002 -3.15551757812500E-0002 -1.72912597656250E-0002 
 3.78000000000000E+0002 -3.20190429687500E-0002 -1.70166015625000E-0002 
 3.78500000000000E+0002 -3.08410644531250E-0002 -1.75476074218750E-0002 
 3.79000000000000E+0002 -2.87048339843750E-0002 -1.94335937500000E-0002 
 3.79500000000000E+0002 -2.66601562500000E-0002 -2.04589843750000E-0002 
 3.80000000000000E+0002 -2.56042480468750E-0002 -1.83532714843750E-0002 
 3.80500000000000E+0002 -2.43408203125000E-0002 -1.51916503906250E-0002 
 3.81000000000000E+0002 -2.34069824218750E-0002 -1.37573242187500E-0002 
 3.81500000000000E+0002 -2.35534667968750E-0002 -1.44287109375000E-0002 
 3.82000000000000E+0002 -2.51159667968750E-0002 -1.68518066406250E-0002 
 3.82500000000000E+0002 -2.85217285156250E-0002 -1.99829101562500E-0002 
 3.83000000000000E+0002 -3.24890136718750E-0002 -2.23510742187500E-0002 
 3.83500000000000E+0002 -3.55773925781250E-0002 -2.30651855468750E-0002 
 3.84000000000000E+0002 -3.83239746093750E-0002 -2.04589843750000E-0002 
 3.84500000000000E+0002 -3.98681640624999E-0002 -1.52587890625000E-0002 
 3.85000000000000E+0002 -4.00695800781250E-0002 -1.07971191406249E-0002 
 3.85500000000000E+0002 -4.00024414062500E-0002 -8.22143554687499E-0003 
 3.86000000000000E+0002 -4.07714843750000E-0002 -7.30590820312500E-0003 
 3.86500000000000E+0002 -4.19372558593751E-0002 -6.88476562500000E-0003 
 3.87000000000000E+0002 -4.33166503906250E-0002 -8.27636718750001E-0003 
 3.87500000000000E+0002 -4.50256347656250E-0002 -1.06445312500000E-0002 
 3.88000000000000E+0002 -4.55749511718751E-0002 -1.24572753906250E-0002 
 3.88500000000000E+0002 -4.33654785156250E-0002 -1.31591796875000E-0002 
 3.89000000000000E+0002 -3.98864746093750E-0002 -1.45202636718750E-0002 
 3.89500000000000E+0002 -3.72741699218750E-0002 -1.72668457031250E-0002 
 3.90000000000000E+0002 -3.57360839843750E-0002 -1.98669433593750E-0002 
 3.90500000000000E+0002 -3.37402343750000E-0002 -2.26745605468750E-0002 
 3.91000000000000E+0002 -3.24340820312500E-0002 -2.60742187500000E-0002 
 3.91500000000000E+0002 -3.25134277343750E-0002 -2.91259765625000E-0002 
 3.92000000000000E+0002 -3.35449218750000E-0002 -3.15002441406250E-0002 
 3.92500000000000E+0002 -3.42163085937500E-0002 -3.32946777343750E-0002 
 3.93000000000000E+0002 -3.39782714843750E-0002 -3.40637207031251E-0002 
 3.93500000000000E+0002 -3.32031250000000E-0002 -3.40148925781249E-0002 
 3.94000000000000E+0002 -3.16772460937500E-0002 -3.39599609375000E-0002 
 3.94500000000000E+0002 -2.91992187500000E-0002 -3.56872558593750E-0002 
 3.95000000000000E+0002 -2.71850585937500E-0002 -3.77197265625000E-0002 
 3.95500000000000E+0002 -2.57568359375000E-0002 -3.99169921875000E-0002 
 3.96000000000000E+0002 -2.48291015625000E-0002 -4.20471191406251E-0002 
 3.96500000000000E+0002 -2.58911132812500E-0002 -4.24438476562500E-0002 
 3.97000000000000E+0002 -3.05053710937500E-0002 -3.93005371093750E-0002 
 3.97500000000000E+0002 -3.68408203124999E-0002 -3.32946777343750E-0002 
 3.98000000000000E+0002 -4.10278320312500E-0002 -2.60620117187500E-0002 
 3.98500000000000E+0002 -4.01611328125000E-0002 -1.88049316406250E-0002 
 3.99000000000000E+0002 -3.63342285156250E-0002 -1.20605468749999E-0002 
 3.99500000000000E+0002 -3.06701660156250E-0002 -6.64062499999999E-0003 
