 0.00000000000000E+0000  3.50830078124999E-0001  1.17041015625000E-0001 
 5.00000000000000E-0001  2.92132568359375E-0001  1.08435058593750E-0001 
 1.00000000000000E+0000  1.78637695312500E-0001  8.35815429687500E-0002 
 1.50000000000000E+0000  6.48315429687500E-0002  1.37573242187500E-0002 
 2.00000000000000E+0000 -2.05688476562500E-0003 -1.34454345703125E-0001 
 2.50000000000000E+0000 -6.09130859374999E-0003 -3.19152832031250E-0001 
 3.00000000000000E+0000  6.93725585937501E-0002 -4.54718017578126E-0001 
 3.50000000000000E+0000  1.70812988281250E-0001 -5.29187011718750E-0001 
 4.00000000000000E+0000  2.22442626953125E-0001 -5.36627197265625E-0001 
 4.50000000000000E+0000  2.20703125000000E-0001 -4.64648437500000E-0001 
 5.00000000000000E+0000  1.64996337890625E-0001 -3.43524169921875E-0001 
 5.50000000000000E+0000  4.94262695312500E-0002 -2.04266357421875E-0001 
 6.00000000000000E+0000 -8.03527832031251E-0002 -7.29003906250000E-0002 
 6.50000000000000E+0000 -1.71966552734375E-0001  8.97827148437499E-0003 
 7.00000000000000E+0000 -2.27410888671875E-0001  1.32629394531250E-0002 
 7.50000000000000E+0000 -2.67608642578125E-0001 -3.43994140625000E-0002 
 8.00000000000000E+0000 -2.74633789062500E-0001 -8.98742675781250E-0002 
 8.50000000000000E+0000 -2.48547363281250E-0001 -1.42864990234375E-0001 
 9.00000000000000E+0000 -2.17327880859375E-0001 -1.76013183593750E-0001 
 9.50000000000000E+0000 -1.69775390625000E-0001 -1.61358642578125E-0001 
 1.00000000000000E+0001 -8.07373046875001E-0002 -1.00219726562500E-0001 
 1.05000000000000E+0001  3.32885742187500E-0002 -1.42150878906249E-0002 
 1.10000000000000E+0001  1.34985351562500E-0001  8.15368652343751E-0002 
 1.15000000000000E+0001  2.10461425781250E-0001  1.70715332031250E-0001 
 1.20000000000000E+0001  2.43072509765625E-0001  2.30096435546875E-0001 
 1.25000000000000E+0001  2.10980224609375E-0001  2.49450683593750E-0001 
 1.30000000000000E+0001  1.32995605468750E-0001  2.35711669921875E-0001 
 1.35000000000000E+0001  6.18286132812499E-0002  2.00170898437500E-0001 
 1.40000000000000E+0001  2.14233398437500E-0002  1.47564697265625E-0001 
 1.45000000000000E+0001  9.11254882812500E-0003  8.96118164062502E-0002 
 1.50000000000000E+0001  3.91296386718750E-0002  4.06066894531250E-0002 
 1.55000000000000E+0001  1.11517333984375E-0001  6.95800781250001E-0003 
 1.60000000000000E+0001  1.85345458984375E-0001 -1.11572265624999E-0002 
 1.65000000000000E+0001  2.23791503906250E-0001 -1.73706054687500E-0002 
 1.70000000000000E+0001  2.29217529296875E-0001 -1.64672851562500E-0002 
 1.75000000000000E+0001  2.18078613281250E-0001 -1.35925292968750E-0002 
 1.80000000000000E+0001  2.04571533203125E-0001 -2.30468750000000E-0002 
 1.85000000000000E+0001  1.99865722656250E-0001 -5.56518554687500E-0002 
 1.90000000000000E+0001  2.06512451171875E-0001 -9.68994140625000E-0002 
 1.95000000000000E+0001  2.14569091796875E-0001 -1.27575683593750E-0001 
 2.00000000000000E+0001  2.11315917968750E-0001 -1.42437744140625E-0001 
 2.05000000000000E+0001  1.85943603515625E-0001 -1.39019775390625E-0001 
 2.10000000000000E+0001  1.23114013671875E-0001 -1.07543945312500E-0001 
 2.15000000000000E+0001  2.00500488281250E-0002 -4.74060058593750E-0002 
 2.20000000000000E+0001 -9.97314453125001E-0002  1.88049316406250E-0002 
 2.25000000000000E+0001 -2.07708740234375E-0001  6.95129394531250E-0002 
 2.30000000000000E+0001 -2.89746093750000E-0001  9.91210937499998E-0002 
 2.35000000000000E+0001 -3.35998535156250E-0001  1.05944824218749E-0001 
 2.40000000000000E+0001 -3.35412597656250E-0001  9.53857421875000E-0002 
 2.45000000000000E+0001 -2.92254638671875E-0001  8.32275390624999E-0002 
 2.50000000000000E+0001 -2.23693847656250E-0001  8.47351074218749E-0002 
 2.55000000000000E+0001 -1.41424560546875E-0001  9.79797363281250E-0002 
 2.60000000000000E+0001 -5.63232421875000E-0002  1.14666748046875E-0001 
 2.65000000000000E+0001  1.74377441406250E-0002  1.31408691406250E-0001 
 2.70000000000000E+0001  6.88293457031250E-0002  1.33355712890625E-0001 
 2.75000000000000E+0001  9.48486328125000E-0002  1.05249023437500E-0001 
 2.80000000000000E+0001  9.89196777343750E-0002  5.17883300781250E-0002 
 2.85000000000000E+0001  8.58154296874999E-0002 -1.03759765625000E-0002 
 2.90000000000000E+0001  6.21093750000001E-0002 -6.98059082031249E-0002 
 2.95000000000000E+0001  3.44909667968751E-0002 -1.17687988281249E-0001 
 3.00000000000000E+0001  5.96313476562500E-0003 -1.42901611328125E-0001 
 3.05000000000000E+0001 -1.95678710937500E-0002 -1.44238281250000E-0001 
 3.10000000000000E+0001 -3.98193359374999E-0002 -1.36419677734375E-0001 
 3.15000000000000E+0001 -5.94848632812500E-0002 -1.29010009765625E-0001 
 3.20000000000000E+0001 -8.22814941406250E-0002 -1.18261718750000E-0001 
 3.25000000000000E+0001 -1.04986572265625E-0001 -1.02899169921875E-0001 
 3.30000000000000E+0001 -1.23358154296875E-0001 -8.57055664062500E-0002 
 3.35000000000000E+0001 -1.34655761718750E-0001 -6.24755859375000E-0002 
 3.40000000000000E+0001 -1.34777832031250E-0001 -2.93334960937500E-0002 
 3.45000000000000E+0001 -1.20703125000000E-0001  7.98339843750001E-0003 
 3.50000000000000E+0001 -9.62158203125000E-0002  4.20776367187500E-0002 
 3.55000000000000E+0001 -6.97937011718751E-0002  7.12951660156250E-0002 
 3.60000000000000E+0001 -4.48181152343750E-0002  9.61364746093750E-0002 
 3.65000000000000E+0001 -2.10693359375000E-0002  1.12481689453125E-0001 
 3.70000000000000E+0001 -6.10351562499994E-0005  1.20959472656249E-0001 
 3.75000000000000E+0001  1.85913085937500E-0002  1.21240234375000E-0001 
 3.80000000000000E+0001  3.82263183593750E-0002  1.11389160156250E-0001 
 3.85000000000000E+0001  6.17736816406250E-0002  8.79760742187500E-0002 
 3.90000000000000E+0001  8.46984863281250E-0002  5.10559082031250E-0002 
 3.95000000000000E+0001  1.01666259765624E-0001  7.77587890625001E-0003 
 4.00000000000000E+0001  1.08416748046875E-0001 -3.50402832031250E-0002 
 4.05000000000000E+0001  1.00659179687500E-0001 -6.99157714843750E-0002 
 4.10000000000000E+0001  8.04199218750000E-0002 -9.12841796875000E-0002 
 4.15000000000000E+0001  5.38208007812501E-0002 -9.96154785156251E-0002 
 4.20000000000000E+0001  2.37854003906250E-0002 -9.79797363281250E-0002 
 4.25000000000000E+0001 -9.27734375000001E-0003 -9.05334472656250E-0002 
 4.30000000000000E+0001 -4.16687011718750E-0002 -7.94433593749999E-0002 
 4.35000000000000E+0001 -6.70410156250000E-0002 -6.72546386718751E-0002 
 4.40000000000000E+0001 -8.64135742187501E-0002 -5.66650390625000E-0002 
 4.45000000000000E+0001 -1.01812744140624E-0001 -4.42260742187501E-0002 
 4.50000000000000E+0001 -1.07885742187500E-0001 -2.88269042968750E-0002 
 4.55000000000000E+0001 -1.03021240234375E-0001 -1.31591796875000E-0002 
 4.60000000000000E+0001 -9.16320800781248E-0002 -4.08935546875000E-0004 
 4.65000000000000E+0001 -7.77343750000000E-0002  9.19189453124999E-0003 
 4.70000000000000E+0001 -6.17309570312500E-0002  1.78405761718750E-0002 
 4.75000000000000E+0001 -4.46166992187500E-0002  2.57385253906250E-0002 
 4.80000000000000E+0001 -2.95288085937500E-0002  3.40270996093750E-0002 
 4.85000000000000E+0001 -1.54357910156250E-0002  4.24316406250001E-0002 
 4.90000000000000E+0001 -7.32421875000004E-0004  4.85229492187499E-0002 
 4.95000000000000E+0001  1.37634277343750E-0002  5.17211914062500E-0002 
 5.00000000000000E+0001  2.77465820312500E-0002  5.06530761718749E-0002 
 5.05000000000000E+0001  3.90319824218750E-0002  4.24804687500000E-0002 
 5.10000000000000E+0001  4.53125000000000E-0002  2.80517578125000E-0002 
 5.15000000000000E+0001  4.76013183593750E-0002  1.18652343750000E-0002 
 5.20000000000000E+0001  4.78332519531249E-0002 -3.64379882812500E-0003 
 5.25000000000000E+0001  4.70336914062500E-0002 -1.84631347656250E-0002 
 5.30000000000000E+0001  4.49157714843750E-0002 -3.23059082031250E-0002 
 5.35000000000000E+0001  3.97094726562500E-0002 -4.39147949218750E-0002 
 5.40000000000000E+0001  3.01818847656250E-0002 -5.13854980468749E-0002 
 5.45000000000000E+0001  1.82983398437500E-0002 -5.53588867187500E-0002 
 5.50000000000000E+0001  5.86547851562499E-0003 -5.77819824218750E-0002 
 5.55000000000000E+0001 -8.36181640625000E-0003 -5.96069335937500E-0002 
 5.60000000000000E+0001 -2.33642578125000E-0002 -5.95397949218750E-0002 
 5.65000000000000E+0001 -3.34411621093750E-0002 -5.84594726562500E-0002 
 5.70000000000000E+0001 -3.73657226562500E-0002 -5.88867187500000E-0002 
 5.75000000000000E+0001 -3.69079589843750E-0002 -5.91613769531250E-0002 
 5.80000000000000E+0001 -3.51013183593750E-0002 -5.45593261718750E-0002 
 5.85000000000000E+0001 -3.21105957031250E-0002 -4.29565429687500E-0002 
 5.90000000000000E+0001 -2.81066894531250E-0002 -2.65930175781250E-0002 
 5.95000000000000E+0001 -2.47680664062501E-0002 -9.92431640625000E-0003 
 6.00000000000000E+0001 -2.24975585937500E-0002  4.38842773437497E-0003 
 6.05000000000000E+0001 -2.06054687500000E-0002  1.42578125000000E-0002 
 6.10000000000000E+0001 -1.69250488281250E-0002  1.86096191406250E-0002 
 6.15000000000000E+0001 -9.60693359374998E-0003  1.61499023437500E-0002 
 6.20000000000000E+0001 -5.31005859375001E-0004  9.18579101562500E-0003 
 6.25000000000000E+0001  1.04248046875000E-0002  2.61840820312500E-0003 
 6.30000000000000E+0001  2.16491699218750E-0002 -1.85546875000000E-0003 
 6.35000000000000E+0001  2.87170410156250E-0002 -4.08325195312499E-0003 
 6.40000000000000E+0001  3.06945800781250E-0002 -5.21850585937500E-0003 
 6.45000000000000E+0001  2.92785644531250E-0002 -7.44018554687501E-0003 
 6.50000000000000E+0001  2.51770019531250E-0002 -1.32873535156250E-0002 
 6.55000000000000E+0001  1.89453125000000E-0002 -2.51220703125000E-0002 
 6.60000000000000E+0001  1.23718261718749E-0002 -4.01855468750000E-0002 
 6.65000000000000E+0001  8.53271484375000E-0003 -5.44067382812499E-0002 
 6.70000000000000E+0001  6.06689453125001E-0003 -6.45690917968751E-0002 
 6.75000000000000E+0001  3.77197265625000E-0003 -6.88476562500000E-0002 
 6.80000000000000E+0001  5.79833984375008E-0004 -6.78405761718749E-0002 
 6.85000000000000E+0001 -4.46777343750001E-0003 -6.07727050781250E-0002 
 6.90000000000000E+0001 -1.24389648437500E-0002 -4.95910644531250E-0002 
 6.95000000000000E+0001 -2.28820800781250E-0002 -3.72009277343750E-0002 
 7.00000000000000E+0001 -3.12866210937500E-0002 -2.50061035156250E-0002 
 7.05000000000000E+0001 -3.42590332031251E-0002 -1.36413574218749E-0002 
 7.10000000000000E+0001 -3.29956054687501E-0002 -5.11474609375000E-0003 
 7.15000000000000E+0001 -2.89550781250000E-0002  1.87988281250000E-0003 
 7.20000000000000E+0001 -2.16247558593750E-0002  8.96606445312500E-0003 
 7.25000000000000E+0001 -1.12670898437500E-0002  1.32873535156250E-0002 
 7.30000000000000E+0001 -2.13623046875000E-0003  1.27624511718750E-0002 
 7.35000000000000E+0001  3.83300781250000E-0003  1.01623535156249E-0002 
 7.40000000000000E+0001  8.97216796874999E-0003  7.59887695312499E-0003 
 7.45000000000000E+0001  1.27563476562500E-0002  2.10571289062500E-0003 
 7.50000000000000E+0001  1.40808105468750E-0002 -7.65991210937499E-0003 
 7.55000000000000E+0001  1.21093750000000E-0002 -1.71508789062500E-0002 
 7.60000000000000E+0001  6.87866210937501E-0003 -2.32727050781250E-0002 
 7.65000000000000E+0001 -4.88281249999988E-0004 -2.71545410156250E-0002 
 7.70000000000000E+0001 -7.33642578125000E-0003 -2.97668457031250E-0002 
 7.75000000000000E+0001 -1.08215332031250E-0002 -3.12744140625000E-0002 
 7.80000000000000E+0001 -1.24816894531250E-0002 -3.23303222656250E-0002 
 7.85000000000000E+0001 -1.28967285156249E-0002 -3.35021972656250E-0002 
 7.90000000000000E+0001 -1.15173339843750E-0002 -3.57543945312500E-0002 
 7.95000000000000E+0001 -1.04064941406249E-0002 -3.68225097656250E-0002 
 8.00000000000000E+0001 -1.20483398437499E-0002 -3.42041015625000E-0002 
 8.05000000000000E+0001 -1.52038574218750E-0002 -2.80517578125000E-0002 
 8.10000000000000E+0001 -1.76879882812500E-0002 -2.06176757812500E-0002 
 8.15000000000000E+0001 -1.91345214843750E-0002 -1.31286621093750E-0002 
 8.20000000000000E+0001 -1.87133789062500E-0002 -6.69555664062501E-0003 
 8.25000000000000E+0001 -1.53808593750000E-0002 -3.17382812500000E-0003 
 8.30000000000000E+0001 -9.72900390625000E-0003 -3.48510742187500E-0003 
 8.35000000000000E+0001 -5.51757812499999E-0003 -5.68237304687500E-0003 
 8.40000000000000E+0001 -4.23583984375000E-0003 -7.64160156250001E-0003 
 8.45000000000000E+0001 -4.07714843750000E-0003 -8.58764648437499E-0003 
 8.50000000000000E+0001 -4.77294921875000E-0003 -1.03088378906250E-0002 
 8.55000000000000E+0001 -8.13598632812500E-0003 -1.33483886718749E-0002 
 8.60000000000000E+0001 -1.40075683593750E-0002 -1.76452636718750E-0002 
 8.65000000000000E+0001 -1.82006835937500E-0002 -2.13256835937500E-0002 
 8.70000000000000E+0001 -1.85241699218750E-0002 -2.38403320312500E-0002 
 8.75000000000000E+0001 -1.80297851562500E-0002 -2.62939453125000E-0002 
 8.80000000000000E+0001 -1.81091308593750E-0002 -2.79174804687500E-0002 
 8.85000000000000E+0001 -1.63696289062500E-0002 -2.73437500000000E-0002 
 8.90000000000000E+0001 -1.10351562500000E-0002 -2.67395019531250E-0002 
 8.95000000000000E+0001 -6.48193359375000E-0003 -2.80822753906250E-0002 
 9.00000000000000E+0001 -5.84106445312499E-0003 -2.88574218750000E-0002 
 9.05000000000000E+0001 -7.24487304687500E-0003 -2.75451660156250E-0002 
 9.10000000000000E+0001 -8.61206054687500E-0003 -2.70690917968750E-0002 
 9.15000000000000E+0001 -1.18103027343749E-0002 -2.65258789062501E-0002 
 9.20000000000000E+0001 -1.56677246093750E-0002 -2.31811523437500E-0002 
 9.25000000000000E+0001 -1.65039062500000E-0002 -1.95617675781250E-0002 
 9.30000000000000E+0001 -1.42272949218750E-0002 -1.98547363281250E-0002 
 9.35000000000000E+0001 -1.24694824218750E-0002 -2.34375000000000E-0002 
 9.40000000000000E+0001 -1.16455078125000E-0002 -2.53051757812500E-0002 
 9.45000000000000E+0001 -9.10034179687500E-0003 -2.52746582031250E-0002 
 9.50000000000000E+0001 -5.20019531250000E-0003 -2.61596679687500E-0002 
 9.55000000000000E+0001 -3.02734375000000E-0003 -2.72888183593750E-0002 
 9.60000000000000E+0001 -2.37426757812500E-0003 -2.74169921875000E-0002 
 9.65000000000000E+0001 -1.78222656250001E-0003 -2.61047363281250E-0002 
 9.70000000000000E+0001 -6.95800781249999E-0004 -2.34863281250000E-0002 
 9.75000000000000E+0001 -1.64794921875003E-0004 -2.13684082031250E-0002 
 9.80000000000000E+0001 -2.31933593749999E-0003 -1.85302734375000E-0002 
 9.85000000000000E+0001 -4.22973632812500E-0003 -1.31774902343750E-0002 
 9.90000000000000E+0001 -3.50341796875000E-0003 -8.16040039062501E-0003 
 9.95000000000000E+0001 -7.62939453125001E-0004 -6.49414062500001E-0003 
 1.00000000000000E+0002  2.99072265625000E-0004 -7.76367187499999E-0003 
 1.00500000000000E+0002 -1.36108398437500E-0003 -1.01806640625000E-0002 
 1.01000000000000E+0002 -3.19213867187499E-0003 -1.41967773437500E-0002 
 1.01500000000000E+0002 -5.52368164062500E-0003 -1.94030761718750E-0002 
 1.02000000000000E+0002 -9.49707031250000E-0003 -2.19909667968750E-0002 
 1.02500000000000E+0002 -1.32812500000000E-0002 -2.06359863281250E-0002 
 1.03000000000000E+0002 -1.51062011718749E-0002 -1.80236816406250E-0002 
 1.03500000000000E+0002 -1.43127441406250E-0002 -1.65039062500000E-0002 
 1.04000000000000E+0002 -1.32751464843750E-0002 -1.63208007812500E-0002 
 1.04500000000000E+0002 -1.35864257812500E-0002 -1.70715332031250E-0002 
 1.05000000000000E+0002 -1.49963378906250E-0002 -1.99951171875000E-0002 
 1.05500000000000E+0002 -1.77917480468750E-0002 -2.45605468750000E-0002 
 1.06000000000000E+0002 -2.01477050781250E-0002 -2.86865234375000E-0002 
 1.06500000000000E+0002 -2.15881347656250E-0002 -3.07250976562500E-0002 
 1.07000000000000E+0002 -2.19482421875000E-0002 -3.02246093750000E-0002 
 1.07500000000000E+0002 -2.00683593750000E-0002 -2.85888671875000E-0002 
 1.08000000000000E+0002 -1.54235839843749E-0002 -2.71118164062500E-0002 
 1.08500000000000E+0002 -9.59472656250001E-0003 -2.55859375000000E-0002 
 1.09000000000000E+0002 -4.35791015624999E-0003 -2.31201171875000E-0002 
 1.09500000000000E+0002 -8.97216796874997E-0004 -2.02514648437500E-0002 
 1.10000000000000E+0002 -9.03320312499995E-0004 -1.93786621093750E-0002 
 1.10500000000000E+0002 -4.63256835937500E-0003 -1.98486328125000E-0002 
 1.11000000000000E+0002 -8.74633789062501E-0003 -1.96350097656250E-0002 
 1.11500000000000E+0002 -1.09680175781250E-0002 -2.04467773437500E-0002 
 1.12000000000000E+0002 -1.29699707031250E-0002 -2.43164062500000E-0002 
 1.12500000000000E+0002 -1.60278320312500E-0002 -2.81799316406250E-0002 
 1.13000000000000E+0002 -1.78527832031250E-0002 -2.94372558593750E-0002 
 1.13500000000000E+0002 -1.80908203125000E-0002 -2.90710449218750E-0002 
 1.14000000000000E+0002 -1.95556640625000E-0002 -2.69653320312500E-0002 
 1.14500000000000E+0002 -2.30041503906251E-0002 -2.21191406250000E-0002 
 1.15000000000000E+0002 -2.56774902343750E-0002 -1.67358398437500E-0002 
 1.15500000000000E+0002 -2.63977050781250E-0002 -1.56738281250000E-0002 
 1.16000000000000E+0002 -2.76306152343750E-0002 -1.82739257812500E-0002 
 1.16500000000000E+0002 -2.91625976562500E-0002 -2.10815429687500E-0002 
 1.17000000000000E+0002 -3.03588867187500E-0002 -2.33154296875000E-0002 
 1.17500000000000E+0002 -3.09326171875000E-0002 -2.52319335937500E-0002 
 1.18000000000000E+0002 -3.15917968750000E-0002 -2.44934082031250E-0002 
 1.18500000000000E+0002 -2.95471191406250E-0002 -1.96228027343750E-0002 
 1.19000000000000E+0002 -2.50488281250000E-0002 -1.30798339843749E-0002 
 1.19500000000000E+0002 -1.97753906250000E-0002 -7.37304687500000E-0003 
 1.20000000000000E+0002 -1.49902343750000E-0002 -3.16162109375000E-0003 
 1.20500000000000E+0002 -1.20300292968749E-0002 -1.74560546875000E-0003 
 1.21000000000000E+0002 -1.25427246093750E-0002 -4.77294921875000E-0003 
 1.21500000000000E+0002 -1.61926269531250E-0002 -1.10778808593750E-0002 
 1.22000000000000E+0002 -2.13684082031249E-0002 -1.79504394531250E-0002 
 1.22500000000000E+0002 -2.66357421875000E-0002 -2.48718261718750E-0002 
 1.23000000000000E+0002 -3.13598632812500E-0002 -3.10058593750000E-0002 
 1.23500000000000E+0002 -3.49182128906250E-0002 -3.46252441406250E-0002 
 1.24000000000000E+0002 -3.59863281250001E-0002 -3.43383789062500E-0002 
 1.24500000000000E+0002 -3.31237792968750E-0002 -3.17810058593750E-0002 
 1.25000000000000E+0002 -2.62451171875000E-0002 -2.99133300781250E-0002 
 1.25500000000000E+0002 -1.91589355468750E-0002 -2.92541503906250E-0002 
 1.26000000000000E+0002 -1.41601562500000E-0002 -2.86437988281250E-0002 
 1.26500000000000E+0002 -1.04064941406249E-0002 -2.83874511718750E-0002 
 1.27000000000000E+0002 -7.98339843749999E-0003 -2.91564941406250E-0002 
 1.27500000000000E+0002 -8.33129882812500E-0003 -2.96813964843750E-0002 
 1.28000000000000E+0002 -1.02844238281249E-0002 -2.94677734375000E-0002 
 1.28500000000000E+0002 -1.24084472656249E-0002 -2.89367675781250E-0002 
 1.29000000000000E+0002 -1.38977050781250E-0002 -2.79907226562500E-0002 
 1.29500000000000E+0002 -1.44042968749999E-0002 -2.64526367187500E-0002 
 1.30000000000000E+0002 -1.34765625000000E-0002 -2.34619140625000E-0002 
 1.30500000000000E+0002 -1.09252929687500E-0002 -2.01965332031250E-0002 
 1.31000000000000E+0002 -8.10546875000000E-0003 -1.76513671875000E-0002 
 1.31500000000000E+0002 -4.96826171875000E-0003 -1.65588378906250E-0002 
 1.32000000000000E+0002 -1.79443359375000E-0003 -1.83166503906250E-0002 
 1.32500000000000E+0002 -8.23974609374988E-0004 -2.17651367187500E-0002 
 1.33000000000000E+0002 -4.02221679687500E-0003 -2.44995117187500E-0002 
 1.33500000000000E+0002 -1.05407714843749E-0002 -2.44873046875000E-0002 
 1.34000000000000E+0002 -1.59912109375000E-0002 -2.17773437500000E-0002 
 1.34500000000000E+0002 -1.92077636718750E-0002 -1.83227539062500E-0002 
 1.35000000000000E+0002 -2.27600097656250E-0002 -1.46606445312500E-0002 
 1.35500000000000E+0002 -2.57446289062500E-0002 -1.15905761718749E-0002 
 1.36000000000000E+0002 -2.68554687500000E-0002 -1.20239257812499E-0002 
 1.36500000000000E+0002 -2.75085449218750E-0002 -1.48742675781250E-0002 
 1.37000000000000E+0002 -2.99133300781250E-0002 -1.90734863281250E-0002 
 1.37500000000000E+0002 -3.27941894531250E-0002 -2.21679687500000E-0002 
 1.38000000000000E+0002 -3.32336425781250E-0002 -2.32116699218750E-0002 
 1.38500000000000E+0002 -3.06884765625000E-0002 -2.23144531250000E-0002 
 1.39000000000000E+0002 -2.58056640625000E-0002 -2.04528808593750E-0002 
 1.39500000000000E+0002 -1.87072753906250E-0002 -2.04589843750000E-0002 
 1.40000000000000E+0002 -1.19750976562500E-0002 -2.24121093750000E-0002 
 1.40500000000000E+0002 -8.05664062500001E-0003 -2.48840332031250E-0002 
 1.41000000000000E+0002 -6.34155273437500E-0003 -2.64282226562499E-0002 
 1.41500000000000E+0002 -5.71289062500000E-0003 -2.75085449218750E-0002 
 1.42000000000000E+0002 -7.34863281250000E-0003 -2.96447753906250E-0002 
 1.42500000000000E+0002 -1.34704589843749E-0002 -3.06579589843750E-0002 
 1.43000000000000E+0002 -2.12158203125000E-0002 -2.93457031250000E-0002 
 1.43500000000000E+0002 -2.56408691406250E-0002 -2.83386230468750E-0002 
 1.44000000000000E+0002 -2.55554199218750E-0002 -2.88940429687500E-0002 
 1.44500000000000E+0002 -2.38220214843750E-0002 -2.88452148437500E-0002 
 1.45000000000000E+0002 -2.20642089843750E-0002 -2.61169433593750E-0002 
 1.45500000000000E+0002 -1.78771972656250E-0002 -2.32849121093750E-0002 
 1.46000000000000E+0002 -1.25183105468749E-0002 -2.20947265625000E-0002 
 1.46500000000000E+0002 -9.17968750000000E-0003 -2.17895507812500E-0002 
 1.47000000000000E+0002 -1.00830078124999E-0002 -2.21557617187500E-0002 
 1.47500000000000E+0002 -1.36962890624999E-0002 -2.29919433593750E-0002 
 1.48000000000000E+0002 -1.78955078125000E-0002 -2.40295410156250E-0002 
 1.48500000000000E+0002 -2.10449218750001E-0002 -2.41638183593750E-0002 
 1.49000000000000E+0002 -2.33459472656250E-0002 -2.36633300781250E-0002 
 1.49500000000000E+0002 -2.53234863281250E-0002 -2.21984863281250E-0002 
 1.50000000000000E+0002 -2.56958007812500E-0002 -2.01782226562500E-0002 
 1.50500000000000E+0002 -2.37060546875000E-0002 -2.06665039062500E-0002 
 1.51000000000000E+0002 -2.07458496093750E-0002 -2.35168457031250E-0002 
 1.51500000000000E+0002 -1.88049316406250E-0002 -2.53540039062500E-0002 
 1.52000000000000E+0002 -1.87194824218750E-0002 -2.45300292968750E-0002 
 1.52500000000000E+0002 -1.84814453125000E-0002 -2.28820800781250E-0002 
 1.53000000000000E+0002 -1.80053710937500E-0002 -2.12036132812500E-0002 
 1.53500000000000E+0002 -1.66625976562500E-0002 -1.81030273437501E-0002 
 1.54000000000000E+0002 -1.43859863281250E-0002 -1.64978027343750E-0002 
 1.54500000000000E+0002 -1.33605957031250E-0002 -1.83532714843750E-0002 
 1.55000000000000E+0002 -1.38549804687499E-0002 -2.22290039062500E-0002 
 1.55500000000000E+0002 -1.62414550781250E-0002 -2.42248535156250E-0002 
 1.56000000000000E+0002 -1.89514160156250E-0002 -2.39318847656250E-0002 
 1.56500000000000E+0002 -2.15515136718750E-0002 -2.25463867187500E-0002 
 1.57000000000000E+0002 -2.38525390625000E-0002 -1.89147949218750E-0002 
 1.57500000000000E+0002 -2.47924804687500E-0002 -1.44042968749999E-0002 
 1.58000000000000E+0002 -2.46643066406250E-0002 -1.23901367187500E-0002 
 1.58500000000000E+0002 -2.41027832031250E-0002 -1.38305664062500E-0002 
 1.59000000000000E+0002 -2.39562988281250E-0002 -1.86279296875000E-0002 
 1.59500000000000E+0002 -2.52624511718750E-0002 -2.54028320312500E-0002 
 1.60000000000000E+0002 -2.77221679687500E-0002 -3.19946289062500E-0002 
 1.60500000000000E+0002 -2.98156738281250E-0002 -3.70361328125000E-0002 
 1.61000000000000E+0002 -2.95410156250000E-0002 -4.04296875000000E-0002 
 1.61500000000000E+0002 -2.83935546875000E-0002 -4.33654785156250E-0002 
 1.62000000000000E+0002 -2.85644531250000E-0002 -4.43176269531250E-0002 
 1.62500000000000E+0002 -2.83996582031250E-0002 -4.25781250000000E-0002 
 1.63000000000000E+0002 -2.70202636718750E-0002 -3.96118164062500E-0002 
 1.63500000000000E+0002 -2.52319335937500E-0002 -3.46557617187501E-0002 
 1.64000000000000E+0002 -2.36328125000000E-0002 -2.76062011718750E-0002 
 1.64500000000000E+0002 -2.10449218750000E-0002 -2.11242675781250E-0002 
 1.65000000000000E+0002 -1.76086425781250E-0002 -1.71386718750000E-0002 
 1.65500000000000E+0002 -1.54907226562500E-0002 -1.55029296874999E-0002 
 1.66000000000000E+0002 -1.60888671875000E-0002 -1.50878906249999E-0002 
 1.66500000000000E+0002 -1.71142578125000E-0002 -1.68823242187500E-0002 
 1.67000000000000E+0002 -1.79687500000000E-0002 -2.07214355468750E-0002 
 1.67500000000000E+0002 -1.87805175781250E-0002 -2.39074707031250E-0002 
 1.68000000000000E+0002 -1.85913085937500E-0002 -2.65625000000000E-0002 
 1.68500000000000E+0002 -1.66259765625000E-0002 -3.07250976562500E-0002 
 1.69000000000000E+0002 -1.37634277343750E-0002 -3.67675781250000E-0002 
 1.69500000000000E+0002 -1.17492675781249E-0002 -4.29382324218750E-0002 
 1.70000000000000E+0002 -1.22619628906250E-0002 -4.86999511718750E-0002 
 1.70500000000000E+0002 -1.60827636718750E-0002 -5.30883789062500E-0002 
 1.71000000000000E+0002 -2.24426269531250E-0002 -5.45532226562500E-0002 
 1.71500000000000E+0002 -2.85461425781250E-0002 -5.23925781250000E-0002 
 1.72000000000000E+0002 -3.23059082031250E-0002 -4.87060546875001E-0002 
 1.72500000000000E+0002 -3.46435546875000E-0002 -4.61364746093750E-0002 
 1.73000000000000E+0002 -3.71337890625000E-0002 -4.37316894531251E-0002 
 1.73500000000000E+0002 -3.81835937500001E-0002 -4.01184082031250E-0002 
 1.74000000000000E+0002 -3.66027832031250E-0002 -3.57299804687500E-0002 
 1.74500000000000E+0002 -3.36669921875000E-0002 -3.17626953125000E-0002 
 1.75000000000000E+0002 -3.05053710937500E-0002 -2.78564453125000E-0002 
 1.75500000000000E+0002 -2.65991210937500E-0002 -2.30895996093750E-0002 
 1.76000000000000E+0002 -2.20703125000000E-0002 -1.85668945312500E-0002 
 1.76500000000000E+0002 -1.83959960937500E-0002 -1.48742675781250E-0002 
 1.77000000000000E+0002 -1.59057617187500E-0002 -1.17675781250000E-0002 
 1.77500000000000E+0002 -1.44042968749999E-0002 -1.01989746093750E-0002 
 1.78000000000000E+0002 -1.40808105468749E-0002 -1.10229492187500E-0002 
 1.78500000000000E+0002 -1.48620605468750E-0002 -1.34582519531250E-0002 
 1.79000000000000E+0002 -1.56555175781250E-0002 -1.53808593750000E-0002 
 1.79500000000000E+0002 -1.58447265625000E-0002 -1.77124023437500E-0002 
 1.80000000000000E+0002 -1.75720214843750E-0002 -2.19909667968750E-0002 
 1.80500000000000E+0002 -2.05932617187500E-0002 -2.58972167968750E-0002 
 1.81000000000000E+0002 -2.41516113281250E-0002 -2.78930664062500E-0002 
 1.81500000000000E+0002 -2.76794433593750E-0002 -2.70507812500000E-0002 
 1.82000000000000E+0002 -2.85583496093750E-0002 -2.45056152343750E-0002 
 1.82500000000000E+0002 -2.62268066406250E-0002 -2.17407226562500E-0002 
 1.83000000000000E+0002 -2.26257324218750E-0002 -1.85913085937500E-0002 
 1.83500000000000E+0002 -1.90429687500000E-0002 -1.58569335937500E-0002 
 1.84000000000000E+0002 -1.60339355468750E-0002 -1.38610839843749E-0002 
 1.84500000000000E+0002 -1.37573242187500E-0002 -1.34582519531249E-0002 
 1.85000000000000E+0002 -1.41845703125000E-0002 -1.64001464843750E-0002 
 1.85500000000000E+0002 -1.73278808593750E-0002 -2.15820312500000E-0002 
 1.86000000000000E+0002 -2.16308593750000E-0002 -2.60742187500000E-0002 
 1.86500000000000E+0002 -2.59643554687500E-0002 -2.80334472656250E-0002 
 1.87000000000000E+0002 -2.92175292968750E-0002 -2.80700683593749E-0002 
 1.87500000000000E+0002 -3.17687988281250E-0002 -2.85034179687500E-0002 
 1.88000000000000E+0002 -3.41552734375000E-0002 -2.76977539062500E-0002 
 1.88500000000000E+0002 -3.58703613281251E-0002 -2.56896972656250E-0002 
 1.89000000000000E+0002 -3.66088867187500E-0002 -2.33459472656250E-0002 
 1.89500000000000E+0002 -3.58520507812500E-0002 -2.15881347656250E-0002 
 1.90000000000000E+0002 -3.33557128906250E-0002 -2.13806152343750E-0002 
 1.90500000000000E+0002 -3.01818847656250E-0002 -2.14294433593750E-0002 
 1.91000000000000E+0002 -2.72216796875001E-0002 -2.02453613281250E-0002 
 1.91500000000000E+0002 -2.42736816406250E-0002 -1.73217773437500E-0002 
 1.92000000000000E+0002 -2.17529296875000E-0002 -1.40563964843750E-0002 
 1.92500000000000E+0002 -2.03247070312500E-0002 -9.17968750000000E-0003 
 1.93000000000000E+0002 -1.94030761718750E-0002 -3.72924804687500E-0003 
 1.93500000000000E+0002 -1.80725097656249E-0002 -1.03759765625005E-0004 
 1.94000000000000E+0002 -1.55639648437499E-0002 -9.03320312499996E-0004 
 1.94500000000000E+0002 -1.28417968749999E-0002 -3.59497070312500E-0003 
 1.95000000000000E+0002 -9.65576171874999E-0003 -8.12377929687500E-0003 
 1.95500000000000E+0002 -7.04956054687503E-0003 -1.55090332031250E-0002 
 1.96000000000000E+0002 -6.01806640625000E-0003 -2.16918945312500E-0002 
 1.96500000000000E+0002 -6.19506835937501E-0003 -2.26562500000000E-0002 
 1.97000000000000E+0002 -7.86743164062500E-0003 -2.04528808593750E-0002 
 1.97500000000000E+0002 -1.22009277343750E-0002 -1.89697265625000E-0002 
 1.98000000000000E+0002 -1.86157226562500E-0002 -1.74987792968750E-0002 
 1.98500000000000E+0002 -2.36511230468750E-0002 -1.56311035156250E-0002 
 1.99000000000000E+0002 -2.73254394531250E-0002 -1.68701171875000E-0002 
 1.99500000000000E+0002 -3.21044921875000E-0002 -2.24365234375000E-0002 
 2.00000000000000E+0002 -3.76037597656250E-0002 -2.84606933593750E-0002 
 2.00500000000000E+0002 -4.04113769531250E-0002 -3.22326660156251E-0002 
 2.01000000000000E+0002 -3.92578125000000E-0002 -3.38623046875000E-0002 
 2.01500000000000E+0002 -3.56262207031250E-0002 -3.51379394531250E-0002 
 2.02000000000000E+0002 -3.22998046875000E-0002 -3.58642578125001E-0002 
 2.02500000000000E+0002 -3.07373046874999E-0002 -3.44787597656250E-0002 
 2.03000000000000E+0002 -2.94372558593750E-0002 -3.13659667968750E-0002 
 2.03500000000000E+0002 -2.79541015625000E-0002 -2.83447265625000E-0002 
 2.04000000000000E+0002 -2.72277832031250E-0002 -2.57263183593750E-0002 
 2.04500000000000E+0002 -2.74719238281249E-0002 -2.30957031250000E-0002 
 2.05000000000000E+0002 -2.66601562500000E-0002 -2.08618164062500E-0002 
 2.05500000000000E+0002 -2.24731445312500E-0002 -2.10021972656250E-0002 
 2.06000000000000E+0002 -1.62353515625000E-0002 -2.28515625000000E-0002 
 2.06500000000000E+0002 -1.21887207031249E-0002 -2.61962890625000E-0002 
 2.07000000000000E+0002 -1.21032714843749E-0002 -2.92541503906250E-0002 
 2.07500000000000E+0002 -1.37756347656249E-0002 -2.99255371093750E-0002 
 2.08000000000000E+0002 -1.42883300781250E-0002 -2.83203125000000E-0002 
 2.08500000000000E+0002 -1.28723144531250E-0002 -2.68005371093750E-0002 
 2.09000000000000E+0002 -1.19750976562500E-0002 -2.62512207031250E-0002 
 2.09500000000000E+0002 -1.36291503906250E-0002 -2.47680664062500E-0002 
 2.10000000000000E+0002 -1.56982421875000E-0002 -2.21069335937500E-0002 
 2.10500000000000E+0002 -1.64855957031250E-0002 -2.02758789062500E-0002 
 2.11000000000000E+0002 -1.69738769531250E-0002 -2.03308105468750E-0002 
 2.11500000000000E+0002 -1.97570800781250E-0002 -2.10021972656250E-0002 
 2.12000000000000E+0002 -2.32116699218750E-0002 -2.11730957031250E-0002 
 2.12500000000000E+0002 -2.41699218750000E-0002 -2.05444335937500E-0002 
 2.13000000000000E+0002 -2.25219726562499E-0002 -2.09533691406250E-0002 
 2.13500000000000E+0002 -2.04772949218750E-0002 -2.19970703125000E-0002 
 2.14000000000000E+0002 -1.89819335937500E-0002 -2.16857910156250E-0002 
 2.14500000000000E+0002 -1.74499511718750E-0002 -1.89880371093750E-0002 
 2.15000000000000E+0002 -1.56677246093750E-0002 -1.67297363281250E-0002 
 2.15500000000000E+0002 -1.36169433593749E-0002 -1.71875000000000E-0002 
 2.16000000000000E+0002 -1.33911132812500E-0002 -2.01965332031250E-0002 
 2.16500000000000E+0002 -1.76574707031250E-0002 -2.31506347656250E-0002 
 2.17000000000000E+0002 -2.39562988281250E-0002 -2.44140625000000E-0002 
 2.17500000000000E+0002 -2.78930664062500E-0002 -2.42492675781250E-0002 
 2.18000000000000E+0002 -2.80151367187499E-0002 -2.34252929687500E-0002 
 2.18500000000000E+0002 -2.88574218750000E-0002 -2.10937500000000E-0002 
 2.19000000000000E+0002 -3.16406250000000E-0002 -1.51611328125000E-0002 
 2.19500000000000E+0002 -3.11645507812500E-0002 -7.68432617187499E-0003 
 2.20000000000000E+0002 -2.76367187500000E-0002 -3.54003906250001E-0003 
 2.20500000000000E+0002 -2.59948730468750E-0002 -2.93579101562500E-0003 
 2.21000000000000E+0002 -2.64892578125000E-0002 -4.33349609375000E-0003 
 2.21500000000000E+0002 -2.52563476562500E-0002 -8.78295898437500E-0003 
 2.22000000000000E+0002 -2.21740722656250E-0002 -1.76452636718750E-0002 
 2.22500000000000E+0002 -2.17773437500000E-0002 -2.81555175781250E-0002 
 2.23000000000000E+0002 -2.46215820312500E-0002 -3.64257812500000E-0002 
 2.23500000000000E+0002 -2.87292480468750E-0002 -4.12658691406250E-0002 
 2.24000000000000E+0002 -3.30505371093750E-0002 -4.13391113281250E-0002 
 2.24500000000000E+0002 -3.59863281250000E-0002 -3.79333496093750E-0002 
 2.25000000000000E+0002 -3.64746093750000E-0002 -3.53454589843750E-0002 
 2.25500000000000E+0002 -3.46984863281250E-0002 -3.56384277343750E-0002 
 2.26000000000000E+0002 -3.16101074218750E-0002 -3.77868652343750E-0002 
 2.26500000000000E+0002 -2.78869628906250E-0002 -4.05944824218750E-0002 
 2.27000000000000E+0002 -2.43530273437500E-0002 -4.51904296875000E-0002 
 2.27500000000000E+0002 -2.33947753906250E-0002 -4.97314453125000E-0002 
 2.28000000000000E+0002 -2.52929687500000E-0002 -4.93774414062500E-0002 
 2.28500000000000E+0002 -2.67700195312500E-0002 -4.31823730468750E-0002 
 2.29000000000000E+0002 -2.54882812500000E-0002 -3.52539062500000E-0002 
 2.29500000000000E+0002 -2.36022949218750E-0002 -2.86926269531250E-0002 
 2.30000000000000E+0002 -2.25524902343750E-0002 -2.26867675781250E-0002 
 2.30500000000000E+0002 -1.97692871093750E-0002 -1.66198730468750E-0002 
 2.31000000000000E+0002 -1.49902343750000E-0002 -1.22497558593750E-0002 
 2.31500000000000E+0002 -1.08215332031250E-0002 -1.02294921875000E-0002 
 2.32000000000000E+0002 -9.06982421874999E-0003 -1.08337402343750E-0002 
 2.32500000000000E+0002 -9.13085937500001E-0003 -1.37329101562500E-0002 
 2.33000000000000E+0002 -1.07360839843750E-0002 -1.79260253906250E-0002 
 2.33500000000000E+0002 -1.39221191406250E-0002 -2.10449218750000E-0002 
 2.34000000000000E+0002 -1.69189453125000E-0002 -2.21374511718750E-0002 
 2.34500000000000E+0002 -1.87561035156250E-0002 -2.34130859375000E-0002 
 2.35000000000000E+0002 -2.08801269531250E-0002 -2.37976074218750E-0002 
 2.35500000000000E+0002 -2.21862792968750E-0002 -2.15637207031250E-0002 
 2.36000000000000E+0002 -2.18505859375000E-0002 -1.75903320312500E-0002 
 2.36500000000000E+0002 -2.07458496093750E-0002 -1.43920898437499E-0002 
 2.37000000000000E+0002 -2.07458496093750E-0002 -1.41967773437499E-0002 
 2.37500000000000E+0002 -2.31201171875000E-0002 -1.54479980468750E-0002 
 2.38000000000000E+0002 -2.64831542968750E-0002 -1.55944824218750E-0002 
 2.38500000000000E+0002 -2.86804199218750E-0002 -1.44165039062499E-0002 
 2.39000000000000E+0002 -3.00842285156250E-0002 -1.39038085937500E-0002 
 2.39500000000000E+0002 -3.25561523437500E-0002 -1.55151367187500E-0002 
 2.40000000000000E+0002 -3.58276367187500E-0002 -1.71875000000000E-0002 
 2.40500000000000E+0002 -3.62609863281250E-0002 -1.79565429687500E-0002 
 2.41000000000000E+0002 -3.32031250000000E-0002 -1.87561035156250E-0002 
 2.41500000000000E+0002 -2.96936035156250E-0002 -1.97082519531250E-0002 
 2.42000000000000E+0002 -2.71606445312500E-0002 -1.89392089843750E-0002 
 2.42500000000000E+0002 -2.40112304687500E-0002 -1.58874511718750E-0002 
 2.43000000000000E+0002 -1.93420410156250E-0002 -1.21765136718750E-0002 
 2.43500000000000E+0002 -1.45812988281250E-0002 -9.24072265625001E-0003 
 2.44000000000000E+0002 -1.13220214843750E-0002 -8.67919921875001E-0003 
 2.44500000000000E+0002 -9.20410156250000E-0003 -1.13037109374999E-0002 
 2.45000000000000E+0002 -8.39843750000000E-0003 -1.67114257812500E-0002 
 2.45500000000000E+0002 -1.01013183593750E-0002 -2.25280761718750E-0002 
 2.46000000000000E+0002 -1.37817382812499E-0002 -2.60314941406250E-0002 
 2.46500000000000E+0002 -1.76086425781250E-0002 -2.73071289062500E-0002 
 2.47000000000000E+0002 -2.02209472656250E-0002 -2.74597167968750E-0002 
 2.47500000000000E+0002 -2.20520019531250E-0002 -2.73254394531250E-0002 
 2.48000000000000E+0002 -2.32910156250000E-0002 -2.72033691406250E-0002 
 2.48500000000000E+0002 -2.30651855468750E-0002 -2.78930664062500E-0002 
 2.49000000000000E+0002 -2.29614257812500E-0002 -2.91748046875000E-0002 
 2.49500000000000E+0002 -2.51464843750000E-0002 -3.10546875000000E-0002 
 2.50000000000000E+0002 -2.90588378906250E-0002 -3.29040527343750E-0002 
 2.50500000000000E+0002 -3.39355468750000E-0002 -3.34228515625000E-0002 
 2.51000000000000E+0002 -3.80859375000000E-0002 -3.17260742187500E-0002 
 2.51500000000000E+0002 -4.04357910156249E-0002 -2.88574218750000E-0002 
 2.52000000000000E+0002 -4.03259277343750E-0002 -2.66540527343750E-0002 
 2.52500000000000E+0002 -3.88488769531250E-0002 -2.52502441406250E-0002 
 2.53000000000000E+0002 -3.51440429687500E-0002 -2.32360839843750E-0002 
 2.53500000000000E+0002 -2.73315429687500E-0002 -2.09899902343750E-0002 
 2.54000000000000E+0002 -1.85791015625000E-0002 -2.05627441406250E-0002 
 2.54500000000000E+0002 -1.30981445312500E-0002 -2.08251953125000E-0002 
 2.55000000000000E+0002 -1.12915039062500E-0002 -1.96655273437500E-0002 
 2.55500000000000E+0002 -1.10412597656250E-0002 -1.65344238281250E-0002 
 2.56000000000000E+0002 -1.21704101562500E-0002 -1.48925781250000E-0002 
 2.56500000000000E+0002 -1.67663574218750E-0002 -1.55395507812500E-0002 
 2.57000000000000E+0002 -2.21435546875000E-0002 -1.71752929687500E-0002 
 2.57500000000000E+0002 -2.50793457031250E-0002 -1.89025878906250E-0002 
 2.58000000000000E+0002 -2.50305175781250E-0002 -2.10937500000000E-0002 
 2.58500000000000E+0002 -2.24609375000000E-0002 -2.34985351562500E-0002 
 2.59000000000000E+0002 -1.87866210937501E-0002 -2.52319335937500E-0002 
 2.59500000000000E+0002 -1.48681640625000E-0002 -2.60314941406250E-0002 
 2.60000000000000E+0002 -1.19079589843750E-0002 -2.75390625000000E-0002 
 2.60500000000000E+0002 -1.19018554687500E-0002 -3.03283691406250E-0002 
 2.61000000000000E+0002 -1.42944335937500E-0002 -3.33374023437500E-0002 
 2.61500000000000E+0002 -1.80480957031250E-0002 -3.55407714843750E-0002 
 2.62000000000000E+0002 -2.25158691406250E-0002 -3.64074707031250E-0002 
 2.62500000000000E+0002 -2.55371093750000E-0002 -3.55407714843750E-0002 
 2.63000000000000E+0002 -2.51953125000000E-0002 -3.40942382812499E-0002 
 2.63500000000000E+0002 -2.26745605468750E-0002 -3.31481933593750E-0002 
 2.64000000000000E+0002 -1.97875976562500E-0002 -3.31481933593750E-0002 
 2.64500000000000E+0002 -1.72973632812500E-0002 -3.49792480468750E-0002 
 2.65000000000000E+0002 -1.67602539062500E-0002 -3.83728027343751E-0002 
 2.65500000000000E+0002 -1.95617675781250E-0002 -4.20654296875000E-0002 
 2.66000000000000E+0002 -2.42065429687500E-0002 -4.35241699218751E-0002 
 2.66500000000000E+0002 -2.72460937500000E-0002 -4.21813964843750E-0002 
 2.67000000000000E+0002 -2.88879394531250E-0002 -3.89831542968750E-0002 
 2.67500000000000E+0002 -2.97180175781250E-0002 -3.41247558593749E-0002 
 2.68000000000000E+0002 -2.82653808593750E-0002 -2.84545898437500E-0002 
 2.68500000000000E+0002 -2.44445800781250E-0002 -2.36083984375000E-0002 
 2.69000000000000E+0002 -2.06420898437500E-0002 -2.05078125000000E-0002 
 2.69500000000000E+0002 -1.87133789062500E-0002 -1.94519042968750E-0002 
 2.70000000000000E+0002 -1.87805175781250E-0002 -1.98425292968750E-0002 
 2.70500000000000E+0002 -2.02148437500000E-0002 -2.09411621093750E-0002 
 2.71000000000000E+0002 -2.23999023437500E-0002 -2.35412597656250E-0002 
 2.71500000000000E+0002 -2.43408203125000E-0002 -2.67761230468750E-0002 
 2.72000000000000E+0002 -2.57934570312500E-0002 -2.90405273437500E-0002 
 2.72500000000000E+0002 -2.59277343750000E-0002 -3.04016113281250E-0002 
 2.73000000000000E+0002 -2.50793457031250E-0002 -3.09997558593750E-0002 
 2.73500000000000E+0002 -2.37792968750000E-0002 -2.97607421875000E-0002 
 2.74000000000000E+0002 -2.25158691406250E-0002 -2.63977050781250E-0002 
 2.74500000000000E+0002 -2.17041015625000E-0002 -2.38586425781250E-0002 
 2.75000000000000E+0002 -2.20031738281250E-0002 -2.53295898437500E-0002 
 2.75500000000000E+0002 -2.39318847656250E-0002 -2.92724609375000E-0002 
 2.76000000000000E+0002 -2.57263183593750E-0002 -3.32580566406250E-0002 
 2.76500000000000E+0002 -2.72766113281249E-0002 -3.68103027343749E-0002 
 2.77000000000000E+0002 -2.91625976562500E-0002 -3.90502929687500E-0002 
 2.77500000000000E+0002 -3.13842773437501E-0002 -3.88671875000000E-0002 
 2.78000000000000E+0002 -3.33374023437500E-0002 -3.55163574218750E-0002 
 2.78500000000000E+0002 -3.39782714843750E-0002 -3.11706542968750E-0002 
 2.79000000000000E+0002 -3.42651367187500E-0002 -2.90100097656250E-0002 
 2.79500000000000E+0002 -3.58764648437500E-0002 -2.84606933593750E-0002 
 2.80000000000000E+0002 -3.85986328125000E-0002 -2.74353027343750E-0002 
 2.80500000000000E+0002 -4.10827636718749E-0002 -2.68676757812500E-0002 
 2.81000000000000E+0002 -4.20227050781250E-0002 -2.70446777343750E-0002 
 2.81500000000000E+0002 -4.08813476562500E-0002 -2.72949218750000E-0002 
 2.82000000000000E+0002 -3.73535156250000E-0002 -2.66662597656250E-0002 
 2.82500000000000E+0002 -3.19641113281250E-0002 -2.69653320312500E-0002 
 2.83000000000000E+0002 -2.63427734375000E-0002 -2.83081054687500E-0002 
 2.83500000000000E+0002 -2.17590332031250E-0002 -2.85278320312500E-0002 
 2.84000000000000E+0002 -1.83227539062500E-0002 -2.65991210937500E-0002 
 2.84500000000000E+0002 -1.61560058593750E-0002 -2.41149902343750E-0002 
 2.85000000000000E+0002 -1.42761230468750E-0002 -2.23510742187500E-0002 
 2.85500000000000E+0002 -1.28723144531250E-0002 -2.15148925781250E-0002 
 2.86000000000000E+0002 -1.20727539062499E-0002 -2.07519531250000E-0002 
 2.86500000000000E+0002 -1.11999511718749E-0002 -2.03430175781250E-0002 
 2.87000000000000E+0002 -1.04431152343750E-0002 -2.01293945312500E-0002 
 2.87500000000000E+0002 -1.12976074218749E-0002 -1.95922851562500E-0002 
 2.88000000000000E+0002 -1.36962890625000E-0002 -1.75842285156250E-0002 
 2.88500000000000E+0002 -1.60583496093750E-0002 -1.43981933593750E-0002 
 2.89000000000000E+0002 -1.69555664062500E-0002 -1.32751464843749E-0002 
 2.89500000000000E+0002 -1.79382324218750E-0002 -1.47277832031250E-0002 
 2.90000000000000E+0002 -1.82434082031250E-0002 -1.56066894531249E-0002 
 2.90500000000000E+0002 -1.55273437499999E-0002 -1.58874511718750E-0002 
 2.91000000000000E+0002 -1.11083984375000E-0002 -1.87011718750000E-0002 
 2.91500000000000E+0002 -7.83691406250001E-0003 -2.24792480468750E-0002 
 2.92000000000000E+0002 -5.86547851562500E-0003 -2.40966796875000E-0002 
 2.92500000000000E+0002 -4.51049804687500E-0003 -2.44201660156250E-0002 
 2.93000000000000E+0002 -5.18798828125000E-0003 -2.60375976562500E-0002 
 2.93500000000000E+0002 -9.84497070312500E-0003 -2.88818359375000E-0002 
 2.94000000000000E+0002 -1.76147460937500E-0002 -2.94372558593750E-0002 
 2.94500000000000E+0002 -2.33886718750000E-0002 -2.72460937500000E-0002 
 2.95000000000000E+0002 -2.49145507812500E-0002 -2.52136230468750E-0002 
 2.95500000000000E+0002 -2.32910156250000E-0002 -2.44323730468750E-0002 
 2.96000000000000E+0002 -1.99096679687500E-0002 -2.41699218750000E-0002 
 2.96500000000000E+0002 -1.51550292968749E-0002 -2.29125976562500E-0002 
 2.97000000000000E+0002 -9.66186523437499E-0003 -2.06909179687500E-0002 
 2.97500000000000E+0002 -5.88989257812500E-0003 -1.92810058593750E-0002 
 2.98000000000000E+0002 -5.41381835937500E-0003 -1.90063476562500E-0002 
 2.98500000000000E+0002 -7.72094726562500E-0003 -1.92749023437500E-0002 
 2.99000000000000E+0002 -1.13830566406250E-0002 -2.05322265625000E-0002 
 2.99500000000000E+0002 -1.53137207031250E-0002 -2.17773437500000E-0002 
 3.00000000000000E+0002 -1.75720214843750E-0002 -2.32360839843750E-0002 
 3.00500000000000E+0002 -1.75720214843750E-0002 -2.52929687500000E-0002 
 3.01000000000000E+0002 -1.62597656250000E-0002 -2.50061035156250E-0002 
 3.01500000000000E+0002 -1.34460449218749E-0002 -2.15026855468750E-0002 
 3.02000000000000E+0002 -9.35668945312500E-0003 -1.72424316406250E-0002 
 3.02500000000000E+0002 -4.77294921875000E-0003 -1.49108886718750E-0002 
 3.03000000000000E+0002 -2.33764648437500E-0003 -1.41662597656250E-0002 
 3.03500000000000E+0002 -3.39355468750000E-0003 -1.36474609374999E-0002 
 3.04000000000000E+0002 -7.42187500000001E-0003 -1.47094726562499E-0002 
 3.04500000000000E+0002 -1.52954101562499E-0002 -1.88293457031250E-0002 
 3.05000000000000E+0002 -2.65258789062500E-0002 -2.36999511718750E-0002 
 3.05500000000000E+0002 -3.74023437500001E-0002 -2.62329101562500E-0002 
 3.06000000000000E+0002 -4.30847167968750E-0002 -2.67089843750000E-0002 
 3.06500000000000E+0002 -4.31335449218750E-0002 -2.67883300781249E-0002 
 3.07000000000000E+0002 -3.87023925781250E-0002 -2.49267578125000E-0002 
 3.07500000000000E+0002 -3.19335937500000E-0002 -1.99951171875000E-0002 
 3.08000000000000E+0002 -2.40112304687500E-0002 -1.36413574218750E-0002 
 3.08500000000000E+0002 -1.66503906250000E-0002 -9.87548828125000E-0003 
 3.09000000000000E+0002 -1.32141113281250E-0002 -1.03210449218750E-0002 
 3.09500000000000E+0002 -1.50634765624999E-0002 -1.27197265624999E-0002 
 3.10000000000000E+0002 -1.98730468749999E-0002 -1.50512695312499E-0002 
 3.10500000000000E+0002 -2.43286132812500E-0002 -1.76208496093750E-0002 
 3.11000000000000E+0002 -2.76062011718750E-0002 -2.03857421875000E-0002 
 3.11500000000000E+0002 -3.07922363281250E-0002 -2.31567382812500E-0002 
 3.12000000000000E+0002 -3.30932617187500E-0002 -2.46215820312500E-0002 
 3.12500000000000E+0002 -3.22814941406250E-0002 -2.60498046875000E-0002 
 3.13000000000000E+0002 -2.93762207031250E-0002 -2.83752441406250E-0002 
 3.13500000000000E+0002 -2.61779785156250E-0002 -3.02185058593750E-0002 
 3.14000000000000E+0002 -2.36572265625000E-0002 -3.12377929687500E-0002 
 3.14500000000000E+0002 -2.23266601562500E-0002 -3.27331542968750E-0002 
 3.15000000000000E+0002 -2.20214843750000E-0002 -3.27514648437500E-0002 
 3.15500000000000E+0002 -2.21069335937500E-0002 -3.08105468750000E-0002 
 3.16000000000000E+0002 -2.20397949218750E-0002 -2.84301757812500E-0002 
 3.16500000000000E+0002 -2.20336914062500E-0002 -2.65075683593750E-0002 
 3.17000000000000E+0002 -2.04650878906250E-0002 -2.44506835937500E-0002 
 3.17500000000000E+0002 -1.58996582031250E-0002 -2.04101562500000E-0002 
 3.18000000000000E+0002 -1.06689453125000E-0002 -1.57775878906250E-0002 
 3.18500000000000E+0002 -8.29467773437500E-0003 -1.32995605468749E-0002 
 3.19000000000000E+0002 -9.10644531250001E-0003 -1.34216308593750E-0002 
 3.19500000000000E+0002 -1.10534667968749E-0002 -1.52893066406250E-0002 
 3.20000000000000E+0002 -1.40869140625000E-0002 -1.74621582031250E-0002 
 3.20500000000000E+0002 -1.91345214843750E-0002 -1.94458007812500E-0002 
 3.21000000000000E+0002 -2.45239257812500E-0002 -2.05383300781250E-0002 
 3.21500000000000E+0002 -2.83264160156250E-0002 -2.08312988281250E-0002 
 3.22000000000000E+0002 -3.05114746093750E-0002 -1.97692871093750E-0002 
 3.22500000000000E+0002 -3.15124511718750E-0002 -1.83898925781250E-0002 
 3.23000000000000E+0002 -3.19335937500000E-0002 -1.91711425781250E-0002 
 3.23500000000000E+0002 -3.30688476562500E-0002 -2.31384277343750E-0002 
 3.24000000000000E+0002 -3.51440429687500E-0002 -2.91503906250000E-0002 
 3.24500000000000E+0002 -3.64746093750000E-0002 -3.32763671875000E-0002 
 3.25000000000000E+0002 -3.53088378906250E-0002 -3.46435546875000E-0002 
 3.25500000000000E+0002 -3.38562011718750E-0002 -3.47778320312500E-0002 
 3.26000000000000E+0002 -3.36425781250000E-0002 -3.28308105468750E-0002 
 3.26500000000000E+0002 -3.28674316406249E-0002 -2.95410156250000E-0002 
 3.27000000000000E+0002 -3.17138671875000E-0002 -2.58911132812500E-0002 
 3.27500000000000E+0002 -3.15124511718750E-0002 -2.43835449218750E-0002 
 3.28000000000000E+0002 -3.46191406250000E-0002 -2.54394531250000E-0002 
 3.28500000000000E+0002 -3.89465332031250E-0002 -2.61352539062500E-0002 
 3.29000000000000E+0002 -4.15588378906249E-0002 -2.53234863281250E-0002 
 3.29500000000000E+0002 -4.22241210937500E-0002 -2.43835449218750E-0002 
 3.30000000000000E+0002 -4.23828125000000E-0002 -2.46215820312500E-0002 
 3.30500000000000E+0002 -4.28833007812500E-0002 -2.40905761718750E-0002 
 3.31000000000000E+0002 -4.27246093750000E-0002 -2.15454101562500E-0002 
 3.31500000000000E+0002 -4.17419433593750E-0002 -1.87500000000000E-0002 
 3.32000000000000E+0002 -4.16015625000000E-0002 -1.71508789062500E-0002 
 3.32500000000000E+0002 -4.12597656250000E-0002 -1.58447265625000E-0002 
 3.33000000000000E+0002 -3.97155761718750E-0002 -1.52648925781250E-0002 
 3.33500000000000E+0002 -3.74328613281250E-0002 -1.79687500000000E-0002 
 3.34000000000000E+0002 -3.61389160156250E-0002 -2.35473632812501E-0002 
 3.34500000000000E+0002 -3.67126464843749E-0002 -2.81677246093750E-0002 
 3.35000000000000E+0002 -3.75183105468750E-0002 -2.96142578125000E-0002 
 3.35500000000000E+0002 -3.75488281250000E-0002 -2.84667968750000E-0002 
 3.36000000000000E+0002 -3.68652343750000E-0002 -2.57873535156250E-0002 
 3.36500000000000E+0002 -3.49609375000000E-0002 -2.16491699218750E-0002 
 3.37000000000000E+0002 -3.23486328125000E-0002 -1.69921875000000E-0002 
 3.37500000000000E+0002 -2.84240722656250E-0002 -1.38854980468750E-0002 
 3.38000000000000E+0002 -2.38891601562500E-0002 -1.43188476562500E-0002 
 3.38500000000000E+0002 -2.20703125000000E-0002 -1.68334960937500E-0002 
 3.39000000000000E+0002 -2.25219726562500E-0002 -1.76391601562500E-0002 
 3.39500000000000E+0002 -2.23327636718750E-0002 -1.64855957031250E-0002 
 3.40000000000000E+0002 -2.09411621093750E-0002 -1.63818359375000E-0002 
 3.40500000000000E+0002 -2.18261718750000E-0002 -1.88110351562500E-0002 
 3.41000000000000E+0002 -2.59094238281250E-0002 -2.09594726562500E-0002 
 3.41500000000000E+0002 -2.95227050781250E-0002 -2.18200683593750E-0002 
 3.42000000000000E+0002 -3.12622070312500E-0002 -2.33337402343750E-0002 
 3.42500000000000E+0002 -3.17382812500000E-0002 -2.50122070312500E-0002 
 3.43000000000000E+0002 -3.19213867187500E-0002 -2.45544433593750E-0002 
 3.43500000000000E+0002 -3.06335449218750E-0002 -2.07702636718750E-0002 
 3.44000000000000E+0002 -2.73742675781250E-0002 -1.64123535156250E-0002 
 3.44500000000000E+0002 -2.35351562500000E-0002 -1.60339355468750E-0002 
 3.45000000000000E+0002 -2.30651855468750E-0002 -1.90185546875000E-0002 
 3.45500000000000E+0002 -2.56896972656250E-0002 -2.14294433593750E-0002 
 3.46000000000000E+0002 -2.78381347656250E-0002 -2.27172851562500E-0002 
 3.46500000000000E+0002 -2.89489746093750E-0002 -2.40112304687500E-0002 
 3.47000000000000E+0002 -3.08654785156250E-0002 -2.44995117187500E-0002 
 3.47500000000000E+0002 -3.26782226562500E-0002 -2.37548828125000E-0002 
 3.48000000000000E+0002 -3.31604003906250E-0002 -2.33886718750000E-0002 
 3.48500000000000E+0002 -3.39172363281249E-0002 -2.45361328125000E-0002 
 3.49000000000000E+0002 -3.54919433593750E-0002 -2.76794433593750E-0002 
 3.49500000000000E+0002 -3.74328613281250E-0002 -3.21716308593750E-0002 
 3.50000000000000E+0002 -3.88122558593750E-0002 -3.58703613281250E-0002 
 3.50500000000000E+0002 -4.01672363281250E-0002 -3.64624023437499E-0002 
 3.51000000000000E+0002 -4.08447265625001E-0002 -3.39477539062500E-0002 
 3.51500000000000E+0002 -4.04785156250000E-0002 -3.09387207031250E-0002 
 3.52000000000000E+0002 -4.00268554687500E-0002 -2.74414062500000E-0002 
 3.52500000000000E+0002 -3.96545410156250E-0002 -2.29431152343750E-0002 
 3.53000000000000E+0002 -3.99536132812500E-0002 -1.92321777343750E-0002 
 3.53500000000000E+0002 -4.08752441406250E-0002 -1.74438476562500E-0002 
 3.54000000000000E+0002 -4.11682128906250E-0002 -1.73400878906250E-0002 
 3.54500000000000E+0002 -3.94775390625000E-0002 -1.79870605468750E-0002 
 3.55000000000000E+0002 -3.50341796875000E-0002 -1.91406250000000E-0002 
 3.55500000000000E+0002 -2.91259765625000E-0002 -2.16491699218750E-0002 
 3.56000000000000E+0002 -2.33520507812500E-0002 -2.44934082031250E-0002 
 3.56500000000000E+0002 -1.86157226562500E-0002 -2.71301269531250E-0002 
 3.57000000000000E+0002 -1.72973632812500E-0002 -2.94982910156250E-0002 
 3.57500000000000E+0002 -1.93359375000000E-0002 -3.04382324218750E-0002 
 3.58000000000000E+0002 -2.28454589843750E-0002 -3.13415527343750E-0002 
 3.58500000000000E+0002 -2.71423339843750E-0002 -3.24951171875001E-0002 
 3.59000000000000E+0002 -3.13720703125000E-0002 -3.22692871093750E-0002 
 3.59500000000000E+0002 -3.45642089843750E-0002 -2.90832519531250E-0002 
 3.60000000000000E+0002 -3.38928222656250E-0002 -2.31506347656250E-0002 
 3.60500000000000E+0002 -2.99621582031250E-0002 -1.91650390625000E-0002 
 3.61000000000000E+0002 -2.77832031250000E-0002 -1.79565429687500E-0002 
 3.61500000000000E+0002 -2.71301269531250E-0002 -1.71142578125000E-0002 
 3.62000000000000E+0002 -2.55798339843750E-0002 -1.74987792968750E-0002 
 3.62500000000000E+0002 -2.42675781250000E-0002 -2.06176757812500E-0002 
 3.63000000000000E+0002 -2.48901367187500E-0002 -2.53662109374999E-0002 
 3.63500000000000E+0002 -2.73132324218750E-0002 -2.81555175781249E-0002 
 3.64000000000000E+0002 -2.89550781250000E-0002 -2.67944335937500E-0002 
 3.64500000000000E+0002 -2.97790527343750E-0002 -2.28393554687500E-0002 
 3.65000000000000E+0002 -3.11401367187500E-0002 -1.88720703125000E-0002 
 3.65500000000000E+0002 -3.22265625000000E-0002 -1.47644042968750E-0002 
 3.66000000000000E+0002 -3.22937011718750E-0002 -1.08825683593750E-0002 
 3.66500000000000E+0002 -3.08776855468750E-0002 -8.98437500000000E-0003 
 3.67000000000000E+0002 -2.72216796875000E-0002 -1.02172851562500E-0002 
 3.67500000000000E+0002 -2.31567382812500E-0002 -1.47888183593749E-0002 
 3.68000000000000E+0002 -1.98181152343750E-0002 -1.91284179687500E-0002 
 3.68500000000000E+0002 -1.82067871093750E-0002 -2.19665527343750E-0002 
 3.69000000000000E+0002 -2.04589843750000E-0002 -2.39807128906250E-0002 
 3.69500000000000E+0002 -2.63000488281250E-0002 -2.43286132812500E-0002 
 3.70000000000000E+0002 -3.23547363281250E-0002 -2.20092773437500E-0002 
 3.70500000000000E+0002 -3.63342285156250E-0002 -1.86706542968750E-0002 
 3.71000000000000E+0002 -3.88671874999999E-0002 -1.74743652343750E-0002 
 3.71500000000000E+0002 -4.07470703124999E-0002 -1.87927246093750E-0002 
 3.72000000000000E+0002 -4.16198730468750E-0002 -2.09228515625000E-0002 
 3.72500000000000E+0002 -4.22119140625000E-0002 -2.45605468750000E-0002 
 3.73000000000000E+0002 -4.54101562500000E-0002 -2.98156738281250E-0002 
 3.73500000000000E+0002 -5.04028320312501E-0002 -3.30139160156250E-0002 
 3.74000000000000E+0002 -5.26184082031249E-0002 -3.19213867187500E-0002 
 3.74500000000000E+0002 -4.97741699218750E-0002 -3.01574707031250E-0002 
 3.75000000000000E+0002 -4.47998046875000E-0002 -3.11157226562500E-0002 
 3.75500000000000E+0002 -4.16076660156250E-0002 -3.30993652343750E-0002 
 3.76000000000000E+0002 -3.82385253906250E-0002 -3.28063964843750E-0002 
 3.76500000000000E+0002 -3.26721191406250E-0002 -3.24951171875000E-0002 
 3.77000000000000E+0002 -2.85644531250000E-0002 -3.44909667968750E-0002 
 3.77500000000000E+0002 -2.78076171875000E-0002 -3.57482910156250E-0002 
 3.78000000000000E+0002 -2.75146484375000E-0002 -3.25866699218750E-0002 
 3.78500000000000E+0002 -2.56164550781250E-0002 -2.61291503906250E-0002 
 3.79000000000000E+0002 -2.43591308593750E-0002 -2.13317871093750E-0002 
 3.79500000000000E+0002 -2.56896972656250E-0002 -2.07031250000000E-0002 
 3.80000000000000E+0002 -2.76428222656250E-0002 -2.25036621093750E-0002 
 3.80500000000000E+0002 -2.82958984375000E-0002 -2.52136230468750E-0002 
 3.81000000000000E+0002 -2.72766113281250E-0002 -2.76733398437500E-0002 
 3.81500000000000E+0002 -2.46887207031250E-0002 -2.80395507812500E-0002 
 3.82000000000000E+0002 -1.94580078125000E-0002 -2.52990722656250E-0002 
 3.82500000000000E+0002 -1.29455566406249E-0002 -2.14172363281250E-0002 
 3.83000000000000E+0002 -8.69140624999999E-0003 -1.70593261718750E-0002 
 3.83500000000000E+0002 -7.12280273437499E-0003 -1.23596191406249E-0002 
 3.84000000000000E+0002 -7.28759765625001E-0003 -9.68017578124998E-0003 
 3.84500000000000E+0002 -9.06372070312500E-0003 -1.11022949218749E-0002 
 3.85000000000000E+0002 -1.38366699218749E-0002 -1.34094238281249E-0002 
 3.85500000000000E+0002 -1.93237304687500E-0002 -1.28845214843750E-0002 
 3.86000000000000E+0002 -2.20092773437500E-0002 -1.11633300781249E-0002 
 3.86500000000000E+0002 -2.21313476562500E-0002 -1.02539062500000E-0002 
 3.87000000000000E+0002 -2.18200683593750E-0002 -1.12182617187499E-0002 
 3.87500000000000E+0002 -2.22229003906250E-0002 -1.40930175781250E-0002 
 3.88000000000000E+0002 -2.25646972656250E-0002 -1.90551757812500E-0002 
 3.88500000000000E+0002 -2.18017578125000E-0002 -2.52563476562500E-0002 
 3.89000000000000E+0002 -2.19848632812500E-0002 -3.13171386718750E-0002 
 3.89500000000000E+0002 -2.44934082031250E-0002 -3.44909667968750E-0002 
 3.90000000000000E+0002 -2.75939941406250E-0002 -3.40698242187500E-0002 
 3.90500000000000E+0002 -2.85095214843750E-0002 -3.11523437500000E-0002 
 3.91000000000000E+0002 -2.86071777343750E-0002 -2.69958496093750E-0002 
 3.91500000000000E+0002 -2.87048339843750E-0002 -2.26257324218750E-0002 
 3.92000000000000E+0002 -2.72644042968750E-0002 -1.93420410156250E-0002 
 3.92500000000000E+0002 -2.45300292968750E-0002 -1.83349609375000E-0002 
 3.93000000000000E+0002 -2.16979980468750E-0002 -1.93969726562500E-0002 
 3.93500000000000E+0002 -2.05139160156250E-0002 -2.25524902343750E-0002 
 3.94000000000000E+0002 -2.34191894531250E-0002 -2.51647949218750E-0002 
 3.94500000000000E+0002 -3.08593750000000E-0002 -2.69165039062500E-0002 
 3.95000000000000E+0002 -4.05334472656250E-0002 -2.81433105468750E-0002 
 3.95500000000000E+0002 -4.84802246093750E-0002 -2.81799316406250E-0002 
 3.96000000000000E+0002 -5.31860351562500E-0002 -2.60314941406250E-0002 
 3.96500000000000E+0002 -5.34301757812500E-0002 -2.15515136718750E-0002 
 3.97000000000000E+0002 -4.76074218750000E-0002 -1.79626464843750E-0002 
 3.97500000000000E+0002 -3.68774414062500E-0002 -1.51184082031250E-0002 
 3.98000000000000E+0002 -2.41271972656250E-0002 -1.23596191406250E-0002 
 3.98500000000000E+0002 -1.36108398437499E-0002 -9.68627929687501E-0003 
 3.99000000000000E+0002 -6.33544921875001E-0003 -7.44628906250001E-0003 
 3.99500000000000E+0002 -1.73339843750001E-0003 -6.19506835937499E-0003 
