 0.00000000000000E+0000  1.68673034667969E+0001 -1.14690063476562E+0001 
 5.00000000000000E-0001  1.56081115722656E+0001 -1.00601379394531E+0001 
 1.00000000000000E+0000  1.08987854003906E+0001 -5.94475708007812E+0000 
 1.50000000000000E+0000  5.12252197265626E+0000 -1.44832763671875E+0000 
 2.00000000000000E+0000  2.08306884765625E+0000  3.79998779296875E-0001 
 2.50000000000000E+0000  1.02681274414063E+0000  7.24536132812499E-0001 
 3.00000000000000E+0000  6.83685302734375E-0001  6.85028076171876E-0001 
 3.50000000000000E+0000  5.04907226562500E-0001  5.45886230468749E-0001 
 4.00000000000000E+0000  3.77069091796875E-0001  3.85473632812501E-0001 
 4.50000000000000E+0000  3.04925537109375E-0001  1.61096191406250E-0001 
 5.00000000000000E+0000  2.67980957031250E-0001 -1.68670654296875E-0001 
 5.50000000000000E+0000  2.66265869140625E-0001 -5.20507812500001E-0001 
 6.00000000000000E+0000  3.17272949218751E-0001 -7.81524658203124E-0001 
 6.50000000000000E+0000  3.58935546875000E-0001 -9.16821289062501E-0001 
 7.00000000000000E+0000  3.16113281250000E-0001 -8.88653564453125E-0001 
 7.50000000000000E+0000  2.10406494140625E-0001 -6.89459228515626E-0001 
 8.00000000000000E+0000  6.70349121093751E-0002 -4.03192138671875E-0001 
 8.50000000000000E+0000 -1.11303710937500E-0001 -1.07922363281250E-0001 
 9.00000000000000E+0000 -2.74291992187500E-0001  1.50756835937500E-0001 
 9.50000000000000E+0000 -3.60968017578125E-0001  3.17773437500000E-0001 
 1.00000000000000E+0001 -3.65686035156250E-0001  3.56964111328125E-0001 
 1.05000000000000E+0001 -3.14898681640625E-0001  3.05853271484375E-0001 
 1.10000000000000E+0001 -2.20196533203125E-0001  2.25469970703125E-0001 
 1.15000000000000E+0001 -1.08984374999999E-0001  1.33935546875000E-0001 
 1.20000000000000E+0001 -1.66137695312500E-0002  4.80529785156250E-0002 
 1.25000000000000E+0001  5.96252441406250E-0002 -1.62475585937500E-0002 
 1.30000000000000E+0001  1.22161865234375E-0001 -7.78686523437499E-0002 
 1.35000000000000E+0001  1.55480957031250E-0001 -1.53601074218750E-0001 
 1.40000000000000E+0001  1.61767578125000E-0001 -2.31506347656250E-0001 
 1.45000000000000E+0001  1.53894042968750E-0001 -3.01861572265625E-0001 
 1.50000000000000E+0001  1.20318603515624E-0001 -3.67437744140625E-0001 
 1.55000000000000E+0001  4.76928710937500E-0002 -4.08111572265625E-0001 
 1.60000000000000E+0001 -3.54431152343750E-0002 -3.89782714843749E-0001 
 1.65000000000000E+0001 -9.75280761718750E-0002 -3.12084960937500E-0001 
 1.70000000000000E+0001 -1.39923095703125E-0001 -1.96697998046875E-0001 
 1.75000000000000E+0001 -1.57678222656250E-0001 -5.88134765625000E-0002 
 1.80000000000000E+0001 -1.32464599609375E-0001  8.39965820312499E-0002 
 1.85000000000000E+0001 -6.88415527343750E-0002  2.04852294921875E-0001 
 1.90000000000000E+0001  9.30786132812499E-0003  2.85778808593750E-0001 
 1.95000000000000E+0001  9.61425781250001E-0002  3.26245117187500E-0001 
 2.00000000000000E+0001  1.95141601562500E-0001  3.24749755859375E-0001 
 2.05000000000000E+0001  2.90991210937500E-0001  2.82342529296875E-0001 
 2.10000000000000E+0001  3.78082275390626E-0001  2.04364013671875E-0001 
 2.15000000000000E+0001  4.56158447265625E-0001  9.54956054687501E-0002 
 2.20000000000000E+0001  5.07019042968750E-0001 -2.27478027343750E-0002 
 2.25000000000000E+0001  5.12261962890626E-0001 -1.22021484375000E-0001 
 2.30000000000000E+0001  4.73333740234375E-0001 -1.90124511718750E-0001 
 2.35000000000000E+0001  3.96734619140625E-0001 -2.25909423828125E-0001 
 2.40000000000000E+0001  2.80139160156250E-0001 -2.25097656250000E-0001 
 2.45000000000000E+0001  1.30786132812500E-0001 -1.87554931640625E-0001 
 2.50000000000000E+0001 -2.89184570312500E-0002 -1.31744384765625E-0001 
 2.55000000000000E+0001 -1.86016845703125E-0001 -7.77099609374999E-0002 
 2.60000000000000E+0001 -3.32360839843750E-0001 -3.00964355468750E-0002 
 2.65000000000000E+0001 -4.50738525390625E-0001  1.32385253906249E-0002 
 2.70000000000000E+0001 -5.19720458984375E-0001  5.59814453125000E-0002 
 2.75000000000000E+0001 -5.35546875000000E-0001  1.04614257812499E-0001 
 2.80000000000000E+0001 -5.01605224609375E-0001  1.63922119140625E-0001 
 2.85000000000000E+0001 -4.19000244140625E-0001  2.22070312500000E-0001 
 2.90000000000000E+0001 -3.02490234375001E-0001  2.64874267578125E-0001 
 2.95000000000000E+0001 -1.73687744140625E-0001  2.89916992187500E-0001 
 3.00000000000000E+0001 -4.96398925781249E-0002  2.88287353515625E-0001 
 3.05000000000000E+0001  5.59082031249999E-0002  2.48944091796875E-0001 
 3.10000000000000E+0001  1.32623291015625E-0001  1.75787353515625E-0001 
 3.15000000000000E+0001  1.76684570312500E-0001  8.64135742187500E-0002 
 3.20000000000000E+0001  1.94909667968750E-0001 -2.53906250000000E-0003 
 3.25000000000000E+0001  1.90795898437500E-0001 -8.32641601562499E-0002 
 3.30000000000000E+0001  1.61816406250000E-0001 -1.46875000000000E-0001 
 3.35000000000000E+0001  1.13781738281249E-0001 -1.90368652343750E-0001 
 3.40000000000000E+0001  5.89721679687501E-0002 -2.21136474609375E-0001 
 3.45000000000000E+0001  1.12915039062500E-0003 -2.43182373046875E-0001 
 3.50000000000000E+0001 -5.91613769531250E-0002 -2.51593017578125E-0001 
 3.55000000000000E+0001 -1.13073730468750E-0001 -2.44531250000000E-0001 
 3.60000000000000E+0001 -1.52276611328125E-0001 -2.22448730468750E-0001 
 3.65000000000000E+0001 -1.71289062500000E-0001 -1.79174804687500E-0001 
 3.70000000000000E+0001 -1.69097900390625E-0001 -1.15069580078125E-0001 
 3.75000000000000E+0001 -1.49462890625000E-0001 -4.07775878906249E-0002 
 3.80000000000000E+0001 -1.18817138671875E-0001  3.27758789062500E-0002 
 3.85000000000000E+0001 -8.37280273437501E-0002  1.00012207031250E-0001 
 3.90000000000000E+0001 -4.85534667968750E-0002  1.53894042968750E-0001 
 3.95000000000000E+0001 -1.85485839843750E-0002  1.86206054687500E-0001 
 4.00000000000000E+0001  4.57153320312500E-0003  1.98406982421875E-0001 
 4.05000000000000E+0001  2.65869140625000E-0002  1.93670654296875E-0001 
 4.10000000000000E+0001  4.80346679687500E-0002  1.69213867187500E-0001 
 4.15000000000000E+0001  6.46911621093750E-0002  1.27154541015625E-0001 
 4.20000000000000E+0001  7.50122070312500E-0002  7.86010742187499E-0002 
 4.25000000000000E+0001  7.93823242187499E-0002  3.30749511718750E-0002 
 4.30000000000000E+0001  7.85644531250001E-0002 -7.59277343750001E-0003 
 4.35000000000000E+0001  7.03369140625000E-0002 -4.03381347656250E-0002 
 4.40000000000000E+0001  5.68786621093750E-0002 -5.96496582031249E-0002 
 4.45000000000000E+0001  4.29931640625000E-0002 -6.63513183593749E-0002 
 4.50000000000000E+0001  2.94372558593750E-0002 -6.74133300781250E-0002 
 4.55000000000000E+0001  1.38000488281250E-0002 -6.56127929687500E-0002 
 4.60000000000000E+0001 -4.49829101562500E-0003 -6.03942871093750E-0002 
 4.65000000000000E+0001 -2.35717773437500E-0002 -5.28198242187499E-0002 
 4.70000000000000E+0001 -4.14428710937500E-0002 -4.51660156250000E-0002 
 4.75000000000000E+0001 -5.42663574218751E-0002 -3.74267578125000E-0002 
 4.80000000000000E+0001 -5.84594726562500E-0002 -3.06152343750000E-0002 
 4.85000000000000E+0001 -5.46569824218750E-0002 -2.65502929687500E-0002 
 4.90000000000000E+0001 -4.62829589843749E-0002 -2.46887207031250E-0002 
 4.95000000000000E+0001 -3.64013671875000E-0002 -2.35595703125000E-0002 
 5.00000000000000E+0001 -2.90832519531249E-0002 -2.22412109375000E-0002 
 5.05000000000000E+0001 -2.77221679687500E-0002 -2.01904296875000E-0002 
 5.10000000000000E+0001 -3.14636230468750E-0002 -1.58630371093750E-0002 
 5.15000000000000E+0001 -3.76708984375000E-0002 -9.71679687499999E-0003 
 5.20000000000000E+0001 -4.42138671875000E-0002 -2.19116210937501E-0003 
 5.25000000000000E+0001 -4.72473144531250E-0002  8.87451171874999E-0003 
 5.30000000000000E+0001 -4.14245605468750E-0002  2.37121582031250E-0002 
 5.35000000000000E+0001 -2.85339355468750E-0002  3.90563964843750E-0002 
 5.40000000000000E+0001 -1.17431640625000E-0002  5.23620605468750E-0002 
 5.45000000000000E+0001  7.54394531250000E-0003  6.15600585937500E-0002 
 5.50000000000000E+0001  2.76916503906250E-0002  6.45996093750000E-0002 
 5.55000000000000E+0001  4.40795898437501E-0002  6.12365722656250E-0002 
 5.60000000000000E+0001  5.58349609375000E-0002  5.13488769531250E-0002 
 5.65000000000000E+0001  6.38366699218750E-0002  3.44482421875000E-0002 
 5.70000000000000E+0001  6.63696289062500E-0002  1.18835449218749E-0002 
 5.75000000000000E+0001  6.40197753906250E-0002 -1.18286132812500E-0002 
 5.80000000000000E+0001  5.96435546875001E-0002 -3.41308593750000E-0002 
 5.85000000000000E+0001  5.30761718750000E-0002 -5.57800292968750E-0002 
 5.90000000000000E+0001  4.15344238281250E-0002 -7.40417480468749E-0002 
 5.95000000000000E+0001  2.51953125000000E-0002 -8.46130371093750E-0002 
 6.00000000000000E+0001  7.57446289062500E-0003 -8.78417968750000E-0002 
 6.05000000000000E+0001 -1.12548828125000E-0002 -8.60778808593750E-0002 
 6.10000000000000E+0001 -3.24523925781250E-0002 -7.97241210937501E-0002 
 6.15000000000000E+0001 -5.33935546874999E-0002 -6.82739257812501E-0002 
 6.20000000000000E+0001 -6.99523925781251E-0002 -5.30578613281250E-0002 
 6.25000000000000E+0001 -7.96447753906250E-0002 -3.56506347656250E-0002 
 6.30000000000000E+0001 -8.15307617187500E-0002 -1.62902832031250E-0002 
 6.35000000000000E+0001 -7.61596679687500E-0002  3.01513671875000E-0003 
 6.40000000000000E+0001 -6.37023925781250E-0002  2.04650878906250E-0002 
 6.45000000000000E+0001 -4.51660156250000E-0002  3.24340820312500E-0002 
 6.50000000000000E+0001 -2.34680175781250E-0002  3.62609863281250E-0002 
 6.55000000000000E+0001 -2.45971679687500E-0003  3.35876464843750E-0002 
 6.60000000000000E+0001  1.76208496093750E-0002  2.67517089843750E-0002 
 6.65000000000000E+0001  3.63220214843750E-0002  1.61499023437500E-0002 
 6.70000000000000E+0001  5.35339355468751E-0002  2.45361328125000E-0003 
 6.75000000000000E+0001  6.67114257812500E-0002 -1.28906250000000E-0002 
 6.80000000000000E+0001  7.32177734375001E-0002 -2.75756835937500E-0002 
 6.85000000000000E+0001  7.36022949218750E-0002 -4.17541503906249E-0002 
 6.90000000000000E+0001  6.87011718750000E-0002 -5.73608398437499E-0002 
 6.95000000000000E+0001  5.72998046874999E-0002 -7.18200683593749E-0002 
 7.00000000000000E+0001  4.02465820312500E-0002 -8.17077636718749E-0002 
 7.05000000000000E+0001  2.12646484375000E-0002 -8.50036621093749E-0002 
 7.10000000000000E+0001  4.40673828125000E-0003 -8.25012207031250E-0002 
 7.15000000000000E+0001 -9.58251953125001E-0003 -7.48107910156250E-0002 
 7.20000000000000E+0001 -2.20825195312500E-0002 -6.33911132812500E-0002 
 7.25000000000000E+0001 -3.33801269531250E-0002 -5.04638671875000E-0002 
 7.30000000000000E+0001 -4.22180175781251E-0002 -3.64501953124999E-0002 
 7.35000000000000E+0001 -4.57824707031249E-0002 -2.28820800781250E-0002 
 7.40000000000000E+0001 -4.40307617187501E-0002 -1.23168945312500E-0002 
 7.45000000000000E+0001 -3.87023925781250E-0002 -5.29785156249999E-0003 
 7.50000000000000E+0001 -2.91870117187500E-0002  1.70898437499999E-0003 
 7.55000000000000E+0001 -1.61987304687500E-0002  6.31713867187500E-0003 
 7.60000000000000E+0001 -3.65600585937499E-0003  5.75561523437500E-0003 
 7.65000000000000E+0001  4.52880859375000E-0003  1.51367187500000E-0003 
 7.70000000000000E+0001  6.53076171875001E-0003 -3.63769531250000E-0003 
 7.75000000000000E+0001  4.55932617187500E-0003 -9.00268554687500E-0003 
 7.80000000000000E+0001  1.30615234375000E-0003 -1.45324707031250E-0002 
 7.85000000000000E+0001  7.62939453124989E-0004 -2.03186035156250E-0002 
 7.90000000000000E+0001  3.74755859375001E-0003 -2.74658203125000E-0002 
 7.95000000000000E+0001  7.37304687500002E-0003 -3.58215332031251E-0002 
 8.00000000000000E+0001  1.04980468750000E-0002 -4.14062500000000E-0002 
 8.05000000000000E+0001  1.32202148437500E-0002 -4.32617187500000E-0002 
 8.10000000000000E+0001  1.43005371093750E-0002 -4.35791015625000E-0002 
 8.15000000000000E+0001  1.06018066406250E-0002 -4.31213378906250E-0002 
 8.20000000000000E+0001  2.31323242187499E-0003 -4.01977539062499E-0002 
 8.25000000000000E+0001 -4.73632812499999E-0003 -3.73229980468750E-0002 
 8.30000000000000E+0001 -8.37402343750000E-0003 -3.78173828125001E-0002 
 8.35000000000000E+0001 -1.00158691406250E-0002 -4.09362792968750E-0002 
 8.40000000000000E+0001 -1.13525390624999E-0002 -4.33654785156250E-0002 
 8.45000000000000E+0001 -1.15478515624999E-0002 -4.26269531250000E-0002 
 8.50000000000000E+0001 -1.06933593750000E-0002 -3.82507324218750E-0002 
 8.55000000000000E+0001 -1.02050781249999E-0002 -2.98217773437500E-0002 
 8.60000000000000E+0001 -1.05041503906250E-0002 -1.90917968750000E-0002 
 8.65000000000000E+0001 -1.11450195312499E-0002 -1.02478027343750E-0002 
 8.70000000000000E+0001 -1.23657226562500E-0002 -5.88378906249998E-0003 
 8.75000000000000E+0001 -1.41967773437500E-0002 -5.67016601562499E-0003 
 8.80000000000000E+0001 -1.67785644531250E-0002 -8.48388671874999E-0003 
 8.85000000000000E+0001 -2.00256347656250E-0002 -1.27197265625000E-0002 
 8.90000000000000E+0001 -2.25158691406250E-0002 -1.72973632812500E-0002 
 8.95000000000000E+0001 -2.47558593750000E-0002 -2.15515136718750E-0002 
 9.00000000000000E+0001 -2.72949218750000E-0002 -2.45849609375000E-0002 
 9.05000000000000E+0001 -2.93518066406250E-0002 -2.56225585937500E-0002 
 9.10000000000000E+0001 -2.86804199218750E-0002 -2.38098144531250E-0002 
 9.15000000000000E+0001 -2.33825683593750E-0002 -2.10998535156250E-0002 
 9.20000000000000E+0001 -1.66137695312500E-0002 -2.00500488281250E-0002 
 9.25000000000000E+0001 -1.12731933593749E-0002 -1.93847656250000E-0002 
 9.30000000000000E+0001 -7.29980468750001E-0003 -1.90734863281250E-0002 
 9.35000000000000E+0001 -5.04760742187499E-0003 -2.03674316406250E-0002 
 9.40000000000000E+0001 -5.73730468749999E-0003 -2.36450195312500E-0002 
 9.45000000000000E+0001 -1.01440429687500E-0002 -2.64892578125000E-0002 
 9.50000000000000E+0001 -1.61376953125000E-0002 -2.77709960937500E-0002 
 9.55000000000000E+0001 -2.10693359375000E-0002 -2.91503906250000E-0002 
 9.60000000000000E+0001 -2.35412597656250E-0002 -3.07373046875000E-0002 
 9.65000000000000E+0001 -2.51953125000000E-0002 -3.11340332031250E-0002 
 9.70000000000000E+0001 -2.75878906250000E-0002 -3.04687500000000E-0002 
 9.75000000000000E+0001 -2.92968750000000E-0002 -2.85583496093750E-0002 
 9.80000000000000E+0001 -2.94494628906250E-0002 -2.54272460937500E-0002 
 9.85000000000000E+0001 -2.84973144531250E-0002 -2.07275390625000E-0002 
 9.90000000000000E+0001 -2.73010253906250E-0002 -1.56433105468750E-0002 
 9.95000000000000E+0001 -2.59338378906250E-0002 -1.22375488281250E-0002 
 1.00000000000000E+0002 -2.30285644531250E-0002 -9.96093750000000E-0003 
 1.00500000000000E+0002 -1.88232421875000E-0002 -8.00170898437501E-0003 
 1.01000000000000E+0002 -1.47338867187499E-0002 -7.06787109375001E-0003 
 1.01500000000000E+0002 -1.08581542968750E-0002 -7.56225585937500E-0003 
 1.02000000000000E+0002 -7.80639648437500E-0003 -8.94165039062500E-0003 
 1.02500000000000E+0002 -5.97534179687501E-0003 -1.08154296875000E-0002 
 1.03000000000000E+0002 -5.51147460937500E-0003 -1.42944335937499E-0002 
 1.03500000000000E+0002 -6.09130859375000E-0003 -1.87133789062500E-0002 
 1.04000000000000E+0002 -7.27539062500000E-0003 -2.20581054687500E-0002 
 1.04500000000000E+0002 -8.52661132812499E-0003 -2.34436035156250E-0002 
 1.05000000000000E+0002 -9.57031250000000E-0003 -2.41760253906250E-0002 
 1.05500000000000E+0002 -1.00219726562500E-0002 -2.49938964843750E-0002 
 1.06000000000000E+0002 -1.08398437500000E-0002 -2.60986328125000E-0002 
 1.06500000000000E+0002 -1.28540039062500E-0002 -2.77954101562500E-0002 
 1.07000000000000E+0002 -1.64428710937500E-0002 -2.97912597656250E-0002 
 1.07500000000000E+0002 -2.13378906250000E-0002 -3.05114746093750E-0002 
 1.08000000000000E+0002 -2.63000488281250E-0002 -2.94738769531250E-0002 
 1.08500000000000E+0002 -3.01635742187500E-0002 -2.66235351562500E-0002 
 1.09000000000000E+0002 -3.22875976562500E-0002 -2.31201171875000E-0002 
 1.09500000000000E+0002 -3.21716308593750E-0002 -2.10083007812500E-0002 
 1.10000000000000E+0002 -2.96752929687500E-0002 -2.07275390625000E-0002 
 1.10500000000000E+0002 -2.52807617187500E-0002 -2.13745117187500E-0002 
 1.11000000000000E+0002 -2.01110839843750E-0002 -2.23937988281250E-0002 
 1.11500000000000E+0002 -1.61010742187500E-0002 -2.30651855468750E-0002 
 1.12000000000000E+0002 -1.29821777343750E-0002 -2.29675292968750E-0002 
 1.12500000000000E+0002 -1.08398437499999E-0002 -2.15087890625000E-0002 
 1.13000000000000E+0002 -9.52148437500000E-0003 -1.75781250000000E-0002 
 1.13500000000000E+0002 -6.81762695312500E-0003 -1.17797851562500E-0002 
 1.14000000000000E+0002 -2.61230468750000E-0003 -7.74536132812500E-0003 
 1.14500000000000E+0002  7.69042968749992E-0004 -6.67114257812501E-0003 
 1.15000000000000E+0002  2.28271484375001E-0003 -5.66406250000001E-0003 
 1.15500000000000E+0002  4.07714843750000E-0003 -3.96728515624999E-0003 
 1.16000000000000E+0002  6.22558593750000E-0003 -5.01708984375001E-0003 
 1.16500000000000E+0002  5.16967773437500E-0003 -8.23364257812500E-0003 
 1.17000000000000E+0002  1.60522460937500E-0003 -9.10034179687501E-0003 
 1.17500000000000E+0002 -1.61132812500000E-0003 -8.48999023437501E-0003 
 1.18000000000000E+0002 -4.49218750000000E-0003 -9.49096679687501E-0003 
 1.18500000000000E+0002 -8.22753906250000E-0003 -1.02355957031250E-0002 
 1.19000000000000E+0002 -1.22497558593750E-0002 -7.97729492187501E-0003 
 1.19500000000000E+0002 -1.29821777343750E-0002 -6.28662109374998E-0003 
 1.20000000000000E+0002 -1.10839843749999E-0002 -8.97827148437500E-0003 
 1.20500000000000E+0002 -8.94165039062499E-0003 -1.33239746093750E-0002 
 1.21000000000000E+0002 -7.12890624999999E-0003 -1.69799804687500E-0002 
 1.21500000000000E+0002 -6.59179687500000E-0003 -2.25219726562500E-0002 
 1.22000000000000E+0002 -6.49414062499999E-0003 -3.07006835937500E-0002 
 1.22500000000000E+0002 -7.58666992187500E-0003 -3.75610351562500E-0002 
 1.23000000000000E+0002 -1.01928710937500E-0002 -4.00573730468750E-0002 
 1.23500000000000E+0002 -1.28723144531249E-0002 -3.92456054687500E-0002 
 1.24000000000000E+0002 -1.51977539062500E-0002 -3.68835449218750E-0002 
 1.24500000000000E+0002 -1.74194335937500E-0002 -3.35754394531250E-0002 
 1.25000000000000E+0002 -1.97204589843750E-0002 -2.97058105468750E-0002 
 1.25500000000000E+0002 -2.06909179687500E-0002 -2.71789550781250E-0002 
 1.26000000000000E+0002 -1.99707031250000E-0002 -2.81555175781250E-0002 
 1.26500000000000E+0002 -2.00561523437500E-0002 -3.22021484375000E-0002 
 1.27000000000000E+0002 -2.20275878906250E-0002 -3.58093261718749E-0002 
 1.27500000000000E+0002 -2.36999511718750E-0002 -3.73046875000000E-0002 
 1.28000000000000E+0002 -2.41699218750000E-0002 -3.75366210937500E-0002 
 1.28500000000000E+0002 -2.46337890624999E-0002 -3.64257812500000E-0002 
 1.29000000000000E+0002 -2.64526367187500E-0002 -3.32153320312500E-0002 
 1.29500000000000E+0002 -2.74902343750000E-0002 -2.98828125000000E-0002 
 1.30000000000000E+0002 -2.64099121093750E-0002 -2.73010253906250E-0002 
 1.30500000000000E+0002 -2.39807128906250E-0002 -2.57934570312500E-0002 
 1.31000000000000E+0002 -2.18078613281250E-0002 -2.53173828125000E-0002 
 1.31500000000000E+0002 -1.92138671875000E-0002 -2.46582031250000E-0002 
 1.32000000000000E+0002 -1.51916503906250E-0002 -2.44506835937500E-0002 
 1.32500000000000E+0002 -1.14501953124999E-0002 -2.50000000000000E-0002 
 1.33000000000000E+0002 -9.46044921875001E-0003 -2.58483886718750E-0002 
 1.33500000000000E+0002 -9.21630859375000E-0003 -2.67272949218750E-0002 
 1.34000000000000E+0002 -1.09680175781250E-0002 -2.76062011718750E-0002 
 1.34500000000000E+0002 -1.56494140625000E-0002 -2.78564453125000E-0002 
 1.35000000000000E+0002 -2.16796875000000E-0002 -2.66113281250000E-0002 
 1.35500000000000E+0002 -2.60925292968750E-0002 -2.58300781250000E-0002 
 1.36000000000000E+0002 -2.83752441406250E-0002 -2.61657714843750E-0002 
 1.36500000000000E+0002 -2.85949707031250E-0002 -2.43469238281250E-0002 
 1.37000000000000E+0002 -2.50854492187500E-0002 -2.05993652343750E-0002 
 1.37500000000000E+0002 -1.94641113281250E-0002 -1.81274414062500E-0002 
 1.38000000000000E+0002 -1.61254882812500E-0002 -1.77978515625000E-0002 
 1.38500000000000E+0002 -1.69250488281250E-0002 -1.63391113281250E-0002 
 1.39000000000000E+0002 -1.89392089843750E-0002 -1.22680664062500E-0002 
 1.39500000000000E+0002 -2.07702636718750E-0002 -9.02709960937500E-0003 
 1.40000000000000E+0002 -2.24487304687500E-0002 -7.59887695312501E-0003 
 1.40500000000000E+0002 -2.23876953125000E-0002 -6.57348632812500E-0003 
 1.41000000000000E+0002 -1.92077636718750E-0002 -6.49414062500001E-0003 
 1.41500000000000E+0002 -1.37634277343750E-0002 -7.76367187499998E-0003 
 1.42000000000000E+0002 -9.05151367187501E-0003 -1.03698730468750E-0002 
 1.42500000000000E+0002 -6.73217773437501E-0003 -1.29394531249999E-0002 
 1.43000000000000E+0002 -6.35375976562501E-0003 -1.45629882812499E-0002 
 1.43500000000000E+0002 -7.58666992187500E-0003 -1.41418457031250E-0002 
 1.44000000000000E+0002 -8.89892578124999E-0003 -1.25610351562500E-0002 
 1.44500000000000E+0002 -1.01196289062500E-0002 -1.24023437500000E-0002 
 1.45000000000000E+0002 -1.24694824218750E-0002 -1.46057128906250E-0002 
 1.45500000000000E+0002 -1.53015136718750E-0002 -1.91345214843750E-0002 
 1.46000000000000E+0002 -1.88476562500000E-0002 -2.62939453125000E-0002 
 1.46500000000000E+0002 -2.21801757812500E-0002 -3.30932617187500E-0002 
 1.47000000000000E+0002 -2.37182617187500E-0002 -3.65661621093750E-0002 
 1.47500000000000E+0002 -2.24792480468750E-0002 -3.67370605468750E-0002 
 1.48000000000000E+0002 -1.98364257812500E-0002 -3.54003906250000E-0002 
 1.48500000000000E+0002 -1.76452636718750E-0002 -3.29467773437500E-0002 
 1.49000000000000E+0002 -1.55273437500000E-0002 -3.03894042968750E-0002 
 1.49500000000000E+0002 -1.38732910156250E-0002 -2.93640136718750E-0002 
 1.50000000000000E+0002 -1.39099121093750E-0002 -3.01147460937500E-0002 
 1.50500000000000E+0002 -1.46850585937499E-0002 -3.05908203125000E-0002 
 1.51000000000000E+0002 -1.52832031250000E-0002 -3.10119628906250E-0002 
 1.51500000000000E+0002 -1.69250488281250E-0002 -3.00048828125000E-0002 
 1.52000000000000E+0002 -2.01477050781250E-0002 -2.52258300781250E-0002 
 1.52500000000000E+0002 -2.27355957031250E-0002 -1.76513671875000E-0002 
 1.53000000000000E+0002 -2.48962402343750E-0002 -1.23901367187499E-0002 
 1.53500000000000E+0002 -2.77465820312500E-0002 -1.09191894531250E-0002 
 1.54000000000000E+0002 -3.05969238281250E-0002 -1.13708496093750E-0002 
 1.54500000000000E+0002 -3.16345214843750E-0002 -1.31713867187500E-0002 
 1.55000000000000E+0002 -3.07556152343750E-0002 -1.83654785156250E-0002 
 1.55500000000000E+0002 -2.95166015625000E-0002 -2.55859375000000E-0002 
 1.56000000000000E+0002 -2.87719726562500E-0002 -3.07006835937500E-0002 
 1.56500000000000E+0002 -2.94067382812499E-0002 -3.25805664062500E-0002 
 1.57000000000000E+0002 -3.16345214843751E-0002 -3.13049316406250E-0002 
 1.57500000000000E+0002 -3.41125488281250E-0002 -2.83203125000000E-0002 
 1.58000000000000E+0002 -3.67980957031250E-0002 -2.64953613281250E-0002 
 1.58500000000000E+0002 -4.00024414062500E-0002 -2.56164550781250E-0002 
 1.59000000000000E+0002 -4.12841796875000E-0002 -2.54638671875000E-0002 
 1.59500000000000E+0002 -3.94348144531249E-0002 -2.51037597656250E-0002 
 1.60000000000000E+0002 -3.52844238281250E-0002 -2.61108398437500E-0002 
 1.60500000000000E+0002 -3.14208984375000E-0002 -2.82287597656250E-0002 
 1.61000000000000E+0002 -2.77038574218750E-0002 -2.85766601562500E-0002 
 1.61500000000000E+0002 -2.32910156250000E-0002 -2.71667480468750E-0002 
 1.62000000000000E+0002 -1.97692871093750E-0002 -2.58178710937500E-0002 
 1.62500000000000E+0002 -1.76025390625000E-0002 -2.55615234375000E-0002 
 1.63000000000000E+0002 -1.62414550781250E-0002 -2.44506835937500E-0002 
 1.63500000000000E+0002 -1.45568847656250E-0002 -2.06298828125000E-0002 
 1.64000000000000E+0002 -1.18225097656249E-0002 -1.62170410156250E-0002 
 1.64500000000000E+0002 -9.24682617187500E-0003 -1.44958496093749E-0002 
 1.65000000000000E+0002 -7.87963867187501E-0003 -1.55151367187500E-0002 
 1.65500000000000E+0002 -6.14624023437500E-0003 -1.80725097656250E-0002 
 1.66000000000000E+0002 -3.86962890625000E-0003 -2.34741210937500E-0002 
 1.66500000000000E+0002 -4.14428710937500E-0003 -3.16284179687500E-0002 
 1.67000000000000E+0002 -8.48388671875000E-0003 -3.89587402343750E-0002 
 1.67500000000000E+0002 -1.48376464843750E-0002 -4.23889160156249E-0002 
 1.68000000000000E+0002 -2.17041015625000E-0002 -4.21447753906251E-0002 
 1.68500000000000E+0002 -2.82958984375000E-0002 -3.93920898437500E-0002 
 1.69000000000000E+0002 -3.49182128906250E-0002 -3.44055175781250E-0002 
 1.69500000000000E+0002 -4.02648925781250E-0002 -2.78625488281250E-0002 
 1.70000000000000E+0002 -4.29870605468750E-0002 -2.21252441406250E-0002 
 1.70500000000000E+0002 -4.32006835937500E-0002 -1.79321289062500E-0002 
 1.71000000000000E+0002 -4.16442871093750E-0002 -1.49658203125000E-0002 
 1.71500000000000E+0002 -3.89160156250000E-0002 -1.39648437500000E-0002 
 1.72000000000000E+0002 -3.60656738281250E-0002 -1.59179687500000E-0002 
 1.72500000000000E+0002 -3.31481933593750E-0002 -1.97570800781250E-0002 
 1.73000000000000E+0002 -3.15612792968750E-0002 -2.26196289062500E-0002 
 1.73500000000000E+0002 -3.00964355468750E-0002 -2.27844238281250E-0002 
 1.74000000000000E+0002 -2.70568847656250E-0002 -2.33154296875000E-0002 
 1.74500000000000E+0002 -2.44262695312500E-0002 -2.50915527343750E-0002 
 1.75000000000000E+0002 -2.25769042968750E-0002 -2.63549804687500E-0002 
 1.75500000000000E+0002 -2.14721679687500E-0002 -2.66235351562500E-0002 
 1.76000000000000E+0002 -1.98242187500000E-0002 -2.61779785156250E-0002 
 1.76500000000000E+0002 -1.72424316406250E-0002 -2.73315429687500E-0002 
 1.77000000000000E+0002 -1.58752441406250E-0002 -2.87780761718750E-0002 
 1.77500000000000E+0002 -1.50939941406250E-0002 -2.94250488281250E-0002 
 1.78000000000000E+0002 -1.51611328125000E-0002 -2.99926757812500E-0002 
 1.78500000000000E+0002 -1.51916503906250E-0002 -3.02673339843750E-0002 
 1.79000000000000E+0002 -1.48010253906250E-0002 -3.05725097656250E-0002 
 1.79500000000000E+0002 -1.55944824218750E-0002 -2.90710449218750E-0002 
 1.80000000000000E+0002 -1.77185058593750E-0002 -2.63671875000000E-0002 
 1.80500000000000E+0002 -2.09777832031250E-0002 -2.21130371093750E-0002 
 1.81000000000000E+0002 -2.29187011718750E-0002 -1.68823242187500E-0002 
 1.81500000000000E+0002 -2.21069335937500E-0002 -1.24389648437500E-0002 
 1.82000000000000E+0002 -1.99401855468750E-0002 -1.04003906250000E-0002 
 1.82500000000000E+0002 -1.76269531250000E-0002 -1.01074218750000E-0002 
 1.83000000000000E+0002 -1.42089843749999E-0002 -9.82055664062500E-0003 
 1.83500000000000E+0002 -9.25903320312500E-0003 -1.00708007812500E-0002 
 1.84000000000000E+0002 -4.71191406250000E-0003 -1.23779296875000E-0002 
 1.84500000000000E+0002 -2.94799804687500E-0003 -1.71264648437500E-0002 
 1.85000000000000E+0002 -4.80957031250000E-0003 -2.15820312500000E-0002 
 1.85500000000000E+0002 -8.91723632812501E-0003 -2.35473632812500E-0002 
 1.86000000000000E+0002 -1.35803222656249E-0002 -2.37060546875000E-0002 
 1.86500000000000E+0002 -1.79809570312500E-0002 -2.43469238281250E-0002 
 1.87000000000000E+0002 -2.19482421875000E-0002 -2.59826660156250E-0002 
 1.87500000000000E+0002 -2.54333496093750E-0002 -2.63916015625000E-0002 
 1.88000000000000E+0002 -2.80700683593750E-0002 -2.57385253906250E-0002 
 1.88500000000000E+0002 -3.11889648437500E-0002 -2.47741699218750E-0002 
 1.89000000000000E+0002 -3.41918945312500E-0002 -2.29736328125000E-0002 
 1.89500000000000E+0002 -3.62426757812500E-0002 -2.08007812500000E-0002 
 1.90000000000000E+0002 -3.88854980468750E-0002 -1.88720703125000E-0002 
 1.90500000000000E+0002 -4.16809082031250E-0002 -1.70166015625000E-0002 
 1.91000000000000E+0002 -4.36706542968750E-0002 -1.63574218750000E-0002 
 1.91500000000000E+0002 -4.42932128906250E-0002 -1.78588867187500E-0002 
 1.92000000000000E+0002 -4.39758300781250E-0002 -2.12585449218750E-0002 
 1.92500000000000E+0002 -4.32861328125000E-0002 -2.40112304687500E-0002 
 1.93000000000000E+0002 -4.06616210937500E-0002 -2.30163574218750E-0002 
 1.93500000000000E+0002 -3.46130371093750E-0002 -1.89453125000000E-0002 
 1.94000000000000E+0002 -2.61413574218750E-0002 -1.51977539062500E-0002 
 1.94500000000000E+0002 -1.87683105468750E-0002 -1.29333496093749E-0002 
 1.95000000000000E+0002 -1.37512207031250E-0002 -1.10290527343750E-0002 
 1.95500000000000E+0002 -1.10046386718749E-0002 -8.88671875000000E-0003 
 1.96000000000000E+0002 -1.06628417968750E-0002 -9.17968750000001E-0003 
 1.96500000000000E+0002 -1.49658203124999E-0002 -1.24450683593750E-0002 
 1.97000000000000E+0002 -2.19848632812500E-0002 -1.58813476562500E-0002 
 1.97500000000000E+0002 -2.80090332031250E-0002 -1.67663574218750E-0002 
 1.98000000000000E+0002 -3.10119628906250E-0002 -1.54846191406249E-0002 
 1.98500000000000E+0002 -3.12866210937500E-0002 -1.38183593750000E-0002 
 1.99000000000000E+0002 -2.87109375000000E-0002 -1.25061035156249E-0002 
 1.99500000000000E+0002 -2.49633789062500E-0002 -1.17553710937499E-0002 
 2.00000000000000E+0002 -2.17529296875000E-0002 -1.20056152343749E-0002 
 2.00500000000000E+0002 -2.03491210937500E-0002 -1.40136718750000E-0002 
 2.01000000000000E+0002 -2.17041015625000E-0002 -1.89636230468750E-0002 
 2.01500000000000E+0002 -2.64160156250000E-0002 -2.49389648437500E-0002 
 2.02000000000000E+0002 -3.25317382812500E-0002 -3.00170898437500E-0002 
 2.02500000000000E+0002 -3.74755859375000E-0002 -3.43017578125000E-0002 
 2.03000000000000E+0002 -4.09362792968750E-0002 -3.72863769531250E-0002 
 2.03500000000000E+0002 -4.07836914062500E-0002 -3.89526367187500E-0002 
 2.04000000000000E+0002 -3.81103515625000E-0002 -3.85253906250000E-0002 
 2.04500000000000E+0002 -3.51135253906250E-0002 -3.59924316406250E-0002 
 2.05000000000000E+0002 -3.33862304687500E-0002 -3.18298339843750E-0002 
 2.05500000000000E+0002 -3.08410644531250E-0002 -2.75085449218750E-0002 
 2.06000000000000E+0002 -2.72521972656250E-0002 -2.50732421875000E-0002 
 2.06500000000000E+0002 -2.52929687500000E-0002 -2.46704101562500E-0002 
 2.07000000000000E+0002 -2.47436523437500E-0002 -2.37976074218750E-0002 
 2.07500000000000E+0002 -2.25097656250000E-0002 -2.18933105468750E-0002 
 2.08000000000000E+0002 -1.95190429687500E-0002 -2.08068847656250E-0002 
 2.08500000000000E+0002 -1.81152343750000E-0002 -2.14965820312500E-0002 
 2.09000000000000E+0002 -1.89758300781250E-0002 -2.21008300781250E-0002 
 2.09500000000000E+0002 -2.07946777343750E-0002 -2.11425781250000E-0002 
 2.10000000000000E+0002 -2.28393554687500E-0002 -2.03979492187500E-0002 
 2.10500000000000E+0002 -2.59521484375000E-0002 -2.13684082031250E-0002 
 2.11000000000000E+0002 -2.96813964843750E-0002 -2.25891113281250E-0002 
 2.11500000000000E+0002 -3.14880371093750E-0002 -2.20275878906250E-0002 
 2.12000000000000E+0002 -3.03039550781250E-0002 -2.10144042968750E-0002 
 2.12500000000000E+0002 -2.67395019531250E-0002 -2.12463378906250E-0002 
 2.13000000000000E+0002 -2.22595214843750E-0002 -2.23571777343750E-0002 
 2.13500000000000E+0002 -1.79748535156250E-0002 -2.24731445312500E-0002 
 2.14000000000000E+0002 -1.57592773437500E-0002 -2.27172851562500E-0002 
 2.14500000000000E+0002 -1.84204101562500E-0002 -2.29309082031250E-0002 
 2.15000000000000E+0002 -2.47802734375000E-0002 -2.10205078125000E-0002 
 2.15500000000000E+0002 -3.04077148437499E-0002 -1.66809082031250E-0002 
 2.16000000000000E+0002 -3.32824707031250E-0002 -1.34094238281250E-0002 
 2.16500000000000E+0002 -3.28552246093750E-0002 -1.24877929687500E-0002 
 2.17000000000000E+0002 -2.94189453125000E-0002 -1.28845214843750E-0002 
 2.17500000000000E+0002 -2.35229492187500E-0002 -1.45080566406249E-0002 
 2.18000000000000E+0002 -1.80358886718750E-0002 -1.86218261718750E-0002 
 2.18500000000000E+0002 -1.53503417968749E-0002 -2.29797363281250E-0002 
 2.19000000000000E+0002 -1.51123046875000E-0002 -2.53540039062500E-0002 
 2.19500000000000E+0002 -1.72607421875000E-0002 -2.42065429687500E-0002 
 2.20000000000000E+0002 -2.04284667968751E-0002 -1.92932128906250E-0002 
 2.20500000000000E+0002 -2.08374023437500E-0002 -1.46911621093750E-0002 
 2.21000000000000E+0002 -1.85607910156250E-0002 -1.35437011718750E-0002 
 2.21500000000000E+0002 -1.49841308593749E-0002 -1.55151367187500E-0002 
 2.22000000000000E+0002 -1.13525390624999E-0002 -1.92749023437500E-0002 
 2.22500000000000E+0002 -8.87451171875001E-0003 -2.55371093750000E-0002 
 2.23000000000000E+0002 -9.72290039062499E-0003 -3.27392578125000E-0002 
 2.23500000000000E+0002 -1.47155761718749E-0002 -3.69812011718750E-0002 
 2.24000000000000E+0002 -2.18750000000000E-0002 -3.59619140625000E-0002 
 2.24500000000000E+0002 -2.83996582031250E-0002 -3.20556640625000E-0002 
 2.25000000000000E+0002 -3.28613281250000E-0002 -2.78381347656250E-0002 
 2.25500000000000E+0002 -3.38745117187500E-0002 -2.42370605468750E-0002 
 2.26000000000000E+0002 -3.03710937500000E-0002 -2.22534179687500E-0002 
 2.26500000000000E+0002 -2.36022949218750E-0002 -2.25463867187500E-0002 
 2.27000000000000E+0002 -1.75048828125000E-0002 -2.37854003906250E-0002 
 2.27500000000000E+0002 -1.39099121093750E-0002 -2.30651855468750E-0002 
 2.28000000000000E+0002 -1.09436035156250E-0002 -2.00561523437500E-0002 
 2.28500000000000E+0002 -5.52978515625000E-0003 -1.65954589843750E-0002 
 2.29000000000000E+0002  2.31933593749997E-0004 -1.40808105468750E-0002 
 2.29500000000000E+0002  2.69165039062499E-0003 -1.22436523437500E-0002 
 2.30000000000000E+0002  1.48925781250000E-0003 -1.23840332031250E-0002 
 2.30500000000000E+0002 -8.91113281249995E-0004 -1.62170410156250E-0002 
 2.31000000000000E+0002 -5.09033203125000E-0003 -2.22778320312500E-0002 
 2.31500000000000E+0002 -1.18469238281250E-0002 -2.76000976562500E-0002 
 2.32000000000000E+0002 -1.91467285156250E-0002 -3.07983398437500E-0002 
 2.32500000000000E+0002 -2.36145019531251E-0002 -3.09326171875000E-0002 
 2.33000000000000E+0002 -2.28393554687500E-0002 -2.78686523437500E-0002 
 2.33500000000000E+0002 -1.78649902343750E-0002 -2.38769531250000E-0002 
 2.34000000000000E+0002 -1.23352050781250E-0002 -2.11059570312500E-0002 
 2.34500000000000E+0002 -9.58862304687499E-0003 -1.97937011718750E-0002 
 2.35000000000000E+0002 -9.53979492187499E-0003 -1.92565917968750E-0002 
 2.35500000000000E+0002 -1.04187011718750E-0002 -1.90734863281250E-0002 
 2.36000000000000E+0002 -1.17187500000000E-0002 -1.87438964843750E-0002 
 2.36500000000000E+0002 -1.32385253906250E-0002 -1.90429687500000E-0002 
 2.37000000000000E+0002 -1.56982421875000E-0002 -1.87377929687500E-0002 
 2.37500000000000E+0002 -1.66931152343750E-0002 -1.72119140625000E-0002 
 2.38000000000000E+0002 -1.59973144531250E-0002 -1.76330566406250E-0002 
 2.38500000000000E+0002 -1.50329589843750E-0002 -2.23571777343750E-0002 
 2.39000000000000E+0002 -1.64672851562500E-0002 -2.86621093750000E-0002 
 2.39500000000000E+0002 -1.85607910156250E-0002 -3.14453125000000E-0002 
 2.40000000000000E+0002 -1.73583984375000E-0002 -3.21166992187501E-0002 
 2.40500000000000E+0002 -1.38671875000000E-0002 -3.38073730468750E-0002 
 2.41000000000000E+0002 -9.68627929687500E-0003 -3.63769531250000E-0002 
 2.41500000000000E+0002 -6.30493164062500E-0003 -3.81713867187500E-0002 
 2.42000000000000E+0002 -4.99267578124999E-0003 -3.93676757812500E-0002 
 2.42500000000000E+0002 -6.52465820312500E-0003 -4.01794433593750E-0002 
 2.43000000000000E+0002 -1.06384277343750E-0002 -3.92089843750000E-0002 
 2.43500000000000E+0002 -1.31347656250000E-0002 -3.66333007812500E-0002 
 2.44000000000000E+0002 -1.38122558593750E-0002 -3.35388183593750E-0002 
 2.44500000000000E+0002 -1.37390136718750E-0002 -3.00231933593750E-0002 
 2.45000000000000E+0002 -1.31591796874999E-0002 -2.82592773437500E-0002 
 2.45500000000000E+0002 -1.33117675781250E-0002 -2.92358398437500E-0002 
 2.46000000000000E+0002 -1.46057128906250E-0002 -3.00598144531250E-0002 
 2.46500000000000E+0002 -1.84692382812500E-0002 -2.73254394531250E-0002 
 2.47000000000000E+0002 -2.31384277343750E-0002 -2.11486816406250E-0002 
 2.47500000000000E+0002 -2.51220703125000E-0002 -1.49230957031250E-0002 
 2.48000000000000E+0002 -2.23327636718750E-0002 -1.00036621093749E-0002 
 2.48500000000000E+0002 -1.63208007812500E-0002 -7.36083984375000E-0003 
 2.49000000000000E+0002 -1.07971191406250E-0002 -7.89794921875000E-0003 
 2.49500000000000E+0002 -6.75659179687500E-0003 -8.57543945312500E-0003 
 2.50000000000000E+0002 -3.64379882812499E-0003 -8.33740234375000E-0003 
 2.50500000000000E+0002 -2.70996093750000E-0003 -9.19799804687500E-0003 
 2.51000000000000E+0002 -4.73632812500000E-0003 -1.19628906250000E-0002 
 2.51500000000000E+0002 -7.83081054687499E-0003 -1.51489257812500E-0002 
 2.52000000000000E+0002 -1.00891113281250E-0002 -1.87316894531250E-0002 
 2.52500000000000E+0002 -1.13159179687500E-0002 -2.52563476562500E-0002 
 2.53000000000000E+0002 -1.41784667968750E-0002 -3.29406738281250E-0002 
 2.53500000000000E+0002 -1.98669433593750E-0002 -3.73962402343750E-0002 
 2.54000000000000E+0002 -2.63793945312500E-0002 -3.77197265625000E-0002 
 2.54500000000000E+0002 -3.25988769531250E-0002 -3.67248535156250E-0002 
 2.55000000000000E+0002 -3.83911132812500E-0002 -3.65844726562500E-0002 
 2.55500000000000E+0002 -4.26757812499999E-0002 -3.65783691406250E-0002 
 2.56000000000000E+0002 -4.31518554687500E-0002 -3.68347167968750E-0002 
 2.56500000000000E+0002 -4.04113769531250E-0002 -3.68591308593750E-0002 
 2.57000000000000E+0002 -3.61877441406250E-0002 -3.52844238281250E-0002 
 2.57500000000000E+0002 -3.06457519531250E-0002 -3.12072753906250E-0002 
 2.58000000000000E+0002 -2.46032714843750E-0002 -2.75878906250000E-0002 
 2.58500000000000E+0002 -2.10205078125000E-0002 -2.57446289062500E-0002 
 2.59000000000000E+0002 -2.04101562500000E-0002 -2.40966796875000E-0002 
 2.59500000000000E+0002 -2.09716796875000E-0002 -2.36877441406250E-0002 
 2.60000000000000E+0002 -2.19238281250000E-0002 -2.51892089843750E-0002 
 2.60500000000000E+0002 -2.27661132812500E-0002 -2.74475097656250E-0002 
 2.61000000000000E+0002 -2.27416992187500E-0002 -2.89550781250000E-0002 
 2.61500000000000E+0002 -2.10144042968750E-0002 -3.11218261718750E-0002 
 2.62000000000000E+0002 -1.86157226562500E-0002 -3.55895996093750E-0002 
 2.62500000000000E+0002 -1.71447753906250E-0002 -3.96911621093750E-0002 
 2.63000000000000E+0002 -1.70654296875000E-0002 -4.08264160156251E-0002 
 2.63500000000000E+0002 -1.80480957031250E-0002 -3.78540039062500E-0002 
 2.64000000000000E+0002 -1.82250976562500E-0002 -3.09204101562500E-0002 
 2.64500000000000E+0002 -1.73217773437500E-0002 -2.26074218750000E-0002 
 2.65000000000000E+0002 -1.61376953125000E-0002 -1.52465820312499E-0002 
 2.65500000000000E+0002 -1.46301269531250E-0002 -1.07482910156249E-0002 
 2.66000000000000E+0002 -1.39099121093750E-0002 -9.42382812500001E-0003 
 2.66500000000000E+0002 -1.39770507812500E-0002 -1.16577148437499E-0002 
 2.67000000000000E+0002 -1.50329589843750E-0002 -1.71325683593750E-0002 
 2.67500000000000E+0002 -1.60522460937500E-0002 -2.22778320312500E-0002 
 2.68000000000000E+0002 -1.59545898437500E-0002 -2.50610351562500E-0002 
 2.68500000000000E+0002 -1.46301269531249E-0002 -2.58117675781250E-0002 
 2.69000000000000E+0002 -1.32263183593750E-0002 -2.62268066406250E-0002 
 2.69500000000000E+0002 -1.18713378906250E-0002 -2.69287109375000E-0002 
 2.70000000000000E+0002 -1.02050781250000E-0002 -2.74047851562500E-0002 
 2.70500000000000E+0002 -7.95898437500001E-0003 -2.71362304687500E-0002 
 2.71000000000000E+0002 -5.44433593750000E-0003 -2.62817382812500E-0002 
 2.71500000000000E+0002 -2.78320312500000E-0003 -2.62512207031250E-0002 
 2.72000000000000E+0002 -2.44140625000016E-0004 -2.80578613281250E-0002 
 2.72500000000000E+0002  7.93457031249807E-0005 -2.95837402343750E-0002 
 2.73000000000000E+0002 -2.60620117187501E-0003 -2.89794921875000E-0002 
 2.73500000000000E+0002 -6.20727539062500E-0003 -2.67944335937500E-0002 
 2.74000000000000E+0002 -9.72900390625001E-0003 -2.55981445312500E-0002 
 2.74500000000000E+0002 -1.30981445312500E-0002 -2.43408203125000E-0002 
 2.75000000000000E+0002 -1.51733398437499E-0002 -2.19421386718750E-0002 
 2.75500000000000E+0002 -1.59851074218750E-0002 -2.03979492187500E-0002 
 2.76000000000000E+0002 -1.72119140625000E-0002 -2.09167480468750E-0002 
 2.76500000000000E+0002 -1.88293457031250E-0002 -2.25158691406250E-0002 
 2.77000000000000E+0002 -1.96777343750000E-0002 -2.45361328125000E-0002 
 2.77500000000000E+0002 -1.90673828125000E-0002 -2.72277832031250E-0002 
 2.78000000000000E+0002 -1.95617675781250E-0002 -3.08837890625000E-0002 
 2.78500000000000E+0002 -2.14294433593750E-0002 -3.24584960937500E-0002 
 2.79000000000000E+0002 -2.26379394531250E-0002 -3.26232910156250E-0002 
 2.79500000000000E+0002 -2.40234375000000E-0002 -3.38623046875000E-0002 
 2.80000000000000E+0002 -2.81982421875000E-0002 -3.38989257812500E-0002 
 2.80500000000000E+0002 -3.42712402343750E-0002 -3.10607910156250E-0002 
 2.81000000000000E+0002 -3.87145996093749E-0002 -2.62512207031250E-0002 
 2.81500000000000E+0002 -4.02648925781249E-0002 -2.21984863281250E-0002 
 2.82000000000000E+0002 -4.05883789062500E-0002 -1.91894531250000E-0002 
 2.82500000000000E+0002 -3.98925781249999E-0002 -1.63024902343750E-0002 
 2.83000000000000E+0002 -3.71459960937501E-0002 -1.35803222656250E-0002 
 2.83500000000000E+0002 -3.29040527343750E-0002 -1.17370605468750E-0002 
 2.84000000000000E+0002 -2.82531738281250E-0002 -1.08459472656250E-0002 
 2.84500000000000E+0002 -2.33032226562500E-0002 -1.15295410156250E-0002 
 2.85000000000000E+0002 -1.90551757812500E-0002 -1.28112792968749E-0002 
 2.85500000000000E+0002 -1.60644531250000E-0002 -1.41113281250000E-0002 
 2.86000000000000E+0002 -1.35498046874999E-0002 -1.58142089843750E-0002 
 2.86500000000000E+0002 -1.10839843749999E-0002 -1.82495117187500E-0002 
 2.87000000000000E+0002 -8.37402343750001E-0003 -2.29064941406250E-0002 
 2.87500000000000E+0002 -8.00781250000000E-0003 -2.86010742187500E-0002 
 2.88000000000000E+0002 -1.11389160156250E-0002 -3.24218750000000E-0002 
 2.88500000000000E+0002 -1.59240722656250E-0002 -3.34838867187500E-0002 
 2.89000000000000E+0002 -2.12341308593750E-0002 -3.32153320312500E-0002 
 2.89500000000000E+0002 -2.75878906250000E-0002 -3.15612792968750E-0002 
 2.90000000000000E+0002 -3.44482421875000E-0002 -2.60925292968750E-0002 
 2.90500000000000E+0002 -3.88977050781251E-0002 -1.71997070312500E-0002 
 2.91000000000000E+0002 -3.89404296875000E-0002 -9.91210937499999E-0003 
 2.91500000000000E+0002 -3.57910156250000E-0002 -7.43408203125000E-0003 
 2.92000000000000E+0002 -3.23303222656250E-0002 -8.28247070312500E-0003 
 2.92500000000000E+0002 -2.92724609375000E-0002 -9.42993164062501E-0003 
 2.93000000000000E+0002 -2.59399414062500E-0002 -9.78393554687499E-0003 
 2.93500000000000E+0002 -2.31628417968750E-0002 -1.15295410156250E-0002 
 2.94000000000000E+0002 -2.28576660156250E-0002 -1.52709960937499E-0002 
 2.94500000000000E+0002 -2.54821777343750E-0002 -1.82434082031250E-0002 
 2.95000000000000E+0002 -2.81188964843750E-0002 -2.02941894531250E-0002 
 2.95500000000000E+0002 -2.92114257812500E-0002 -2.33642578125000E-0002 
 2.96000000000000E+0002 -2.89123535156250E-0002 -2.76428222656250E-0002 
 2.96500000000000E+0002 -2.84057617187500E-0002 -3.04382324218750E-0002 
 2.97000000000000E+0002 -2.80761718750000E-0002 -3.15307617187500E-0002 
 2.97500000000000E+0002 -2.78991699218750E-0002 -3.11706542968749E-0002 
 2.98000000000000E+0002 -2.90771484375000E-0002 -2.90405273437500E-0002 
 2.98500000000000E+0002 -3.21350097656250E-0002 -2.65380859375000E-0002 
 2.99000000000000E+0002 -3.61328125000000E-0002 -2.58789062500000E-0002 
 2.99500000000000E+0002 -3.96057128906250E-0002 -2.79968261718750E-0002 
 3.00000000000000E+0002 -4.13513183593750E-0002 -3.08105468750000E-0002 
 3.00500000000000E+0002 -4.05151367187500E-0002 -3.17443847656250E-0002 
 3.01000000000000E+0002 -3.66882324218750E-0002 -3.19091796875000E-0002 
 3.01500000000000E+0002 -3.14941406250000E-0002 -3.19030761718750E-0002 
 3.02000000000000E+0002 -2.61596679687500E-0002 -2.97302246093750E-0002 
 3.02500000000000E+0002 -2.03552246093750E-0002 -2.48840332031250E-0002 
 3.03000000000000E+0002 -1.45935058593749E-0002 -2.03796386718750E-0002 
 3.03500000000000E+0002 -1.10595703125000E-0002 -1.93481445312500E-0002 
 3.04000000000000E+0002 -1.05224609375000E-0002 -2.15332031250000E-0002 
 3.04500000000000E+0002 -1.18408203125000E-0002 -2.45117187500000E-0002 
 3.05000000000000E+0002 -1.30737304687500E-0002 -2.81799316406250E-0002 
 3.05500000000000E+0002 -1.35742187500000E-0002 -3.26599121093750E-0002 
 3.06000000000000E+0002 -1.36474609375000E-0002 -3.63403320312500E-0002 
 3.06500000000000E+0002 -1.32507324218750E-0002 -3.74877929687500E-0002 
 3.07000000000000E+0002 -1.17004394531250E-0002 -3.72741699218750E-0002 
 3.07500000000000E+0002 -1.12121582031250E-0002 -3.71826171875000E-0002 
 3.08000000000000E+0002 -1.36413574218750E-0002 -3.62792968749999E-0002 
 3.08500000000000E+0002 -1.71386718750000E-0002 -3.32824707031250E-0002 
 3.09000000000000E+0002 -1.97509765625000E-0002 -3.08044433593750E-0002 
 3.09500000000000E+0002 -2.24365234375000E-0002 -3.12072753906250E-0002 
 3.10000000000000E+0002 -2.69897460937500E-0002 -3.34594726562500E-0002 
 3.10500000000000E+0002 -3.20495605468750E-0002 -3.54003906250000E-0002 
 3.11000000000000E+0002 -3.55285644531249E-0002 -3.61267089843750E-0002 
 3.11500000000000E+0002 -3.73168945312500E-0002 -3.59924316406250E-0002 
 3.12000000000000E+0002 -3.84460449218751E-0002 -3.55590820312500E-0002 
 3.12500000000000E+0002 -3.85986328125000E-0002 -3.33862304687500E-0002 
 3.13000000000000E+0002 -3.65905761718750E-0002 -2.89184570312500E-0002 
 3.13500000000000E+0002 -3.22204589843749E-0002 -2.28942871093750E-0002 
 3.14000000000000E+0002 -2.69226074218750E-0002 -1.84753417968750E-0002 
 3.14500000000000E+0002 -2.42797851562500E-0002 -1.73095703125000E-0002 
 3.15000000000000E+0002 -2.39135742187500E-0002 -1.66381835937500E-0002 
 3.15500000000000E+0002 -2.23571777343750E-0002 -1.57287597656250E-0002 
 3.16000000000000E+0002 -2.00073242187500E-0002 -1.72851562500000E-0002 
 3.16500000000000E+0002 -2.13012695312500E-0002 -2.13439941406250E-0002 
 3.17000000000000E+0002 -2.56164550781250E-0002 -2.48413085937500E-0002 
 3.17500000000000E+0002 -2.78503417968750E-0002 -2.70812988281249E-0002 
 3.18000000000000E+0002 -2.76428222656250E-0002 -2.92053222656250E-0002 
 3.18500000000000E+0002 -2.73071289062500E-0002 -3.04138183593750E-0002 
 3.19000000000000E+0002 -2.70202636718750E-0002 -2.90222167968750E-0002 
 3.19500000000000E+0002 -2.39685058593750E-0002 -2.79357910156250E-0002 
 3.20000000000000E+0002 -1.98242187500000E-0002 -2.82287597656250E-0002 
 3.20500000000000E+0002 -1.77856445312500E-0002 -2.89489746093750E-0002 
 3.21000000000000E+0002 -2.06970214843750E-0002 -2.89062500000000E-0002 
 3.21500000000000E+0002 -2.79846191406250E-0002 -2.93212890625000E-0002 
 3.22000000000000E+0002 -3.50524902343750E-0002 -2.98400878906250E-0002 
 3.22500000000000E+0002 -3.94348144531250E-0002 -3.02368164062500E-0002 
 3.23000000000000E+0002 -4.34387207031250E-0002 -3.19152832031250E-0002 
 3.23500000000000E+0002 -4.79248046875000E-0002 -3.39050292968749E-0002 
 3.24000000000000E+0002 -4.87426757812500E-0002 -3.57788085937501E-0002 
 3.24500000000000E+0002 -4.54284667968750E-0002 -3.80859374999999E-0002 
 3.25000000000000E+0002 -4.13269042968750E-0002 -4.02343750000000E-0002 
 3.25500000000000E+0002 -3.91113281250000E-0002 -3.98315429687500E-0002 
 3.26000000000000E+0002 -3.61328125000000E-0002 -3.46679687500000E-0002 
 3.26500000000000E+0002 -3.13232421875000E-0002 -2.83508300781250E-0002 
 3.27000000000000E+0002 -2.99255371093750E-0002 -2.32788085937500E-0002 
 3.27500000000000E+0002 -3.37219238281250E-0002 -1.67968750000000E-0002 
 3.28000000000000E+0002 -3.97583007812500E-0002 -1.07116699218750E-0002 
 3.28500000000000E+0002 -4.50317382812499E-0002 -7.26318359374999E-0003 
 3.29000000000000E+0002 -4.82299804687500E-0002 -6.46972656250000E-0003 
 3.29500000000000E+0002 -4.87182617187500E-0002 -6.10961914062500E-0003 
 3.30000000000000E+0002 -4.48242187500000E-0002 -6.07299804687500E-0003 
 3.30500000000000E+0002 -3.87268066406250E-0002 -8.03833007812500E-0003 
 3.31000000000000E+0002 -3.24768066406250E-0002 -1.05590820312500E-0002 
 3.31500000000000E+0002 -2.63854980468750E-0002 -1.11328125000000E-0002 
 3.32000000000000E+0002 -2.15393066406250E-0002 -1.06811523437500E-0002 
 3.32500000000000E+0002 -1.89086914062500E-0002 -9.75341796875001E-0003 
 3.33000000000000E+0002 -1.81335449218750E-0002 -1.03332519531250E-0002 
 3.33500000000000E+0002 -1.80175781250000E-0002 -1.28601074218750E-0002 
 3.34000000000000E+0002 -1.95556640625000E-0002 -1.60766601562500E-0002 
 3.34500000000000E+0002 -2.42187500000000E-0002 -1.93420410156250E-0002 
 3.35000000000000E+0002 -3.05969238281250E-0002 -2.17163085937500E-0002 
 3.35500000000000E+0002 -3.52111816406250E-0002 -2.14050292968750E-0002 
 3.36000000000000E+0002 -3.62792968750000E-0002 -1.66564941406250E-0002 
 3.36500000000000E+0002 -3.46496582031250E-0002 -1.09741210937499E-0002 
 3.37000000000000E+0002 -3.16345214843750E-0002 -7.46459960937501E-0003 
 3.37500000000000E+0002 -2.78015136718750E-0002 -6.56127929687500E-0003 
 3.38000000000000E+0002 -2.54028320312500E-0002 -9.63134765625001E-0003 
 3.38500000000000E+0002 -2.57690429687500E-0002 -1.70776367187500E-0002 
 3.39000000000000E+0002 -2.89123535156250E-0002 -2.60681152343750E-0002 
 3.39500000000000E+0002 -3.26354980468750E-0002 -3.18176269531250E-0002 
 3.40000000000000E+0002 -3.58093261718751E-0002 -3.34472656250000E-0002 
 3.40500000000000E+0002 -3.72680664062500E-0002 -3.13598632812500E-0002 
 3.41000000000000E+0002 -3.71765136718750E-0002 -2.59277343750000E-0002 
 3.41500000000000E+0002 -3.66516113281250E-0002 -2.01660156250000E-0002 
 3.42000000000000E+0002 -3.54980468750000E-0002 -1.68945312500000E-0002 
 3.42500000000000E+0002 -3.37890625000000E-0002 -1.66687011718750E-0002 
 3.43000000000000E+0002 -3.17565917968750E-0002 -1.80725097656250E-0002 
 3.43500000000000E+0002 -2.80090332031250E-0002 -2.04650878906250E-0002 
 3.44000000000000E+0002 -2.26684570312500E-0002 -2.36206054687500E-0002 
 3.44500000000000E+0002 -1.78710937500000E-0002 -2.58361816406250E-0002 
 3.45000000000000E+0002 -1.54663085937500E-0002 -2.57202148437500E-0002 
 3.45500000000000E+0002 -1.55395507812500E-0002 -2.32666015625000E-0002 
 3.46000000000000E+0002 -1.75231933593750E-0002 -2.11425781250000E-0002 
 3.46500000000000E+0002 -2.22106933593750E-0002 -1.97570800781250E-0002 
 3.47000000000000E+0002 -2.82470703125000E-0002 -1.73339843750000E-0002 
 3.47500000000000E+0002 -3.22082519531251E-0002 -1.46911621093750E-0002 
 3.48000000000000E+0002 -3.31726074218750E-0002 -1.40441894531250E-0002 
 3.48500000000000E+0002 -3.09204101562500E-0002 -1.54724121093749E-0002 
 3.49000000000000E+0002 -2.65563964843750E-0002 -1.86523437500000E-0002 
 3.49500000000000E+0002 -2.33764648437500E-0002 -2.35412597656250E-0002 
 3.50000000000000E+0002 -2.27111816406250E-0002 -2.86743164062500E-0002 
 3.50500000000000E+0002 -2.25219726562500E-0002 -3.23425292968750E-0002 
 3.51000000000000E+0002 -2.21252441406250E-0002 -3.36364746093750E-0002 
 3.51500000000000E+0002 -2.28393554687500E-0002 -3.25012207031250E-0002 
 3.52000000000000E+0002 -2.38159179687500E-0002 -3.02307128906250E-0002 
 3.52500000000000E+0002 -2.33642578125000E-0002 -2.66967773437500E-0002 
 3.53000000000000E+0002 -2.08251953125000E-0002 -2.20947265625000E-0002 
 3.53500000000000E+0002 -1.82556152343750E-0002 -1.90917968750000E-0002 
 3.54000000000000E+0002 -1.84387207031250E-0002 -1.82128906250000E-0002 
 3.54500000000000E+0002 -2.11547851562500E-0002 -1.85546875000000E-0002 
 3.55000000000000E+0002 -2.46215820312500E-0002 -1.82067871093750E-0002 
 3.55500000000000E+0002 -2.64404296875000E-0002 -1.75354003906250E-0002 
 3.56000000000000E+0002 -2.68188476562500E-0002 -1.74255371093750E-0002 
 3.56500000000000E+0002 -2.64953613281250E-0002 -1.70837402343750E-0002 
 3.57000000000000E+0002 -2.51831054687500E-0002 -1.68029785156250E-0002 
 3.57500000000000E+0002 -2.39746093750000E-0002 -1.60827636718750E-0002 
 3.58000000000000E+0002 -2.43591308593750E-0002 -1.37329101562500E-0002 
 3.58500000000000E+0002 -2.59948730468750E-0002 -1.08337402343750E-0002 
 3.59000000000000E+0002 -2.74597167968750E-0002 -7.67211914062499E-0003 
 3.59500000000000E+0002 -2.78015136718750E-0002 -5.56640625000000E-0003 
 3.60000000000000E+0002 -2.60620117187500E-0002 -5.95703125000000E-0003 
 3.60500000000000E+0002 -2.36694335937500E-0002 -9.26513671875000E-0003 
 3.61000000000000E+0002 -2.25585937500000E-0002 -1.40869140625000E-0002 
 3.61500000000000E+0002 -2.28576660156250E-0002 -1.90063476562500E-0002 
 3.62000000000000E+0002 -2.41149902343750E-0002 -2.39196777343750E-0002 
 3.62500000000000E+0002 -2.59033203125000E-0002 -2.60009765625000E-0002 
 3.63000000000000E+0002 -2.58483886718750E-0002 -2.44750976562500E-0002 
 3.63500000000000E+0002 -2.35351562500000E-0002 -2.42980957031250E-0002 
 3.64000000000000E+0002 -2.12585449218750E-0002 -2.79785156250000E-0002 
 3.64500000000000E+0002 -2.05688476562500E-0002 -3.15612792968750E-0002 
 3.65000000000000E+0002 -2.00744628906250E-0002 -3.33740234375000E-0002 
 3.65500000000000E+0002 -1.96289062500000E-0002 -3.56140136718751E-0002 
 3.66000000000000E+0002 -2.07031250000000E-0002 -3.69079589843750E-0002 
 3.66500000000000E+0002 -2.27783203125000E-0002 -3.31115722656250E-0002 
 3.67000000000000E+0002 -2.42187500000000E-0002 -2.57446289062500E-0002 
 3.67500000000000E+0002 -2.55981445312500E-0002 -1.99890136718750E-0002 
 3.68000000000000E+0002 -2.75146484375000E-0002 -1.57714843750000E-0002 
 3.68500000000000E+0002 -2.78747558593750E-0002 -1.19506835937500E-0002 
 3.69000000000000E+0002 -2.72277832031250E-0002 -1.01745605468750E-0002 
 3.69500000000000E+0002 -2.73620605468750E-0002 -1.01745605468750E-0002 
 3.70000000000000E+0002 -2.75390625000000E-0002 -8.42285156249999E-0003 
 3.70500000000000E+0002 -2.59887695312500E-0002 -5.01098632812501E-0003 
 3.71000000000000E+0002 -2.37976074218750E-0002 -3.16772460937500E-0003 
 3.71500000000000E+0002 -2.39685058593750E-0002 -4.08325195312499E-0003 
 3.72000000000000E+0002 -2.55798339843750E-0002 -5.93872070312500E-0003 
 3.72500000000000E+0002 -2.53845214843750E-0002 -8.93554687500001E-0003 
 3.73000000000000E+0002 -2.54882812500000E-0002 -1.30859374999999E-0002 
 3.73500000000000E+0002 -2.71240234375000E-0002 -1.76696777343750E-0002 
 3.74000000000000E+0002 -3.03100585937500E-0002 -2.19604492187500E-0002 
 3.74500000000000E+0002 -3.25378417968750E-0002 -2.38830566406250E-0002 
 3.75000000000000E+0002 -3.25561523437500E-0002 -2.29675292968750E-0002 
 3.75500000000000E+0002 -3.12133789062500E-0002 -2.20397949218750E-0002 
 3.76000000000000E+0002 -3.02001953125000E-0002 -2.38342285156250E-0002 
 3.76500000000000E+0002 -3.04626464843750E-0002 -2.62329101562500E-0002 
 3.77000000000000E+0002 -3.05114746093750E-0002 -2.60986328125000E-0002 
 3.77500000000000E+0002 -3.02795410156250E-0002 -2.49938964843750E-0002 
 3.78000000000000E+0002 -3.12377929687500E-0002 -2.46643066406250E-0002 
 3.78500000000000E+0002 -3.19030761718750E-0002 -2.33520507812500E-0002 
 3.79000000000000E+0002 -2.95104980468750E-0002 -2.02941894531250E-0002 
 3.79500000000000E+0002 -2.53479003906250E-0002 -1.63391113281250E-0002 
 3.80000000000000E+0002 -2.14294433593750E-0002 -1.24572753906250E-0002 
 3.80500000000000E+0002 -1.93054199218750E-0002 -9.75952148437500E-0003 
 3.81000000000000E+0002 -1.92565917968750E-0002 -9.00268554687499E-0003 
 3.81500000000000E+0002 -2.25524902343750E-0002 -1.06445312500000E-0002 
 3.82000000000000E+0002 -2.82043457031250E-0002 -1.27075195312500E-0002 
 3.82500000000000E+0002 -3.26782226562500E-0002 -1.55212402343750E-0002 
 3.83000000000000E+0002 -3.65905761718750E-0002 -1.90612792968750E-0002 
 3.83500000000000E+0002 -4.06555175781250E-0002 -2.21801757812500E-0002 
 3.84000000000000E+0002 -4.19494628906250E-0002 -2.38891601562500E-0002 
 3.84500000000000E+0002 -3.91967773437500E-0002 -2.52441406250000E-0002 
 3.85000000000000E+0002 -3.49975585937499E-0002 -2.59155273437500E-0002 
 3.85500000000000E+0002 -3.19030761718751E-0002 -2.55798339843750E-0002 
 3.86000000000000E+0002 -3.07617187500000E-0002 -2.47375488281250E-0002 
 3.86500000000000E+0002 -3.15002441406250E-0002 -2.34436035156251E-0002 
 3.87000000000000E+0002 -3.24951171875000E-0002 -2.04162597656250E-0002 
 3.87500000000000E+0002 -3.38134765625000E-0002 -1.71936035156250E-0002 
 3.88000000000000E+0002 -3.60778808593751E-0002 -1.50390624999999E-0002 
 3.88500000000000E+0002 -3.74572753906250E-0002 -1.39953613281249E-0002 
 3.89000000000000E+0002 -3.50341796875000E-0002 -1.49719238281249E-0002 
 3.89500000000000E+0002 -3.00476074218750E-0002 -1.79931640625000E-0002 
 3.90000000000000E+0002 -2.58300781250000E-0002 -2.11608886718750E-0002 
 3.90500000000000E+0002 -2.26806640625000E-0002 -2.35534667968750E-0002 
 3.91000000000000E+0002 -2.01660156250000E-0002 -2.60070800781250E-0002 
 3.91500000000000E+0002 -1.94274902343750E-0002 -2.83386230468750E-0002 
 3.92000000000000E+0002 -2.02087402343750E-0002 -2.84423828125000E-0002 
 3.92500000000000E+0002 -2.21679687500000E-0002 -2.70202636718750E-0002 
 3.93000000000000E+0002 -2.40234375000000E-0002 -2.58544921875000E-0002 
 3.93500000000000E+0002 -2.47192382812500E-0002 -2.45361328125000E-0002 
 3.94000000000000E+0002 -2.34436035156250E-0002 -2.31689453125000E-0002 
 3.94500000000000E+0002 -2.07397460937500E-0002 -2.28027343750000E-0002 
 3.95000000000000E+0002 -1.76757812500000E-0002 -2.51647949218750E-0002 
 3.95500000000000E+0002 -1.69799804687500E-0002 -2.98461914062500E-0002 
 3.96000000000000E+0002 -1.84814453125000E-0002 -3.42529296874999E-0002 
 3.96500000000000E+0002 -2.03796386718750E-0002 -3.76953125000000E-0002 
 3.97000000000000E+0002 -2.14660644531250E-0002 -4.02160644531250E-0002 
 3.97500000000000E+0002 -2.40539550781250E-0002 -3.97827148437500E-0002 
 3.98000000000000E+0002 -2.60437011718750E-0002 -3.37341308593750E-0002 
 3.98500000000000E+0002 -2.31994628906250E-0002 -2.45361328125000E-0002 
 3.99000000000000E+0002 -1.66931152343750E-0002 -1.65954589843750E-0002 
 3.99500000000000E+0002 -1.13220214843750E-0002 -1.01867675781250E-0002 
