-6.56000000000000E+0000  9.49980468749999E+0000  1.19824218749999E-0001 
-6.06000000000000E+0000  1.05306640624999E+0001  1.39453125000000E-0001 
-5.56000000000000E+0000  1.15181640625000E+0001  1.58593750000000E-0001 
-5.06000000000000E+0000  1.24518554687500E+0001  1.72656250000000E-0001 
-4.56000000000000E+0000  1.33253906250000E+0001  1.87304687500000E-0001 
-4.06000000000000E+0000  1.41375000000000E+0001  2.00000000000000E-0001 
-3.56000000000000E+0000  1.48760742187500E+0001  2.22949218750000E-0001 
-3.06000000000000E+0000  1.55193359374999E+0001  2.58593750000000E-0001 
-2.56000000000000E+0000  1.60328125000000E+0001  3.17187500000000E-0001 
-2.06000000000000E+0000  1.63827148437500E+0001  3.94335937500000E-0001 
-1.56000000000000E+0000  1.65356445312500E+0001  4.84570312500000E-0001 
-1.06000000000000E+0000  1.64768554687500E+0001  5.70605468750000E-0001 
-5.60000000000000E-0001  1.62192382812500E+0001  6.37792968750000E-0001 
-6.00000000000000E-0002  1.57993164062500E+0001  6.67871093750000E-0001 
 4.40000000000000E-0001  1.52680664062499E+0001  6.67675781250001E-0001 
 9.40000000000000E-0001  1.46724609375000E+0001  6.48437500000001E-0001 
 1.44000000000000E+0000  1.40463867187499E+0001  6.26074218750000E-0001 
 1.94000000000000E+0000  1.34068359374999E+0001  6.10156250000000E-0001 
 2.44000000000000E+0000  1.27679687500000E+0001  6.00585937500000E-0001 
 2.94000000000000E+0000  1.21392578125000E+0001  6.02050781249999E-0001 
 3.44000000000000E+0000  1.15239257812500E+0001  6.09375000000000E-0001 
 3.94000000000000E+0000  1.09271484375000E+0001  6.20410156250000E-0001 
 4.44000000000000E+0000  1.03496093750000E+0001  6.27636718750000E-0001 
 4.94000000000000E+0000  9.78320312500001E+0000  6.31054687500000E-0001 
 5.44000000000000E+0000  9.22646484374999E+0000  6.22949218750000E-0001 
 5.94000000000000E+0000  8.66992187500001E+0000  5.98437500000000E-0001 
 6.44000000000000E+0000  8.11386718750000E+0000  5.52832031250001E-0001 
 6.94000000000000E+0000  7.56201171874999E+0000  4.88574218750000E-0001 
 7.44000000000000E+0000  7.02255859375000E+0000  4.08105468750000E-0001 
 7.94000000000000E+0000  6.50410156250000E+0000  3.19238281250000E-0001 
 8.44000000000000E+0000  6.01474609375000E+0000  2.32226562500000E-0001 
 8.94000000000000E+0000  5.55693359375000E+0000  1.54199218750000E-0001 
 9.44000000000000E+0000  5.12373046875000E+0000  9.40429687500001E-0002 
 9.94000000000000E+0000  4.71533203125000E+0000  5.23437500000000E-0002 
 1.04400000000000E+0001  4.31796875000000E+0000  2.47070312500000E-0002 
 1.09400000000000E+0001  3.92714843750000E+0000  3.90624999999993E-0004 
 1.14400000000000E+0001  3.54189453125000E+0000 -2.87109375000000E-0002 
 1.19400000000000E+0001  3.16621093750000E+0000 -6.50390624999999E-0002 
 1.24400000000000E+0001  2.80664062500000E+0000 -1.11328125000000E-0001 
 1.29400000000000E+0001  2.46777343750000E+0000 -1.63769531250000E-0001 
 1.34400000000000E+0001  2.15732421875000E+0000 -2.15039062500000E-0001 
 1.39400000000000E+0001  1.87900390625000E+0000 -2.56152343750000E-0001 
 1.44400000000000E+0001  1.62988281250000E+0000 -2.82519531250000E-0001 
 1.49400000000000E+0001  1.40888671875000E+0000 -2.95800781250000E-0001 
 1.54400000000000E+0001  1.20976562500000E+0000 -2.99804687500000E-0001 
 1.59400000000000E+0001  1.03203125000000E+0000 -2.99023437500000E-0001 
 1.64400000000000E+0001  8.75781250000000E-0001 -3.00976562500000E-0001 
 1.69400000000000E+0001  7.42578124999999E-0001 -3.07910156250000E-0001 
 1.74400000000000E+0001  6.29882812500001E-0001 -3.20019531250000E-0001 
 1.79400000000000E+0001  5.39941406250000E-0001 -3.35644531249999E-0001 
 1.84400000000000E+0001  4.70703125000000E-0001 -3.51855468750000E-0001 
 1.89400000000000E+0001  4.17578125000000E-0001 -3.62304687500000E-0001 
 1.94400000000000E+0001  3.76269531250000E-0001 -3.63183593749999E-0001 
 1.99400000000000E+0001  3.48046875000000E-0001 -3.55273437500000E-0001 
 2.04400000000000E+0001  3.25976562500000E-0001 -3.38378906250000E-0001 
 2.09400000000000E+0001  3.10644531250000E-0001 -3.18066406250000E-0001 
 2.14400000000000E+0001  3.02441406250000E-0001 -2.94726562500000E-0001 
 2.19400000000000E+0001  3.05859375000000E-0001 -2.74511718750000E-0001 
 2.24400000000000E+0001  3.19531250000000E-0001 -2.56835937500000E-0001 
 2.29400000000000E+0001  3.42871093750000E-0001 -2.41113281250000E-0001 
 2.34400000000000E+0001  3.77539062500000E-0001 -2.29199218750000E-0001 
 2.39400000000000E+0001  4.19433593750000E-0001 -2.16796875000000E-0001 
 2.44400000000000E+0001  4.68554687500000E-0001 -2.03320312500000E-0001 
 2.49400000000000E+0001  5.16503906250000E-0001 -1.92187500000000E-0001 
 2.54400000000000E+0001  5.63769531250000E-0001 -1.77246093750000E-0001 
 2.59400000000000E+0001  6.08691406250000E-0001 -1.62890625000000E-0001 
 2.64400000000000E+0001  6.49902343750000E-0001 -1.50000000000000E-0001 
 2.69400000000000E+0001  6.88281250000000E-0001 -1.38671875000000E-0001 
 2.74400000000000E+0001  7.25976562499999E-0001 -1.27148437500000E-0001 
 2.79400000000000E+0001  7.63183593750000E-0001 -1.20898437500000E-0001 
 2.84400000000000E+0001  8.02148437499999E-0001 -1.13085937499999E-0001 
 2.89400000000000E+0001  8.39257812500001E-0001 -1.08105468750000E-0001 
 2.94400000000000E+0001  8.78613281250000E-0001 -1.04003906250000E-0001 
 2.99400000000000E+0001  9.15917968750000E-0001 -9.81445312499999E-0002 
 3.04400000000000E+0001  9.51074218750000E-0001 -9.07226562499999E-0002 
 3.09400000000000E+0001  9.81542968750000E-0001 -8.43750000000001E-0002 
 3.14400000000000E+0001  1.00957031250000E+0000 -7.39257812500000E-0002 
 3.19400000000000E+0001  1.03281250000000E+0000 -6.42578124999999E-0002 
 3.24400000000000E+0001  1.05488281250000E+0000 -5.24414062500000E-0002 
 3.29400000000000E+0001  1.07128906250000E+0000 -4.06250000000000E-0002 
 3.34400000000000E+0001  1.08740234375000E+0000 -2.73437500000000E-0002 
 3.39400000000000E+0001  1.09912109375000E+0000 -1.17187500000000E-0002 
 3.44400000000000E+0001  1.11025390625000E+0000  4.58984374999999E-0003 
 3.49400000000000E+0001  1.12109375000000E+0000  2.34375000000000E-0002 
 3.54400000000000E+0001  1.12783203125000E+0000  4.23828125000000E-0002 
 3.59400000000000E+0001  1.13408203125000E+0000  5.99609375000001E-0002 
 3.64400000000000E+0001  1.13681640625000E+0000  7.50000000000000E-0002 
 3.69400000000000E+0001  1.13896484375000E+0000  8.67187500000000E-0002 
 3.74400000000000E+0001  1.13730468750000E+0000  9.58007812500000E-0002 
 3.79400000000000E+0001  1.13652343750000E+0000  1.04296875000000E-0001 
 3.84400000000000E+0001  1.13271484375000E+0000  1.09960937500000E-0001 
 3.89400000000000E+0001  1.13037109375000E+0000  1.13476562499999E-0001 
 3.94400000000000E+0001  1.12832031250000E+0000  1.16992187500000E-0001 
 3.99400000000000E+0001  1.12656250000000E+0000  1.22363281250000E-0001 
 4.04400000000000E+0001  1.12099609375000E+0000  1.24218750000000E-0001 
 4.09400000000000E+0001  1.11708984375000E+0000  1.26464843750000E-0001 
 4.14400000000000E+0001  1.10859375000000E+0000  1.27929687500000E-0001 
 4.19400000000000E+0001  1.09941406250000E+0000  1.28613281250000E-0001 
 4.24400000000000E+0001  1.09140625000000E+0000  1.27636718750000E-0001 
 4.29400000000000E+0001  1.08203125000000E+0000  1.26757812500000E-0001 
 4.34400000000000E+0001  1.07109375000000E+0000  1.26757812500000E-0001 
 4.39400000000000E+0001  1.06337890625000E+0000  1.26074218750000E-0001 
 4.44400000000000E+0001  1.05341796875000E+0000  1.23632812499999E-0001 
 4.49400000000000E+0001  1.04306640625000E+0000  1.20605468750000E-0001 
 4.54400000000000E+0001  1.02988281250000E+0000  1.18749999999999E-0001 
 4.59400000000000E+0001  1.01591796875000E+0000  1.15429687500000E-0001 
 4.64400000000000E+0001  9.98535156249999E-0001  1.08691406249999E-0001 
 4.69400000000000E+0001  9.77636718750000E-0001  1.05078125000000E-0001 
 4.74400000000000E+0001  9.55859374999999E-0001  9.92187499999999E-0002 
 4.79400000000000E+0001  9.31542968750000E-0001  9.54101562500000E-0002 
 4.84400000000000E+0001  9.08886718749999E-0001  9.51171875000000E-0002 
 4.89400000000000E+0001  8.85449218750000E-0001  9.77539062500001E-0002 
 4.94400000000000E+0001  8.63281250000000E-0001  1.05468750000000E-0001 
 4.99400000000000E+0001  8.41015625000000E-0001  1.12792968750000E-0001 
 5.04400000000000E+0001  8.22070312500000E-0001  1.21093750000000E-0001 
 5.09400000000000E+0001  8.03222656250000E-0001  1.31542968750000E-0001 
 5.14400000000000E+0001  7.85253906250001E-0001  1.36132812500000E-0001 
 5.19400000000000E+0001  7.69335937500000E-0001  1.38671875000000E-0001 
 5.24400000000000E+0001  7.57226562500000E-0001  1.39257812500000E-0001 
 5.29400000000000E+0001  7.44433593750000E-0001  1.35156250000000E-0001 
 5.34400000000000E+0001  7.33789062500000E-0001  1.31542968750000E-0001 
 5.39400000000000E+0001  7.25195312499999E-0001  1.25781250000000E-0001 
 5.44400000000000E+0001  7.16210937500000E-0001  1.19726562500000E-0001 
 5.49400000000000E+0001  7.08398437500000E-0001  1.12011718750000E-0001 
 5.54400000000000E+0001  6.98730468750000E-0001  1.07128906250000E-0001 
 5.59400000000000E+0001  6.91992187499999E-0001  1.01367187500000E-0001 
 5.64400000000000E+0001  6.86035156250000E-0001  9.62890625000001E-0002 
 5.69400000000000E+0001  6.82714843750000E-0001  9.02343750000000E-0002 
 5.74400000000000E+0001  6.82421875000001E-0001  8.62304687499999E-0002 
 5.79400000000000E+0001  6.85156250000000E-0001  8.20312499999999E-0002 
 5.84400000000000E+0001  6.90820312500000E-0001  7.66601562500000E-0002 
 5.89400000000000E+0001  6.97265625000000E-0001  6.98242187500000E-0002 
 5.94400000000000E+0001  7.02832031250000E-0001  6.42578125000000E-0002 
 5.99400000000000E+0001  7.09570312499999E-0001  5.76171875000001E-0002 
 6.04400000000000E+0001  7.12011718750001E-0001  4.72656250000000E-0002 
 6.09400000000000E+0001  7.12597656250001E-0001  3.75976562500000E-0002 
 6.14400000000000E+0001  7.09765625000000E-0001  2.63671875000000E-0002 
 6.19400000000000E+0001  7.05175781250000E-0001  1.84570312500000E-0002 
 6.24400000000000E+0001  7.00976562500000E-0001  1.03515624999999E-0002 
 6.29400000000000E+0001  6.93164062500000E-0001  6.93359375000001E-0003 
 6.34400000000000E+0001  6.88378906249999E-0001  7.51953125000003E-0003 
 6.39400000000000E+0001  6.84375000000000E-0001  1.17187499999999E-0002 
 6.44400000000000E+0001  6.83886718750001E-0001  2.11914062500000E-0002 
 6.49400000000000E+0001  6.84082031250000E-0001  2.82226562500000E-0002 
 6.54400000000000E+0001  6.88574218750000E-0001  3.64257812500000E-0002 
 6.59400000000000E+0001  6.92968750000000E-0001  4.08203125000000E-0002 
 6.64400000000000E+0001  7.01855468750000E-0001  4.35546875000000E-0002 
 6.69400000000000E+0001  7.08398437500000E-0001  4.27734375000000E-0002 
 6.74400000000000E+0001  7.13867187499999E-0001  4.14062500000000E-0002 
 6.79400000000000E+0001  7.18554687500001E-0001  4.00390625000000E-0002 
 6.84400000000000E+0001  7.21777343750000E-0001  3.95507812500000E-0002 
 6.89400000000000E+0001  7.25488281250000E-0001  4.09179687500000E-0002 
 6.94400000000000E+0001  7.30761718750000E-0001  4.56054687500000E-0002 
 6.99400000000000E+0001  7.36816406250000E-0001  5.23437500000000E-0002 
 7.04400000000000E+0001  7.45312500000001E-0001  6.01562500000000E-0002 
 7.09400000000000E+0001  7.56152343749999E-0001  6.68945312500001E-0002 
 7.14400000000000E+0001  7.66015625000000E-0001  7.41210937500000E-0002 
 7.19400000000000E+0001  7.74218749999999E-0001  7.85156250000000E-0002 
 7.24400000000000E+0001  7.78808593749999E-0001  8.04687499999999E-0002 
 7.29400000000000E+0001  7.81835937499999E-0001  8.06640625000000E-0002 
 7.34400000000000E+0001  7.81347656250000E-0001  7.93945312500000E-0002 
 7.39400000000000E+0001  7.76660156250000E-0001  8.19335937500000E-0002 
 7.44400000000000E+0001  7.69433593750000E-0001  8.22265625000000E-0002 
 7.49400000000000E+0001  7.58789062499999E-0001  8.21289062500001E-0002 
 7.54400000000000E+0001  7.46972656250001E-0001  8.54492187500000E-0002 
 7.59400000000000E+0001  7.33886718750000E-0001  8.94531250000000E-0002 
 7.64400000000000E+0001  7.21972656250000E-0001  9.07226562500000E-0002 
 7.69400000000000E+0001  7.10253906250000E-0001  9.36523437500000E-0002 
 7.74400000000000E+0001  6.99511718750000E-0001  9.36523437500000E-0002 
 7.79400000000000E+0001  6.88574218749999E-0001  9.15039062500001E-0002 
 7.84400000000000E+0001  6.80078124999999E-0001  8.69140624999999E-0002 
 7.89400000000000E+0001  6.68847656250000E-0001  8.26171875000000E-0002 
 7.94400000000000E+0001  6.56249999999999E-0001  7.59765625000000E-0002 
 7.99400000000000E+0001  6.44628906250001E-0001  7.20703125000001E-0002 
 8.04400000000000E+0001  6.29785156250000E-0001  6.78710937499999E-0002 
 8.09400000000000E+0001  6.15722656250001E-0001  6.51367187500000E-0002 
 8.14400000000000E+0001  6.02636718750000E-0001  6.39648437500000E-0002 
 8.19400000000000E+0001  5.91699218750000E-0001  6.43554687500000E-0002 
 8.24400000000000E+0001  5.85253906250001E-0001  6.40625000000001E-0002 
 8.29400000000000E+0001  5.81835937500000E-0001  6.59179687500000E-0002 
 8.34400000000000E+0001  5.79882812500000E-0001  6.70898437500000E-0002 
 8.39400000000000E+0001  5.80859375000000E-0001  6.88476562500001E-0002 
 8.44400000000000E+0001  5.85546875000000E-0001  6.96289062500000E-0002 
 8.49400000000000E+0001  5.86230468750000E-0001  6.67968750000000E-0002 
 8.54400000000000E+0001  5.87695312500000E-0001  6.51367187500000E-0002 
 8.59400000000000E+0001  5.85937500000000E-0001  6.17187500000000E-0002 
 8.64400000000000E+0001  5.82031250000000E-0001  5.76171875000000E-0002 
 8.69400000000000E+0001  5.75781250000000E-0001  5.42968750000000E-0002 
 8.74400000000000E+0001  5.69238281250000E-0001  5.49804687500000E-0002 
 8.79400000000000E+0001  5.62988281250000E-0001  5.83007812500000E-0002 
 8.84400000000000E+0001  5.57128906250000E-0001  6.36718750000000E-0002 
 8.89400000000000E+0001  5.51562500000000E-0001  6.78710937500000E-0002 
 8.94400000000000E+0001  5.46875000000000E-0001  7.50976562499999E-0002 
 8.99400000000000E+0001  5.45117187499999E-0001  7.96875000000000E-0002 
 9.04400000000000E+0001  5.44433593750000E-0001  8.56445312500000E-0002 
 9.09400000000000E+0001  5.42382812500000E-0001  8.57421875000001E-0002 
 9.14400000000000E+0001  5.38378906250000E-0001  8.49609375000000E-0002 
 9.19400000000000E+0001  5.35742187500000E-0001  8.26171875000000E-0002 
 9.24400000000000E+0001  5.29394531250000E-0001  7.68554687499999E-0002 
 9.29400000000000E+0001  5.23046875000000E-0001  7.11914062500001E-0002 
 9.34400000000000E+0001  5.16601562500000E-0001  6.63085937500000E-0002 
 9.39400000000000E+0001  5.07714843750000E-0001  6.49414062500000E-0002 
 9.44400000000000E+0001  5.01367187500000E-0001  6.49414062499999E-0002 
 9.49400000000000E+0001  4.91796875000000E-0001  6.66992187500001E-0002 
 9.54400000000000E+0001  4.84570312500000E-0001  7.38281249999999E-0002 
 9.59400000000000E+0001  4.77734375000000E-0001  8.13476562500000E-0002 
 9.64400000000000E+0001  4.71972656250000E-0001  8.81835937500000E-0002 
 9.69400000000000E+0001  4.65527343750000E-0001  9.54101562500000E-0002 
 9.74400000000000E+0001  4.60546875000000E-0001  9.89257812500000E-0002 
 9.79400000000000E+0001  4.56542968750000E-0001  1.04101562500000E-0001 
 9.84400000000000E+0001  4.52832031250000E-0001  1.06152343750000E-0001 
 9.89400000000000E+0001  4.50195312500000E-0001  1.07910156250000E-0001 
 9.94400000000000E+0001  4.47656250000000E-0001  1.07714843750000E-0001 
 9.99400000000000E+0001  4.45117187500000E-0001  1.08105468750000E-0001 
 1.00440000000000E+0002  4.43945312500000E-0001  1.10058593750000E-0001 
 1.00940000000000E+0002  4.41601562500000E-0001  1.12109375000000E-0001 
 1.01440000000000E+0002  4.36621093750000E-0001  1.13574218750000E-0001 
 1.01940000000000E+0002  4.32617187500000E-0001  1.17871093750000E-0001 
 1.02440000000000E+0002  4.30957031250000E-0001  1.17675781250000E-0001 
 1.02940000000000E+0002  4.29199218750000E-0001  1.18945312500000E-0001 
