-6.56000000000000E+0000  1.06177734375000E+0001 -8.45703125000000E-0002 
-6.06000000000000E+0000  1.17583007812500E+0001 -5.06835937500000E-0002 
-5.56000000000000E+0000  1.28659179687500E+0001 -2.71484375000000E-0002 
-5.06000000000000E+0000  1.39351562500000E+0001 -1.28906249999999E-0002 
-4.56000000000000E+0000  1.49450195312500E+0001 -5.37109375000001E-0003 
-4.06000000000000E+0000  1.58769531249999E+0001  5.27343750000000E-0003 
-3.56000000000000E+0000  1.67103515625000E+0001  2.30468750000000E-0002 
-3.06000000000000E+0000  1.74187500000000E+0001  5.76171875000000E-0002 
-2.56000000000000E+0000  1.79726562500000E+0001  1.16992187500000E-0001 
-2.06000000000000E+0000  1.83390625000000E+0001  2.05175781250000E-0001 
-1.56000000000000E+0000  1.84897460937500E+0001  3.20410156250000E-0001 
-1.06000000000000E+0000  1.84143554687500E+0001  4.46386718750000E-0001 
-5.60000000000000E-0001  1.81279296875000E+0001  5.58691406250000E-0001 
-6.00000000000000E-0002  1.76684570312500E+0001  6.37402343750001E-0001 
 4.40000000000000E-0001  1.70862304687500E+0001  6.73339843750001E-0001 
 9.40000000000000E-0001  1.64328125000000E+0001  6.70312500000000E-0001 
 1.44000000000000E+0000  1.57450195312500E+0001  6.41601562500000E-0001 
 1.94000000000000E+0000  1.50424804687500E+0001  6.05078125000000E-0001 
 2.44000000000000E+0000  1.43388671875000E+0001  5.70312500000000E-0001 
 2.94000000000000E+0000  1.36334960937500E+0001  5.44824218750001E-0001 
 3.44000000000000E+0000  1.29357421875000E+0001  5.32910156250000E-0001 
 3.94000000000000E+0000  1.22475585937500E+0001  5.37011718750000E-0001 
 4.44000000000000E+0000  1.15766601562500E+0001  5.55371093750000E-0001 
 4.94000000000000E+0000  1.09250976562500E+0001  5.81640625000000E-0001 
 5.44000000000000E+0000  1.02929687499999E+0001  6.06933593750000E-0001 
 5.94000000000000E+0000  9.67832031250000E+0000  6.29296875000000E-0001 
 6.44000000000000E+0000  9.07646484374999E+0000  6.35449218750000E-0001 
 6.94000000000000E+0000  8.48027343750000E+0000  6.25097656250000E-0001 
 7.44000000000000E+0000  7.89179687500000E+0000  5.90722656250000E-0001 
 7.94000000000000E+0000  7.31523437500000E+0000  5.36328125000000E-0001 
 8.44000000000000E+0000  6.75800781250000E+0000  4.61132812499999E-0001 
 8.94000000000000E+0000  6.22548828124999E+0000  3.74511718750001E-0001 
 9.44000000000000E+0000  5.72392578125000E+0000  2.85253906250000E-0001 
 9.94000000000000E+0000  5.25498046875000E+0000  2.07324218750000E-0001 
 1.04400000000000E+0001  4.81445312500000E+0000  1.42968750000000E-0001 
 1.09400000000000E+0001  4.39501953125000E+0000  9.79492187500000E-0002 
 1.14400000000000E+0001  3.98632812500000E+0000  6.73828125000000E-0002 
 1.19400000000000E+0001  3.58896484375000E+0000  4.52148437500001E-0002 
 1.24400000000000E+0001  3.20302734375000E+0000  2.11914062500000E-0002 
 1.29400000000000E+0001  2.83115234375000E+0000 -1.04492187500000E-0002 
 1.34400000000000E+0001  2.48027343750000E+0000 -5.21484375000000E-0002 
 1.39400000000000E+0001  2.15781250000000E+0000 -9.71679687499999E-0002 
 1.44400000000000E+0001  1.86523437500000E+0000 -1.42871093750000E-0001 
 1.49400000000000E+0001  1.60507812500000E+0000 -1.78125000000000E-0001 
 1.54400000000000E+0001  1.37353515625000E+0000 -2.03125000000000E-0001 
 1.59400000000000E+0001  1.16777343750000E+0000 -2.12597656250000E-0001 
 1.64400000000000E+0001  9.85253906250000E-0001 -2.14160156250000E-0001 
 1.69400000000000E+0001  8.22265625000000E-0001 -2.11914062500000E-0001 
 1.74400000000000E+0001  6.80371093749999E-0001 -2.12207031250000E-0001 
 1.79400000000000E+0001  5.62695312500000E-0001 -2.16406250000000E-0001 
 1.84400000000000E+0001  4.62695312500000E-0001 -2.26660156250000E-0001 
 1.89400000000000E+0001  3.83789062500000E-0001 -2.40234375000000E-0001 
 1.94400000000000E+0001  3.22656250000000E-0001 -2.53027343750000E-0001 
 1.99400000000000E+0001  2.80664062500000E-0001 -2.60156250000000E-0001 
 2.04400000000000E+0001  2.51660156250000E-0001 -2.62207031250000E-0001 
 2.09400000000000E+0001  2.31835937500000E-0001 -2.57812500000000E-0001 
 2.14400000000000E+0001  2.20605468750000E-0001 -2.47363281250000E-0001 
 2.19400000000000E+0001  2.17773437500000E-0001 -2.35839843750000E-0001 
 2.24400000000000E+0001  2.23046875000000E-0001 -2.25390625000000E-0001 
 2.29400000000000E+0001  2.35644531250000E-0001 -2.18164062500000E-0001 
 2.34400000000000E+0001  2.59277343750000E-0001 -2.12792968750000E-0001 
 2.39400000000000E+0001  2.91015625000000E-0001 -2.10156250000000E-0001 
 2.44400000000000E+0001  3.33886718750000E-0001 -2.10351562500000E-0001 
 2.49400000000000E+0001  3.81445312500000E-0001 -2.11132812500000E-0001 
 2.54400000000000E+0001  4.33300781250000E-0001 -2.11914062500000E-0001 
 2.59400000000000E+0001  4.85253906250000E-0001 -2.12402343750000E-0001 
 2.64400000000000E+0001  5.35058593750000E-0001 -2.12792968750000E-0001 
 2.69400000000000E+0001  5.82421874999999E-0001 -2.13671875000000E-0001 
 2.74400000000000E+0001  6.26367187500000E-0001 -2.13671875000000E-0001 
 2.79400000000000E+0001  6.67382812500000E-0001 -2.07226562500000E-0001 
 2.84400000000000E+0001  7.09765625000000E-0001 -2.01660156250000E-0001 
 2.89400000000000E+0001  7.49609375000000E-0001 -1.94335937500000E-0001 
 2.94400000000000E+0001  7.92968750000000E-0001 -1.83886718750000E-0001 
 2.99400000000000E+0001  8.35253906250000E-0001 -1.74121093750000E-0001 
 3.04400000000000E+0001  8.77246093750000E-0001 -1.67285156250000E-0001 
 3.09400000000000E+0001  9.17187500000000E-0001 -1.59277343750000E-0001 
 3.14400000000000E+0001  9.52246093750000E-0001 -1.53808593750000E-0001 
 3.19400000000000E+0001  9.85644531250000E-0001 -1.45507812500000E-0001 
 3.24400000000000E+0001  1.01435546875000E+0000 -1.38964843750000E-0001 
 3.29400000000000E+0001  1.04072265625000E+0000 -1.32421875000000E-0001 
 3.34400000000000E+0001  1.06298828125000E+0000 -1.24316406250000E-0001 
 3.39400000000000E+0001  1.08164062500000E+0000 -1.13671875000000E-0001 
 3.44400000000000E+0001  1.09521484375000E+0000 -1.02148437500000E-0001 
 3.49400000000000E+0001  1.10498046875000E+0000 -8.93554687500000E-0002 
 3.54400000000000E+0001  1.11250000000000E+0000 -7.38281250000000E-0002 
 3.59400000000000E+0001  1.11826171875000E+0000 -5.62500000000000E-0002 
 3.64400000000000E+0001  1.12451171875000E+0000 -3.95507812500000E-0002 
 3.69400000000000E+0001  1.13085937500000E+0000 -2.14843750000000E-0002 
 3.74400000000000E+0001  1.13818359375000E+0000 -6.05468750000000E-0003 
 3.79400000000000E+0001  1.14765625000000E+0000  8.69140625000000E-0003 
 3.84400000000000E+0001  1.15703125000000E+0000  1.99218750000000E-0002 
 3.89400000000000E+0001  1.16035156250000E+0000  3.01757812500000E-0002 
 3.94400000000000E+0001  1.16640625000000E+0000  3.68164062500000E-0002 
 3.99400000000000E+0001  1.16630859375000E+0000  4.55078125000000E-0002 
 4.04400000000000E+0001  1.16591796875000E+0000  5.13671874999999E-0002 
 4.09400000000000E+0001  1.16240234375000E+0000  5.51757812500000E-0002 
 4.14400000000000E+0001  1.15908203125000E+0000  5.78125000000000E-0002 
 4.19400000000000E+0001  1.15371093750000E+0000  5.74218750000000E-0002 
 4.24400000000000E+0001  1.14912109375000E+0000  5.54687500000000E-0002 
 4.29400000000000E+0001  1.14345703125000E+0000  5.28320312500001E-0002 
 4.34400000000000E+0001  1.13691406250000E+0000  5.02929687500000E-0002 
 4.39400000000000E+0001  1.12968750000000E+0000  4.79492187500000E-0002 
 4.44400000000000E+0001  1.12470703125000E+0000  4.23828125000000E-0002 
 4.49400000000000E+0001  1.11552734375000E+0000  3.71093750000000E-0002 
 4.54400000000000E+0001  1.10478515625000E+0000  3.21289062500000E-0002 
 4.59400000000000E+0001  1.09033203125000E+0000  2.42187500000000E-0002 
 4.64400000000000E+0001  1.07470703125000E+0000  1.74804687500000E-0002 
 4.69400000000000E+0001  1.05468750000000E+0000  1.20117187500000E-0002 
 4.74400000000000E+0001  1.03017578125000E+0000  8.30078124999997E-0003 
 4.79400000000000E+0001  1.00556640625000E+0000  3.32031250000000E-0003 
 4.84400000000000E+0001  9.82421875000001E-0001  1.26953125000000E-0003 
 4.89400000000000E+0001  9.59960937500000E-0001  1.66015625000002E-0003 
 4.94400000000000E+0001  9.39355468750001E-0001  4.19921875000000E-0003 
 4.99400000000000E+0001  9.17675781249999E-0001  1.01562500000000E-0002 
 5.04400000000000E+0001  8.96289062500000E-0001  1.77734375000000E-0002 
 5.09400000000000E+0001  8.74609375000000E-0001  3.14453125000000E-0002 
 5.14400000000000E+0001  8.49902343750000E-0001  4.57031250000000E-0002 
 5.19400000000000E+0001  8.27636718750001E-0001  6.27929687500000E-0002 
 5.24400000000000E+0001  8.05664062500000E-0001  7.85156250000000E-0002 
 5.29400000000000E+0001  7.84863281250001E-0001  9.19921874999999E-0002 
 5.34400000000000E+0001  7.66210937500000E-0001  1.04394531250000E-0001 
 5.39400000000000E+0001  7.52246093750000E-0001  1.12792968749999E-0001 
 5.44400000000000E+0001  7.38281250000000E-0001  1.19824218750000E-0001 
 5.49400000000000E+0001  7.27148437500000E-0001  1.27343750000000E-0001 
 5.54400000000000E+0001  7.18164062500000E-0001  1.31542968750000E-0001 
 5.59400000000000E+0001  7.10253906250000E-0001  1.34667968750000E-0001 
 5.64400000000000E+0001  7.03027343749999E-0001  1.36425781250000E-0001 
 5.69400000000000E+0001  6.97753906249999E-0001  1.33593750000000E-0001 
 5.74400000000000E+0001  6.93652343750000E-0001  1.29980468750000E-0001 
 5.79400000000000E+0001  6.91503906250000E-0001  1.24902343750000E-0001 
 5.84400000000000E+0001  6.90332031250000E-0001  1.19042968750000E-0001 
 5.89400000000000E+0001  6.91406250000000E-0001  1.12109375000000E-0001 
 5.94400000000000E+0001  6.89941406250000E-0001  1.08691406250000E-0001 
 5.99400000000000E+0001  6.92968750000000E-0001  1.03808593750000E-0001 
 6.04400000000000E+0001  6.95605468750000E-0001  9.76562500000000E-0002 
 6.09400000000000E+0001  7.00195312500000E-0001  9.16015624999999E-0002 
 6.14400000000000E+0001  7.01757812500001E-0001  8.24218750000000E-0002 
 6.19400000000000E+0001  7.05175781249999E-0001  7.18750000000000E-0002 
 6.24400000000000E+0001  7.06640625000000E-0001  6.12304687500000E-0002 
 6.29400000000000E+0001  7.08789062500000E-0001  5.11718750000000E-0002 
 6.34400000000000E+0001  7.07324218749999E-0001  4.58984375000000E-0002 
 6.39400000000000E+0001  7.07812499999999E-0001  4.25781250000001E-0002 
 6.44400000000000E+0001  7.07812500000000E-0001  4.14062500000000E-0002 
 6.49400000000000E+0001  7.07910156250000E-0001  4.47265625000001E-0002 
 6.54400000000000E+0001  7.07812500000001E-0001  5.04882812500000E-0002 
 6.59400000000000E+0001  7.05957031250001E-0001  5.83007812500000E-0002 
 6.64400000000000E+0001  7.05761718750000E-0001  6.67968750000000E-0002 
 6.69400000000000E+0001  7.04003906250000E-0001  7.57812500000001E-0002 
 6.74400000000000E+0001  7.04296875000000E-0001  8.68164062500000E-0002 
 6.79400000000000E+0001  7.04199218750000E-0001  9.69726562500001E-0002 
 6.84400000000000E+0001  7.05273437499999E-0001  1.03417968750000E-0001 
 6.89400000000000E+0001  7.05566406250000E-0001  1.10351562500000E-0001 
 6.94400000000000E+0001  7.05566406250000E-0001  1.14160156250000E-0001 
 6.99400000000000E+0001  7.06738281250000E-0001  1.20996093749999E-0001 
 7.04400000000000E+0001  7.07617187500000E-0001  1.25878906250000E-0001 
 7.09400000000000E+0001  7.10058593749999E-0001  1.31835937500000E-0001 
 7.14400000000000E+0001  7.10546875000000E-0001  1.40039062500000E-0001 
 7.19400000000000E+0001  7.11328125000000E-0001  1.48339843750000E-0001 
 7.24400000000000E+0001  7.12890625000000E-0001  1.56542968750000E-0001 
 7.29400000000000E+0001  7.14941406250000E-0001  1.58886718750000E-0001 
 7.34400000000000E+0001  7.15332031249999E-0001  1.62597656250000E-0001 
 7.39400000000000E+0001  7.16210937500000E-0001  1.62792968750000E-0001 
 7.44400000000000E+0001  7.15234375000000E-0001  1.61914062500000E-0001 
 7.49400000000000E+0001  7.13671875000001E-0001  1.56933593750000E-0001 
 7.54400000000000E+0001  7.11230468750000E-0001  1.53613281250000E-0001 
 7.59400000000000E+0001  7.08398437500000E-0001  1.49511718750000E-0001 
 7.64400000000000E+0001  7.01464843749999E-0001  1.44726562500000E-0001 
 7.69400000000000E+0001  6.95019531250000E-0001  1.41992187500000E-0001 
 7.74400000000000E+0001  6.85351562500000E-0001  1.37500000000000E-0001 
 7.79400000000000E+0001  6.75585937500001E-0001  1.33007812500000E-0001 
 7.84400000000000E+0001  6.65136718749999E-0001  1.28906250000000E-0001 
 7.89400000000000E+0001  6.53417968750000E-0001  1.25585937500000E-0001 
 7.94400000000000E+0001  6.41699218750000E-0001  1.23242187500000E-0001 
 7.99400000000000E+0001  6.32714843750000E-0001  1.20117187499999E-0001 
 8.04400000000000E+0001  6.21875000000000E-0001  1.17675781250000E-0001 
 8.09400000000000E+0001  6.11718750000000E-0001  1.15429687499999E-0001 
 8.14400000000000E+0001  6.00683593750000E-0001  1.13378906249999E-0001 
 8.19400000000000E+0001  5.89550781250000E-0001  1.12109375000000E-0001 
 8.24400000000000E+0001  5.77050781250000E-0001  1.08203125000000E-0001 
 8.29400000000000E+0001  5.65234375000000E-0001  1.10058593750000E-0001 
 8.34400000000000E+0001  5.55175781250000E-0001  1.09667968750000E-0001 
 8.39400000000000E+0001  5.46386718749999E-0001  1.11425781250000E-0001 
 8.44400000000000E+0001  5.40527343750000E-0001  1.13964843750000E-0001 
 8.49400000000000E+0001  5.37011718750000E-0001  1.17285156250000E-0001 
 8.54400000000000E+0001  5.35253906250000E-0001  1.20605468750000E-0001 
 8.59400000000000E+0001  5.37890624999999E-0001  1.23242187500000E-0001 
 8.64400000000000E+0001  5.44140625000000E-0001  1.24316406250000E-0001 
 8.69400000000000E+0001  5.52148437500000E-0001  1.22558593750000E-0001 
 8.74400000000000E+0001  5.59667968750000E-0001  1.18750000000000E-0001 
 8.79400000000000E+0001  5.68652343750000E-0001  1.14648437500000E-0001 
 8.84400000000000E+0001  5.77929687500000E-0001  1.08984375000000E-0001 
 8.89400000000000E+0001  5.83984375000000E-0001  1.02832031249999E-0001 
 8.94400000000000E+0001  5.88867187500000E-0001  9.74609375000000E-0002 
 8.99400000000000E+0001  5.93457031250000E-0001  9.32617187500000E-0002 
 9.04400000000000E+0001  5.97265625000000E-0001  8.59375000000000E-0002 
 9.09400000000000E+0001  6.00097656250001E-0001  8.12500000000000E-0002 
 9.14400000000000E+0001  6.00390625000000E-0001  7.63671875000000E-0002 
 9.19400000000000E+0001  6.02246093750000E-0001  7.20703125000001E-0002 
 9.24400000000000E+0001  6.01660156250000E-0001  6.54296874999999E-0002 
 9.29400000000000E+0001  6.00488281250000E-0001  5.83007812500000E-0002 
 9.34400000000000E+0001  5.97460937500000E-0001  5.11718750000001E-0002 
 9.39400000000000E+0001  5.92773437500000E-0001  4.39453125000000E-0002 
 9.44400000000000E+0001  5.86425781249999E-0001  3.42773437500000E-0002 
 9.49400000000000E+0001  5.78222656250001E-0001  2.69531250000000E-0002 
 9.54400000000000E+0001  5.66796875000000E-0001  2.07031250000000E-0002 
 9.59400000000000E+0001  5.55078125000000E-0001  1.79687500000000E-0002 
 9.64400000000000E+0001  5.43554687500000E-0001  1.95312500000000E-0002 
 9.69400000000000E+0001  5.33984375000000E-0001  2.04101562500000E-0002 
 9.74400000000000E+0001  5.24218750000000E-0001  2.59765625000000E-0002 
 9.79400000000000E+0001  5.15234375000000E-0001  3.05664062500000E-0002 
 9.84400000000000E+0001  5.06347656250000E-0001  3.42773437500000E-0002 
 9.89400000000000E+0001  4.97167968750000E-0001  3.62304687500000E-0002 
 9.94400000000000E+0001  4.88769531250000E-0001  3.67187500000000E-0002 
 9.99400000000000E+0001  4.81933593750000E-0001  3.75000000000000E-0002 
 1.00440000000000E+0002  4.75292968750000E-0001  3.99414062500000E-0002 
 1.00940000000000E+0002  4.68457031250000E-0001  4.03320312500000E-0002 
 1.01440000000000E+0002  4.62695312500000E-0001  4.41406250000000E-0002 
 1.01940000000000E+0002  4.54785156250000E-0001  5.03906250000000E-0002 
 1.02440000000000E+0002  4.46972656250000E-0001  5.42968750000000E-0002 
 1.02940000000000E+0002  4.37402343750000E-0001  5.89843750000000E-0002 
