-6.56000000000000E+0000  1.46081054687500E+0001 -1.39160156250000E+0000 
-6.06000000000000E+0000  1.63083984375000E+0001 -1.39599609375000E+0000 
-5.56000000000000E+0000  1.79861328125000E+0001 -1.39375000000000E+0000 
-5.06000000000000E+0000  1.96337890625000E+0001 -1.37470703125000E+0000 
-4.56000000000000E+0000  2.12370117187500E+0001 -1.32841796875000E+0000 
-4.06000000000000E+0000  2.27671875000000E+0001 -1.25292968750000E+0000 
-3.56000000000000E+0000  2.41933593750000E+0001 -1.14277343750000E+0000 
-3.06000000000000E+0000  2.54662109375000E+0001 -9.97363281250000E-0001 
-2.56000000000000E+0000  2.65392578125000E+0001 -8.18847656250000E-0001 
-2.06000000000000E+0000  2.73627929687500E+0001 -6.12597656250000E-0001 
-1.56000000000000E+0000  2.78970703125000E+0001 -3.91503906250000E-0001 
-1.06000000000000E+0000  2.81205078125000E+0001 -1.74023437500000E-0001 
-5.60000000000000E-0001  2.80424804687500E+0001  1.67968750000000E-0002 
-6.00000000000000E-0002  2.76977539062500E+0001  1.58300781250000E-0001 
 4.40000000000000E-0001  2.71400390625000E+0001  2.42773437500000E-0001 
 9.40000000000000E-0001  2.64300781250000E+0001  2.75097656250000E-0001 
 1.44000000000000E+0000  2.56115234375000E+0001  2.74707031250000E-0001 
 1.94000000000000E+0000  2.47308593750000E+0001  2.56835937500000E-0001 
 2.44000000000000E+0000  2.38106445312500E+0001  2.37207031250000E-0001 
 2.94000000000000E+0000  2.28686523437500E+0001  2.24316406250000E-0001 
 3.44000000000000E+0000  2.19107421875000E+0001  2.26464843750000E-0001 
 3.94000000000000E+0000  2.09380859375000E+0001  2.38183593750000E-0001 
 4.44000000000000E+0000  1.99496093750000E+0001  2.54980468750000E-0001 
 4.94000000000000E+0000  1.89458984375000E+0001  2.63378906250000E-0001 
 5.44000000000000E+0000  1.79276367187500E+0001  2.59472656250000E-0001 
 5.94000000000000E+0000  1.69090820312500E+0001  2.41699218750000E-0001 
 6.44000000000000E+0000  1.58996093749999E+0001  2.14453125000000E-0001 
 6.94000000000000E+0000  1.49056640624999E+0001  1.85156250000000E-0001 
 7.44000000000000E+0000  1.39357421875000E+0001  1.63867187500000E-0001 
 7.94000000000000E+0000  1.29933593749999E+0001  1.56152343750000E-0001 
 8.44000000000000E+0000  1.20835937499999E+0001  1.62109375000000E-0001 
 8.94000000000000E+0000  1.12078125000000E+0001  1.84472656250000E-0001 
 9.44000000000000E+0000  1.03686523437500E+0001  2.14257812500000E-0001 
 9.94000000000000E+0000  9.56748046875000E+0000  2.47460937500000E-0001 
 1.04400000000000E+0001  8.80341796875000E+0000  2.79199218750000E-0001 
 1.09400000000000E+0001  8.07060546875000E+0000  3.02050781250000E-0001 
 1.14400000000000E+0001  7.36464843750000E+0000  3.15625000000000E-0001 
 1.19400000000000E+0001  6.68447265625000E+0000  3.07421875000000E-0001 
 1.24400000000000E+0001  6.02724609375000E+0000  2.82421875000000E-0001 
 1.29400000000000E+0001  5.39677734375000E+0000  2.36328125000000E-0001 
 1.34400000000000E+0001  4.79873046874999E+0000  1.76367187500000E-0001 
 1.39400000000000E+0001  4.24296875000000E+0000  1.07910156250000E-0001 
 1.44400000000000E+0001  3.73339843750000E+0000  4.00390625000000E-0002 
 1.49400000000000E+0001  3.27353515625000E+0000 -2.26562500000000E-0002 
 1.54400000000000E+0001  2.85322265625000E+0000 -6.88476562500000E-0002 
 1.59400000000000E+0001  2.47001953125000E+0000 -1.01855468749999E-0001 
 1.64400000000000E+0001  2.11308593750000E+0000 -1.22656249999999E-0001 
 1.69400000000000E+0001  1.77470703125000E+0000 -1.39062500000000E-0001 
 1.74400000000000E+0001  1.44912109375000E+0000 -1.58105468750000E-0001 
 1.79400000000000E+0001  1.14140625000000E+0000 -1.81933593750000E-0001 
 1.84400000000000E+0001  8.55566406250000E-0001 -2.11718750000000E-0001 
 1.89400000000000E+0001  6.00585937500000E-0001 -2.42578125000000E-0001 
 1.94400000000000E+0001  3.77246093750000E-0001 -2.65820312500000E-0001 
 1.99400000000000E+0001  1.90625000000000E-0001 -2.79199218750000E-0001 
 2.04400000000000E+0001  3.91601562500000E-0002 -2.76074218750000E-0001 
 2.09400000000000E+0001 -8.35937500000000E-0002 -2.63671875000000E-0001 
 2.14400000000000E+0001 -1.82226562500000E-0001 -2.42382812500000E-0001 
 2.19400000000000E+0001 -2.56640625000000E-0001 -2.20019531250000E-0001 
 2.24400000000000E+0001 -3.13964843750000E-0001 -2.03417968750000E-0001 
 2.29400000000000E+0001 -3.53320312500000E-0001 -1.96875000000000E-0001 
 2.34400000000000E+0001 -3.75195312500000E-0001 -1.98339843750000E-0001 
 2.39400000000000E+0001 -3.80761718750000E-0001 -2.07812500000000E-0001 
 2.44400000000000E+0001 -3.70214843750000E-0001 -2.17480468750000E-0001 
 2.49400000000000E+0001 -3.47558593750000E-0001 -2.27929687500000E-0001 
 2.54400000000000E+0001 -3.18164062500000E-0001 -2.32421875000000E-0001 
 2.59400000000000E+0001 -2.78320312500000E-0001 -2.28906250000000E-0001 
 2.64400000000000E+0001 -2.31835937500000E-0001 -2.19433593750000E-0001 
 2.69400000000000E+0001 -1.78808593750000E-0001 -2.07910156250000E-0001 
 2.74400000000000E+0001 -1.19042968750000E-0001 -1.92968750000000E-0001 
 2.79400000000000E+0001 -5.05859375000000E-0002 -1.82421875000000E-0001 
 2.84400000000000E+0001  2.99804687500000E-0002 -1.73144531250000E-0001 
 2.89400000000000E+0001  1.17968749999999E-0001 -1.70019531250000E-0001 
 2.94400000000000E+0001  2.14648437500000E-0001 -1.71289062500000E-0001 
 2.99400000000000E+0001  3.15625000000000E-0001 -1.71679687500000E-0001 
 3.04400000000000E+0001  4.19628906250000E-0001 -1.76660156250000E-0001 
 3.09400000000000E+0001  5.23730468750000E-0001 -1.81933593750000E-0001 
 3.14400000000000E+0001  6.22558593750000E-0001 -1.86035156250000E-0001 
 3.19400000000000E+0001  7.15625000000000E-0001 -1.90429687500000E-0001 
 3.24400000000000E+0001  8.03613281249999E-0001 -1.92675781250000E-0001 
 3.29400000000000E+0001  8.83496093750000E-0001 -1.95214843750000E-0001 
 3.34400000000000E+0001  9.58105468750000E-0001 -1.95898437500000E-0001 
 3.39400000000000E+0001  1.02890625000000E+0000 -1.93750000000000E-0001 
 3.44400000000000E+0001  1.09609375000000E+0000 -1.91210937500000E-0001 
 3.49400000000000E+0001  1.15751953125000E+0000 -1.87988281250000E-0001 
 3.54400000000000E+0001  1.21347656250000E+0000 -1.86230468750000E-0001 
 3.59400000000000E+0001  1.26533203125000E+0000 -1.81445312500000E-0001 
 3.64400000000000E+0001  1.31230468750000E+0000 -1.77539062500000E-0001 
 3.69400000000000E+0001  1.35361328125000E+0000 -1.75292968750000E-0001 
 3.74400000000000E+0001  1.38974609375000E+0000 -1.72949218750000E-0001 
 3.79400000000000E+0001  1.42050781250000E+0000 -1.73144531250000E-0001 
 3.84400000000000E+0001  1.44365234375000E+0000 -1.73632812500000E-0001 
 3.89400000000000E+0001  1.45917968750000E+0000 -1.72851562500000E-0001 
 3.94400000000000E+0001  1.46542968750000E+0000 -1.71386718750000E-0001 
 3.99400000000000E+0001  1.46699218750000E+0000 -1.64550781250000E-0001 
 4.04400000000000E+0001  1.46318359375000E+0000 -1.57324218750000E-0001 
 4.09400000000000E+0001  1.45478515625000E+0000 -1.46777343750000E-0001 
 4.14400000000000E+0001  1.44638671875000E+0000 -1.35839843750000E-0001 
 4.19400000000000E+0001  1.43916015625000E+0000 -1.25000000000000E-0001 
 4.24400000000000E+0001  1.43398437500000E+0000 -1.14453125000000E-0001 
 4.29400000000000E+0001  1.42822265625000E+0000 -1.08105468750000E-0001 
 4.34400000000000E+0001  1.42382812500000E+0000 -1.04589843749999E-0001 
 4.39400000000000E+0001  1.41738281250000E+0000 -1.01074218750000E-0001 
 4.44400000000000E+0001  1.40996093750000E+0000 -1.01074218749999E-0001 
 4.49400000000000E+0001  1.39755859375000E+0000 -1.06933593750000E-0001 
 4.54400000000000E+0001  1.38105468750000E+0000 -1.15722656250000E-0001 
 4.59400000000000E+0001  1.36181640625000E+0000 -1.23339843749999E-0001 
 4.64400000000000E+0001  1.33730468750000E+0000 -1.34277343750000E-0001 
 4.69400000000000E+0001  1.30947265625000E+0000 -1.43164062500000E-0001 
 4.74400000000000E+0001  1.27880859375000E+0000 -1.49023437500000E-0001 
 4.79400000000000E+0001  1.24775390625000E+0000 -1.48828125000000E-0001 
 4.84400000000000E+0001  1.21816406250000E+0000 -1.47363281250000E-0001 
 4.89400000000000E+0001  1.18798828125000E+0000 -1.43457031250000E-0001 
 4.94400000000000E+0001  1.16005859375000E+0000 -1.37597656250000E-0001 
 4.99400000000000E+0001  1.13154296875000E+0000 -1.32714843750000E-0001 
 5.04400000000000E+0001  1.10380859375000E+0000 -1.31250000000000E-0001 
 5.09400000000000E+0001  1.07636718750000E+0000 -1.33105468750000E-0001 
 5.14400000000000E+0001  1.04687500000000E+0000 -1.34667968750000E-0001 
 5.19400000000000E+0001  1.01855468750000E+0000 -1.38671875000000E-0001 
 5.24400000000000E+0001  9.89453125000000E-0001 -1.43554687500000E-0001 
 5.29400000000000E+0001  9.59277343750000E-0001 -1.50097656250000E-0001 
 5.34400000000000E+0001  9.31542968750000E-0001 -1.53906250000000E-0001 
 5.39400000000000E+0001  9.01757812500000E-0001 -1.54003906250000E-0001 
 5.44400000000000E+0001  8.76660156250000E-0001 -1.52246093750000E-0001 
 5.49400000000000E+0001  8.53320312500001E-0001 -1.45996093750000E-0001 
 5.54400000000000E+0001  8.31054687500000E-0001 -1.38085937500000E-0001 
 5.59400000000000E+0001  8.13476562500000E-0001 -1.26464843750000E-0001 
 5.64400000000000E+0001  7.95898437500000E-0001 -1.15722656250000E-0001 
 5.69400000000000E+0001  7.78417968750001E-0001 -1.08105468750000E-0001 
 5.74400000000000E+0001  7.63867187500001E-0001 -1.01855468750000E-0001 
 5.79400000000000E+0001  7.47949218750001E-0001 -9.93164062500000E-0002 
 5.84400000000000E+0001  7.34179687500000E-0001 -1.01171874999999E-0001 
 5.89400000000000E+0001  7.18945312500001E-0001 -1.05566406250000E-0001 
 5.94400000000000E+0001  7.06542968750000E-0001 -1.09570312499999E-0001 
 5.99400000000000E+0001  6.94921875000001E-0001 -1.10546875000000E-0001 
 6.04400000000000E+0001  6.82128906250000E-0001 -1.09667968749999E-0001 
 6.09400000000000E+0001  6.72753906250000E-0001 -1.06347656250000E-0001 
 6.14400000000000E+0001  6.65136718750001E-0001 -9.98046875000000E-0002 
 6.19400000000000E+0001  6.59960937500001E-0001 -9.14062500000001E-0002 
 6.24400000000000E+0001  6.58398437500000E-0001 -8.65234375000000E-0002 
 6.29400000000000E+0001  6.59960937500000E-0001 -8.22265625000000E-0002 
 6.34400000000000E+0001  6.63671874999999E-0001 -8.13476562500000E-0002 
 6.39400000000000E+0001  6.68847656250000E-0001 -8.11523437500000E-0002 
 6.44400000000000E+0001  6.76269531250000E-0001 -8.34960937500001E-0002 
 6.49400000000000E+0001  6.82128906250000E-0001 -8.69140625000000E-0002 
 6.54400000000000E+0001  6.88476562500000E-0001 -9.03320312500000E-0002 
 6.59400000000000E+0001  6.94531250000000E-0001 -9.52148437500002E-0002 
 6.64400000000000E+0001  6.99804687500000E-0001 -1.00976562500000E-0001 
 6.69400000000000E+0001  7.05078125000000E-0001 -1.09082031250000E-0001 
 6.74400000000000E+0001  7.10449218750001E-0001 -1.17871093750000E-0001 
 6.79400000000000E+0001  7.17871093749999E-0001 -1.22851562500000E-0001 
 6.84400000000000E+0001  7.25390625000000E-0001 -1.28222656250000E-0001 
 6.89400000000000E+0001  7.32617187499999E-0001 -1.30468750000000E-0001 
 6.94400000000000E+0001  7.35058593750000E-0001 -1.31835937500000E-0001 
 6.99400000000000E+0001  7.39746093750000E-0001 -1.30468750000000E-0001 
 7.04400000000000E+0001  7.44628906250000E-0001 -1.30664062500000E-0001 
 7.09400000000000E+0001  7.44824218749999E-0001 -1.33105468750000E-0001 
 7.14400000000000E+0001  7.44433593750001E-0001 -1.30761718750000E-0001 
 7.19400000000000E+0001  7.43066406250000E-0001 -1.31542968750000E-0001 
 7.24400000000000E+0001  7.40820312500000E-0001 -1.31542968750000E-0001 
 7.29400000000000E+0001  7.36816406250000E-0001 -1.31933593750000E-0001 
 7.34400000000000E+0001  7.31347656250000E-0001 -1.29687500000000E-0001 
 7.39400000000000E+0001  7.25683593750000E-0001 -1.27734375000000E-0001 
 7.44400000000000E+0001  7.16308593750000E-0001 -1.21875000000000E-0001 
 7.49400000000000E+0001  7.06835937500000E-0001 -1.18554687500000E-0001 
 7.54400000000000E+0001  6.93652343750001E-0001 -1.09570312500000E-0001 
 7.59400000000000E+0001  6.83007812500000E-0001 -9.79492187499999E-0002 
 7.64400000000000E+0001  6.71582031250000E-0001 -8.68164062500001E-0002 
 7.69400000000000E+0001  6.61425781250000E-0001 -7.54882812500000E-0002 
 7.74400000000000E+0001  6.52832031250000E-0001 -6.47460937500000E-0002 
 7.79400000000000E+0001  6.49609375000000E-0001 -5.71289062500000E-0002 
 7.84400000000000E+0001  6.43261718750000E-0001 -5.21484375000000E-0002 
 7.89400000000000E+0001  6.40722656250000E-0001 -4.96093750000000E-0002 
 7.94400000000000E+0001  6.36132812500000E-0001 -4.85351562500000E-0002 
 7.99400000000000E+0001  6.33007812500000E-0001 -4.85351562500000E-0002 
 8.04400000000000E+0001  6.30468750000001E-0001 -4.59960937500000E-0002 
 8.09400000000000E+0001  6.24707031250000E-0001 -4.14062500000000E-0002 
 8.14400000000000E+0001  6.18261718750000E-0001 -3.33007812500000E-0002 
 8.19400000000000E+0001  6.12500000000000E-0001 -2.45117187500000E-0002 
 8.24400000000000E+0001  6.07324218750000E-0001 -1.43554687500000E-0002 
 8.29400000000000E+0001  6.01855468750000E-0001 -6.05468750000000E-0003 
 8.34400000000000E+0001  5.97265625000000E-0001  2.92968750000000E-0003 
 8.39400000000000E+0001  5.95019531250000E-0001  9.37500000000000E-0003 
 8.44400000000000E+0001  5.96289062500000E-0001  1.65039062500000E-0002 
 8.49400000000000E+0001  5.96191406250001E-0001  2.18750000000000E-0002 
 8.54400000000000E+0001  5.95214843750000E-0001  2.25585937500000E-0002 
 8.59400000000000E+0001  5.90039062500000E-0001  2.44140625000000E-0002 
 8.64400000000000E+0001  5.84277343750000E-0001  2.19726562500000E-0002 
 8.69400000000000E+0001  5.75488281249999E-0001  1.99218750000000E-0002 
 8.74400000000000E+0001  5.64355468750000E-0001  1.61132812500000E-0002 
 8.79400000000000E+0001  5.51757812500000E-0001  1.11328125000000E-0002 
 8.84400000000000E+0001  5.37402343750000E-0001  7.42187500000003E-0003 
 8.89400000000000E+0001  5.25488281250001E-0001  3.71093749999999E-0003 
 8.94400000000000E+0001  5.16406250000001E-0001  1.95312500000003E-0003 
 8.99400000000000E+0001  5.07910156250000E-0001 -5.85937500000012E-0004 
 9.04400000000000E+0001  5.03710937500000E-0001 -4.29687499999998E-0003 
 9.09400000000000E+0001  5.01464843750000E-0001 -1.09375000000000E-0002 
 9.14400000000000E+0001  5.00781250000000E-0001 -1.69921875000000E-0002 
 9.19400000000000E+0001  5.02050781250000E-0001 -2.60742187500000E-0002 
 9.24400000000000E+0001  5.04101562500000E-0001 -3.75976562500000E-0002 
 9.29400000000000E+0001  5.05468750000000E-0001 -5.02929687500000E-0002 
 9.34400000000000E+0001  5.04980468749999E-0001 -6.39648437500000E-0002 
 9.39400000000000E+0001  5.03027343750000E-0001 -7.47070312500000E-0002 
 9.44400000000000E+0001  5.03222656250000E-0001 -8.49609374999999E-0002 
 9.49400000000000E+0001  5.02148437500000E-0001 -9.40429687500000E-0002 
 9.54400000000000E+0001  5.01367187500000E-0001 -9.82421875000000E-0002 
 9.59400000000000E+0001  5.03222656250000E-0001 -9.97070312499999E-0002 
 9.64400000000000E+0001  5.06738281250000E-0001 -9.99023437500000E-0002 
 9.69400000000000E+0001  5.09960937500000E-0001 -9.77539062500001E-0002 
 9.74400000000000E+0001  5.14160156250001E-0001 -9.42382812499999E-0002 
 9.79400000000000E+0001  5.15625000000000E-0001 -9.00390625000001E-0002 
 9.84400000000000E+0001  5.17871093750000E-0001 -8.70117187499999E-0002 
 9.89400000000000E+0001  5.17871093750000E-0001 -8.13476562500001E-0002 
 9.94400000000000E+0001  5.16894531250000E-0001 -7.79296875000000E-0002 
 9.99400000000000E+0001  5.16210937500000E-0001 -7.36328124999999E-0002 
 1.00440000000000E+0002  5.15332031250000E-0001 -6.94335937500001E-0002 
 1.00940000000000E+0002  5.13574218750000E-0001 -6.32812500000000E-0002 
 1.01440000000000E+0002  5.11425781250000E-0001 -5.48828125000000E-0002 
 1.01940000000000E+0002  5.12011718750000E-0001 -4.69726562500001E-0002 
 1.02440000000000E+0002  5.11425781250000E-0001 -3.77929687500000E-0002 
 1.02940000000000E+0002  5.10156250000000E-0001 -2.91992187500000E-0002 
