 0.00000000000000E+0000 -3.98559570312500E-0002 -3.02093505859375E-0001 
 5.00000000000000E-0001 -9.85717773437500E-0002 -1.78283691406250E-0001 
 1.00000000000000E+0000 -1.64489746093750E-0001  3.79638671875000E-0002 
 1.50000000000000E+0000 -2.07305908203125E-0001  2.79327392578125E-0001 
 2.00000000000000E+0000 -2.12402343750000E-0001  4.44061279296875E-0001 
 2.50000000000000E+0000 -1.96960449218750E-0001  5.30822753906250E-0001 
 3.00000000000000E+0000 -1.49871826171875E-0001  5.66192626953125E-0001 
 3.50000000000000E+0000 -6.79931640625000E-0002  5.49377441406250E-0001 
 4.00000000000000E+0000  2.43225097656250E-0002  4.92980957031250E-0001 
 4.50000000000000E+0000  1.26251220703125E-0001  4.20227050781250E-0001 
 5.00000000000000E+0000  2.47863769531250E-0001  3.30749511718750E-0001 
 5.50000000000000E+0000  3.66577148437500E-0001  2.20520019531250E-0001 
 6.00000000000000E+0000  4.41894531250000E-0001  1.07543945312500E-0001 
 6.50000000000000E+0000  4.55017089843750E-0001  6.50024414062500E-0003 
 7.00000000000000E+0000  4.00604248046875E-0001 -8.35571289062500E-0002 
 7.50000000000000E+0000  2.77618408203125E-0001 -1.54968261718750E-0001 
 8.00000000000000E+0000  1.16302490234375E-0001 -1.95617675781250E-0001 
 8.50000000000000E+0000 -3.42102050781250E-0002 -2.11181640625000E-0001 
 9.00000000000000E+0000 -1.53503417968750E-0001 -2.08984375000000E-0001 
 9.50000000000000E+0000 -2.31353759765625E-0001 -1.85943603515625E-0001 
 1.00000000000000E+0001 -2.53631591796875E-0001 -1.43310546875000E-0001 
 1.05000000000000E+0001 -2.22900390625000E-0001 -8.28247070312500E-0002 
 1.10000000000000E+0001 -1.64276123046875E-0001 -6.68334960937500E-0003 
 1.15000000000000E+0001 -9.91210937500000E-0002  7.22045898437500E-0002 
 1.20000000000000E+0001 -2.78015136718750E-0002  1.34460449218750E-0001 
 1.25000000000000E+0001  5.37109375000000E-0002  1.70440673828125E-0001 
 1.30000000000000E+0001  1.50451660156250E-0001  1.68579101562500E-0001 
 1.35000000000000E+0001  2.60711669921875E-0001  1.13098144531250E-0001 
 1.40000000000000E+0001  3.67858886718750E-0001  2.14538574218750E-0002 
 1.45000000000000E+0001  4.53643798828125E-0001 -7.03430175781250E-0002 
 1.50000000000000E+0001  5.08300781250000E-0001 -1.46728515625000E-0001 
 1.55000000000000E+0001  5.20263671875000E-0001 -2.04742431640625E-0001 
 1.60000000000000E+0001  4.69055175781250E-0001 -2.30255126953125E-0001 
 1.65000000000000E+0001  3.51043701171875E-0001 -2.16339111328125E-0001 
 1.70000000000000E+0001  1.90582275390625E-0001 -1.80236816406250E-0001 
 1.75000000000000E+0001  1.66320800781250E-0002 -1.42913818359375E-0001 
 1.80000000000000E+0001 -1.52130126953125E-0001 -1.07177734375000E-0001 
 1.85000000000000E+0001 -2.94830322265625E-0001 -7.58972167968750E-0002 
 1.90000000000000E+0001 -3.89892578125000E-0001 -4.99877929687500E-0002 
 1.95000000000000E+0001 -4.29290771484375E-0001 -1.52893066406250E-0002 
 2.00000000000000E+0001 -4.16625976562500E-0001  3.79943847656250E-0002 
 2.05000000000000E+0001 -3.60321044921875E-0001  9.99450683593750E-0002 
 2.10000000000000E+0001 -2.77496337890625E-0001  1.61743164062500E-0001 
 2.15000000000000E+0001 -1.85821533203125E-0001  2.21954345703125E-0001 
 2.20000000000000E+0001 -9.64660644531250E-0002  2.64282226562500E-0001 
 2.25000000000000E+0001 -1.69677734375000E-0002  2.66204833984375E-0001 
 2.30000000000000E+0001  4.02526855468750E-0002  2.28881835937500E-0001 
 2.35000000000000E+0001  7.08312988281250E-0002  1.70257568359375E-0001 
 2.40000000000000E+0001  8.28552246093750E-0002  1.00372314453125E-0001 
 2.45000000000000E+0001  8.36181640625000E-0002  2.43225097656250E-0002 
 2.50000000000000E+0001  7.16552734375000E-0002 -4.20227050781250E-0002 
 2.55000000000000E+0001  5.01403808593750E-0002 -8.86535644531250E-0002 
 2.60000000000000E+0001  2.79235839843750E-0002 -1.23992919921875E-0001 
 2.65000000000000E+0001  3.99780273437500E-0003 -1.55426025390625E-0001 
 2.70000000000000E+0001 -2.62451171875000E-0002 -1.77246093750000E-0001 
 2.75000000000000E+0001 -6.12182617187500E-0002 -1.88720703125000E-0001 
 2.80000000000000E+0001 -9.56115722656250E-0002 -1.92291259765625E-0001 
 2.85000000000000E+0001 -1.22039794921875E-0001 -1.81488037109375E-0001 
 2.90000000000000E+0001 -1.31988525390625E-0001 -1.52587890625000E-0001 
 2.95000000000000E+0001 -1.22985839843750E-0001 -1.10931396484375E-0001 
 3.00000000000000E+0001 -9.73205566406250E-0002 -6.38732910156250E-0002 
 3.05000000000000E+0001 -6.56127929687500E-0002 -1.64184570312500E-0002 
 3.10000000000000E+0001 -3.36608886718750E-0002  2.71301269531250E-0002 
 3.15000000000000E+0001 -5.92041015625000E-0003  5.56945800781250E-0002 
 3.20000000000000E+0001  1.21765136718750E-0002  6.94580078125000E-0002 
 3.25000000000000E+0001  2.38037109375000E-0002  7.17773437500000E-0002 
 3.30000000000000E+0001  3.36608886718750E-0002  6.29882812500000E-0002 
 3.35000000000000E+0001  4.43115234375000E-0002  4.14123535156250E-0002 
 3.40000000000000E+0001  5.47790527343750E-0002  1.17187500000000E-0002 
 3.45000000000000E+0001  6.20727539062500E-0002 -1.48925781250000E-0002 
 3.50000000000000E+0001  6.16149902343750E-0002 -3.64074707031250E-0002 
 3.55000000000000E+0001  4.87365722656250E-0002 -5.66101074218750E-0002 
 3.60000000000000E+0001  2.45056152343750E-0002 -7.20214843750000E-0002 
 3.65000000000000E+0001 -4.45556640625000E-0003 -7.69958496093750E-0002 
 3.70000000000000E+0001 -3.64379882812500E-0002 -7.30285644531250E-0002 
 3.75000000000000E+0001 -6.93359375000000E-0002 -6.65283203125000E-0002 
 3.80000000000000E+0001 -9.73510742187500E-0002 -5.64575195312500E-0002 
 3.85000000000000E+0001 -1.13128662109375E-0001 -4.00390625000000E-0002 
 3.90000000000000E+0001 -1.15875244140625E-0001 -2.03247070312500E-0002 
 3.95000000000000E+0001 -1.08947753906250E-0001 -4.11987304687500E-0003 
 4.00000000000000E+0001 -9.39636230468750E-0002  6.01196289062500E-0003 
 4.05000000000000E+0001 -7.35778808593750E-0002  8.85009765625000E-0003 
 4.10000000000000E+0001 -5.15136718750000E-0002  5.52368164062500E-0003 
 4.15000000000000E+0001 -3.01208496093750E-0002 -3.90625000000000E-0003 
 4.20000000000000E+0001 -1.30615234375000E-0002 -1.81884765625000E-0002 
 4.25000000000000E+0001 -3.72314453125000E-0003 -3.29284667968750E-0002 
 4.30000000000000E+0001 -8.54492187500000E-0004 -4.36096191406250E-0002 
 4.35000000000000E+0001 -1.00708007812500E-0003 -4.48303222656250E-0002 
 4.40000000000000E+0001 -1.09863281250000E-0003 -4.07714843750000E-0002 
 4.45000000000000E+0001 -5.40161132812500E-0003 -3.38745117187500E-0002 
 4.50000000000000E+0001 -1.56555175781250E-0002 -2.09655761718750E-0002 
 4.55000000000000E+0001 -2.59704589843750E-0002 -4.73022460937500E-0003 
 4.60000000000000E+0001 -3.54003906250000E-0002  6.77490234375000E-0003 
 4.65000000000000E+0001 -4.40673828125000E-0002  1.10168457031250E-0002 
 4.70000000000000E+0001 -4.98962402343750E-0002  9.03320312500000E-0003 
 4.75000000000000E+0001 -4.79736328125000E-0002  3.47900390625000E-0003 
 4.80000000000000E+0001 -3.73840332031250E-0002 -4.73022460937500E-0003 
 4.85000000000000E+0001 -2.24609375000000E-0002 -1.26953125000000E-0002 
 4.90000000000000E+0001 -1.46484375000000E-0003 -2.05078125000000E-0002 
 4.95000000000000E+0001  2.13928222656250E-0002 -3.40881347656250E-0002 
 5.00000000000000E+0001  3.46069335937500E-0002 -5.12084960937500E-0002 
 5.05000000000000E+0001  3.22875976562500E-0002 -6.38732910156250E-0002 
 5.10000000000000E+0001  2.11486816406250E-0002 -7.10144042968750E-0002 
 5.15000000000000E+0001  1.00708007812500E-0002 -7.51953125000000E-0002 
 5.20000000000000E+0001 -1.73950195312500E-0003 -7.50732421875000E-0002 
 5.25000000000000E+0001 -1.40686035156250E-0002 -6.65283203125000E-0002 
 5.30000000000000E+0001 -2.31933593750000E-0002 -5.20019531250000E-0002 
 5.35000000000000E+0001 -2.80761718750000E-0002 -3.82995605468750E-0002 
 5.40000000000000E+0001 -3.32641601562500E-0002 -2.47497558593750E-0002 
 5.45000000000000E+0001 -4.49829101562500E-0002 -7.32421875000000E-0003 
 5.50000000000000E+0001 -5.92956542968750E-0002  1.40686035156250E-0002 
 5.55000000000000E+0001 -6.94274902343750E-0002  3.22265625000000E-0002 
 5.60000000000000E+0001 -7.42187500000000E-0002  4.00695800781250E-0002 
 5.65000000000000E+0001 -7.70874023437500E-0002  3.91235351562500E-0002 
 5.70000000000000E+0001 -7.33032226562500E-0002  3.42102050781250E-0002 
 5.75000000000000E+0001 -6.00280761718750E-0002  2.59704589843750E-0002 
 5.80000000000000E+0001 -3.99780273437500E-0002  1.60217285156250E-0002 
 5.85000000000000E+0001 -1.85546875000000E-0002  8.05664062500000E-0003 
 5.90000000000000E+0001  3.93676757812500E-0003  3.60107421875000E-0003 
 5.95000000000000E+0001  2.58483886718750E-0002 -7.62939453125000E-0004 
 6.00000000000000E+0001  4.09545898437500E-0002 -1.03149414062500E-0002 
 6.05000000000000E+0001  4.33959960937500E-0002 -2.52380371093750E-0002 
 6.10000000000000E+0001  3.67126464843750E-0002 -4.10461425781250E-0002 
 6.15000000000000E+0001  2.64587402343750E-0002 -5.50231933593750E-0002 
 6.20000000000000E+0001  1.41601562500000E-0002 -6.38122558593750E-0002 
 6.25000000000000E+0001  2.68554687500000E-0003 -6.82067871093750E-0002 
 6.30000000000000E+0001 -8.75854492187500E-0003 -6.58874511718750E-0002 
 6.35000000000000E+0001 -1.93786621093750E-0002 -5.72204589843750E-0002 
 6.40000000000000E+0001 -2.99377441406250E-0002 -4.54101562500000E-0002 
 6.45000000000000E+0001 -3.54003906250000E-0002 -3.23181152343750E-0002 
 6.50000000000000E+0001 -3.13110351562500E-0002 -2.00500488281250E-0002 
 6.55000000000000E+0001 -2.40173339843750E-0002 -1.11389160156250E-0002 
 6.60000000000000E+0001 -1.95617675781250E-0002 -5.00488281250000E-0003 
 6.65000000000000E+0001 -1.51977539062500E-0002  1.55639648437500E-0003 
 6.70000000000000E+0001 -9.00268554687500E-0003  9.85717773437500E-0003 
 6.75000000000000E+0001 -3.84521484375000E-0003  1.81884765625000E-0002 
 6.80000000000000E+0001 -3.35693359375000E-0003  2.19726562500000E-0002 
 6.85000000000000E+0001 -5.61523437500000E-0003  2.03552246093750E-0002 
 6.90000000000000E+0001 -4.88281250000000E-0003  8.66699218750000E-0003 
 6.95000000000000E+0001 -1.58691406250000E-0003 -1.53808593750000E-0002 
 7.00000000000000E+0001 -3.35693359375000E-0004 -4.56848144531250E-0002 
 7.05000000000000E+0001 -5.67626953125000E-0003 -7.46459960937500E-0002 
 7.10000000000000E+0001 -1.48620605468750E-0002 -9.35668945312500E-0002 
 7.15000000000000E+0001 -2.01416015625000E-0002 -1.00891113281250E-0001 
 7.20000000000000E+0001 -1.99584960937500E-0002 -9.81750488281250E-0002 
 7.25000000000000E+0001 -1.80053710937500E-0002 -8.51135253906250E-0002 
 7.30000000000000E+0001 -1.69982910156250E-0002 -6.80847167968750E-0002 
 7.35000000000000E+0001 -1.46789550781250E-0002 -5.05371093750000E-0002 
 7.40000000000000E+0001 -7.75146484375000E-0003 -3.51257324218750E-0002 
 7.45000000000000E+0001  1.67846679687500E-0003 -2.54516601562500E-0002 
 7.50000000000000E+0001  8.72802734375000E-0003 -2.23999023437500E-0002 
 7.55000000000000E+0001  9.30786132812500E-0003 -2.23083496093750E-0002 
 7.60000000000000E+0001  7.11059570312500E-0003 -2.14233398437500E-0002 
 7.65000000000000E+0001  5.98144531250000E-0003 -2.09045410156250E-0002 
 7.70000000000000E+0001  4.76074218750000E-0003 -2.11181640625000E-0002 
 7.75000000000000E+0001 -6.71386718750000E-0004 -1.84631347656250E-0002 
 7.80000000000000E+0001 -5.67626953125000E-0003 -1.06506347656250E-0002 
 7.85000000000000E+0001 -7.14111328125000E-0003 -3.35693359375000E-0003 
 7.90000000000000E+0001 -5.73730468750000E-0003  1.34277343750000E-0003 
 7.95000000000000E+0001 -2.01416015625000E-0003  3.72314453125000E-0003 
 8.00000000000000E+0001  2.80761718750000E-0003  3.87573242187500E-0003 
 8.05000000000000E+0001  6.56127929687500E-0003  8.54492187500000E-0004 
 8.10000000000000E+0001  6.34765625000000E-0003 -3.93676757812500E-0003 
 8.15000000000000E+0001  2.68554687500000E-0003 -9.61303710937500E-0003 
 8.20000000000000E+0001 -2.07519531250000E-0003 -1.72119140625000E-0002 
 8.25000000000000E+0001 -1.11694335937500E-0002 -2.53906250000000E-0002 
 8.30000000000000E+0001 -2.14538574218750E-0002 -3.04870605468750E-0002 
 8.35000000000000E+0001 -2.80761718750000E-0002 -3.42102050781250E-0002 
 8.40000000000000E+0001 -2.64892578125000E-0002 -3.71093750000000E-0002 
 8.45000000000000E+0001 -1.80053710937500E-0002 -3.94592285156250E-0002 
 8.50000000000000E+0001 -7.14111328125000E-0003 -4.16870117187500E-0002 
 8.55000000000000E+0001 -1.52587890625000E-0003 -4.62951660156250E-0002 
 8.60000000000000E+0001 -1.89208984375000E-0003 -4.95605468750000E-0002 
 8.65000000000000E+0001 -4.45556640625000E-0003 -4.90417480468750E-0002 
 8.70000000000000E+0001 -8.33129882812500E-0003 -4.83703613281250E-0002 
 8.75000000000000E+0001 -1.61743164062500E-0002 -5.01708984375000E-0002 
 8.80000000000000E+0001 -2.84729003906250E-0002 -5.11474609375000E-0002 
 8.85000000000000E+0001 -3.92150878906250E-0002 -4.91943359375000E-0002 
 8.90000000000000E+0001 -4.54711914062500E-0002 -4.55322265625000E-0002 
 8.95000000000000E+0001 -4.81872558593750E-0002 -3.92456054687500E-0002 
 9.00000000000000E+0001 -4.91027832031250E-0002 -3.14636230468750E-0002 
 9.05000000000000E+0001 -4.73327636718750E-0002 -2.29797363281250E-0002 
 9.10000000000000E+0001 -4.21752929687500E-0002 -1.51367187500000E-0002 
 9.15000000000000E+0001 -3.47595214843750E-0002 -9.94873046875000E-0003 
 9.20000000000000E+0001 -2.57263183593750E-0002 -9.24682617187500E-0003 
 9.25000000000000E+0001 -1.67236328125000E-0002 -1.15356445312500E-0002 
 9.30000000000000E+0001 -1.00402832031250E-0002 -1.43737792968750E-0002 
 9.35000000000000E+0001 -7.56835937500000E-0003 -1.54113769531250E-0002 
 9.40000000000000E+0001 -4.88281250000000E-0003 -1.37023925781250E-0002 
 9.45000000000000E+0001  9.15527343750000E-0005 -1.37939453125000E-0002 
 9.50000000000000E+0001  2.50244140625000E-0003 -1.80053710937500E-0002 
 9.55000000000000E+0001  5.79833984375000E-0004 -2.78015136718750E-0002 
 9.60000000000000E+0001 -5.73730468750000E-0003 -3.69873046875000E-0002 
 9.65000000000000E+0001 -8.88061523437500E-0003 -3.91845703125000E-0002 
 9.70000000000000E+0001 -8.88061523437500E-0003 -3.90319824218750E-0002 
 9.75000000000000E+0001 -1.14746093750000E-0002 -3.66821289062500E-0002 
 9.80000000000000E+0001 -1.69982910156250E-0002 -2.82592773437500E-0002 
 9.85000000000000E+0001 -2.41699218750000E-0002 -1.58081054687500E-0002 
 9.90000000000000E+0001 -3.09143066406250E-0002 -5.12695312500000E-0003 
 9.95000000000000E+0001 -3.93981933593750E-0002 -2.53295898437500E-0003 
 1.00000000000000E+0002 -4.66918945312500E-0002 -3.57055664062500E-0003 
 1.00500000000000E+0002 -4.66003417968750E-0002 -8.51440429687500E-0003 
 1.01000000000000E+0002 -4.32739257812500E-0002 -1.89514160156250E-0002 
 1.01500000000000E+0002 -4.10156250000000E-0002 -3.04260253906250E-0002 
 1.02000000000000E+0002 -4.00695800781250E-0002 -4.02526855468750E-0002 
 1.02500000000000E+0002 -4.22363281250000E-0002 -4.49829101562500E-0002 
 1.03000000000000E+0002 -4.63562011718750E-0002 -4.33044433593750E-0002 
 1.03500000000000E+0002 -5.26733398437500E-0002 -3.61328125000000E-0002 
 1.04000000000000E+0002 -5.88378906250000E-0002 -2.88085937500000E-0002 
 1.04500000000000E+0002 -6.27441406250000E-0002 -2.39257812500000E-0002 
 1.05000000000000E+0002 -5.97229003906250E-0002 -1.89514160156250E-0002 
 1.05500000000000E+0002 -5.06591796875000E-0002 -1.75781250000000E-0002 
 1.06000000000000E+0002 -4.35791015625000E-0002 -2.03552246093750E-0002 
 1.06500000000000E+0002 -3.75366210937500E-0002 -2.27355957031250E-0002 
 1.07000000000000E+0002 -2.55126953125000E-0002 -2.15148925781250E-0002 
 1.07500000000000E+0002 -9.27734375000000E-0003 -2.09350585937500E-0002 
 1.08000000000000E+0002  3.17382812500000E-0003 -2.33154296875000E-0002 
 1.08500000000000E+0002  8.08715820312500E-0003 -2.85949707031250E-0002 
 1.09000000000000E+0002  7.20214843750000E-0003 -3.48205566406250E-0002 
 1.09500000000000E+0002  4.57763671875000E-0004 -3.95812988281250E-0002 
 1.10000000000000E+0002 -1.02233886718750E-0002 -4.18090820312500E-0002 
 1.10500000000000E+0002 -1.82495117187500E-0002 -4.33349609375000E-0002 
 1.11000000000000E+0002 -2.32543945312500E-0002 -4.71496582031250E-0002 
 1.11500000000000E+0002 -2.56042480468750E-0002 -5.06896972656250E-0002 
 1.12000000000000E+0002 -2.52990722656250E-0002 -5.04455566406250E-0002 
 1.12500000000000E+0002 -2.21862792968750E-0002 -4.52270507812500E-0002 
 1.13000000000000E+0002 -1.93176269531250E-0002 -3.82080078125000E-0002 
 1.13500000000000E+0002 -2.02331542968750E-0002 -3.11279296875000E-0002 
 1.14000000000000E+0002 -2.05688476562500E-0002 -1.97753906250000E-0002 
 1.14500000000000E+0002 -1.60827636718750E-0002 -6.77490234375000E-0003 
 1.15000000000000E+0002 -8.60595703125000E-0003  2.22778320312500E-0003 
 1.15500000000000E+0002 -1.80053710937500E-0003  4.39453125000000E-0003 
 1.16000000000000E+0002  4.79125976562500E-0003  3.32641601562500E-0003 
 1.16500000000000E+0002  1.04675292968750E-0002  3.66210937500000E-0003 
 1.17000000000000E+0002  1.48925781250000E-0002  4.18090820312500E-0003 
 1.17500000000000E+0002  1.53198242187500E-0002  1.03759765625000E-0003 
 1.18000000000000E+0002  1.10168457031250E-0002 -6.62231445312500E-0003 
 1.18500000000000E+0002  4.76074218750000E-0003 -1.37634277343750E-0002 
 1.19000000000000E+0002  3.96728515625000E-0004 -1.90124511718750E-0002 
 1.19500000000000E+0002 -7.93457031250000E-0004 -2.34680175781250E-0002 
 1.20000000000000E+0002 -1.19018554687500E-0003 -2.62756347656250E-0002 
 1.20500000000000E+0002  5.79833984375000E-0004 -2.50549316406250E-0002 
 1.21000000000000E+0002  5.73730468750000E-0003 -2.26135253906250E-0002 
 1.21500000000000E+0002  9.36889648437500E-0003 -2.30102539062500E-0002 
 1.22000000000000E+0002  6.01196289062500E-0003 -2.51464843750000E-0002 
 1.22500000000000E+0002  5.79833984375000E-0004 -2.98461914062500E-0002 
 1.23000000000000E+0002 -5.31005859375000E-0003 -3.80554199218750E-0002 
 1.23500000000000E+0002 -1.61437988281250E-0002 -4.39147949218750E-0002 
 1.24000000000000E+0002 -2.92968750000000E-0002 -4.20532226562500E-0002 
 1.24500000000000E+0002 -3.67736816406250E-0002 -3.29895019531250E-0002 
 1.25000000000000E+0002 -3.79028320312500E-0002 -1.85241699218750E-0002 
 1.25500000000000E+0002 -3.88488769531250E-0002 -8.85009765625000E-0004 
 1.26000000000000E+0002 -3.96118164062500E-0002  1.44042968750000E-0002 
 1.26500000000000E+0002 -3.79638671875000E-0002  2.22167968750000E-0002 
 1.27000000000000E+0002 -3.60107421875000E-0002  2.31323242187500E-0002 
 1.27500000000000E+0002 -3.68041992187500E-0002  1.94091796875000E-0002 
 1.28000000000000E+0002 -4.07714843750000E-0002  1.31530761718750E-0002 
 1.28500000000000E+0002 -4.46166992187500E-0002  8.20922851562500E-0003 
 1.29000000000000E+0002 -4.48608398437500E-0002  5.88989257812500E-0003 
 1.29500000000000E+0002 -4.10156250000000E-0002  6.10351562500000E-0003 
 1.30000000000000E+0002 -3.44543457031250E-0002  4.66918945312500E-0003 
 1.30500000000000E+0002 -2.75878906250000E-0002 -1.46484375000000E-0003 
 1.31000000000000E+0002 -1.92565917968750E-0002 -1.08032226562500E-0002 
 1.31500000000000E+0002 -1.17492675781250E-0002 -1.92260742187500E-0002 
 1.32000000000000E+0002 -8.08715820312500E-0003 -2.55432128906250E-0002 
 1.32500000000000E+0002 -1.07116699218750E-0002 -3.03649902343750E-0002 
 1.33000000000000E+0002 -1.93481445312500E-0002 -2.87780761718750E-0002 
 1.33500000000000E+0002 -2.86254882812500E-0002 -2.12402343750000E-0002 
 1.34000000000000E+0002 -3.55224609375000E-0002 -1.39770507812500E-0002 
 1.34500000000000E+0002 -3.82995605468750E-0002 -6.50024414062500E-0003 
 1.35000000000000E+0002 -3.96423339843750E-0002  3.66210937500000E-0003 
 1.35500000000000E+0002 -4.03137207031250E-0002  1.58081054687500E-0002 
 1.36000000000000E+0002 -3.90319824218750E-0002  2.38342285156250E-0002 
 1.36500000000000E+0002 -3.76281738281250E-0002  3.00292968750000E-0002 
 1.37000000000000E+0002 -3.66821289062500E-0002  3.33251953125000E-0002 
 1.37500000000000E+0002 -3.95507812500000E-0002  2.66723632812500E-0002 
 1.38000000000000E+0002 -4.27551269531250E-0002  1.25122070312500E-0002 
 1.38500000000000E+0002 -4.24194335937500E-0002  6.40869140625000E-0004 
 1.39000000000000E+0002 -3.99169921875000E-0002 -7.11059570312500E-0003 
 1.39500000000000E+0002 -3.94592285156250E-0002 -1.64489746093750E-0002 
 1.40000000000000E+0002 -4.42199707031250E-0002 -2.60314941406250E-0002 
 1.40500000000000E+0002 -4.71191406250000E-0002 -2.81982421875000E-0002 
 1.41000000000000E+0002 -4.18701171875000E-0002 -2.65197753906250E-0002 
 1.41500000000000E+0002 -3.21350097656250E-0002 -3.25012207031250E-0002 
 1.42000000000000E+0002 -2.61535644531250E-0002 -4.52880859375000E-0002 
 1.42500000000000E+0002 -2.51464843750000E-0002 -5.22766113281250E-0002 
 1.43000000000000E+0002 -2.43835449218750E-0002 -5.01403808593750E-0002 
 1.43500000000000E+0002 -2.56042480468750E-0002 -4.82482910156250E-0002 
 1.44000000000000E+0002 -3.27148437500000E-0002 -4.82177734375000E-0002 
 1.44500000000000E+0002 -4.14123535156250E-0002 -4.50134277343750E-0002 
 1.45000000000000E+0002 -4.53491210937500E-0002 -3.70788574218750E-0002 
 1.45500000000000E+0002 -4.26330566406250E-0002 -3.03344726562500E-0002 
 1.46000000000000E+0002 -3.44848632812500E-0002 -2.74963378906250E-0002 
 1.46500000000000E+0002 -2.45666503906250E-0002 -2.70385742187500E-0002 
 1.47000000000000E+0002 -1.43737792968750E-0002 -2.71911621093750E-0002 
 1.47500000000000E+0002 -7.62939453125000E-0003 -2.87170410156250E-0002 
 1.48000000000000E+0002 -4.18090820312500E-0003 -3.17382812500000E-0002 
 1.48500000000000E+0002 -4.88281250000000E-0003 -3.55529785156250E-0002 
 1.49000000000000E+0002 -1.00097656250000E-0002 -3.72314453125000E-0002 
 1.49500000000000E+0002 -1.74865722656250E-0002 -3.73840332031250E-0002 
 1.50000000000000E+0002 -2.54516601562500E-0002 -3.79028320312500E-0002 
 1.50500000000000E+0002 -3.08532714843750E-0002 -4.05883789062500E-0002 
 1.51000000000000E+0002 -3.49121093750000E-0002 -4.80041503906250E-0002 
 1.51500000000000E+0002 -3.76892089843750E-0002 -5.63049316406250E-0002 
 1.52000000000000E+0002 -3.56750488281250E-0002 -6.13708496093750E-0002 
 1.52500000000000E+0002 -3.06396484375000E-0002 -6.32934570312500E-0002 
 1.53000000000000E+0002 -2.71911621093750E-0002 -6.04553222656250E-0002 
 1.53500000000000E+0002 -2.76794433593750E-0002 -5.41381835937500E-0002 
 1.54000000000000E+0002 -2.86865234375000E-0002 -4.44946289062500E-0002 
 1.54500000000000E+0002 -3.11584472656250E-0002 -3.72924804687500E-0002 
 1.55000000000000E+0002 -4.04357910156250E-0002 -3.24096679687500E-0002 
 1.55500000000000E+0002 -5.13610839843750E-0002 -2.60314941406250E-0002 
 1.56000000000000E+0002 -5.65795898437500E-0002 -2.16064453125000E-0002 
 1.56500000000000E+0002 -5.75561523437500E-0002 -2.32849121093750E-0002 
 1.57000000000000E+0002 -5.41076660156250E-0002 -2.56347656250000E-0002 
 1.57500000000000E+0002 -4.48303222656250E-0002 -2.57568359375000E-0002 
 1.58000000000000E+0002 -3.08837890625000E-0002 -2.81066894531250E-0002 
 1.58500000000000E+0002 -1.66320800781250E-0002 -3.40270996093750E-0002 
 1.59000000000000E+0002 -5.21850585937500E-0003 -3.79638671875000E-0002 
 1.59500000000000E+0002  3.29589843750000E-0003 -3.74755859375000E-0002 
 1.60000000000000E+0002  5.76782226562500E-0003 -3.57360839843750E-0002 
 1.60500000000000E+0002  2.68554687500000E-0003 -3.49121093750000E-0002 
 1.61000000000000E+0002 -2.71606445312500E-0003 -3.67126464843750E-0002 
 1.61500000000000E+0002 -8.30078125000000E-0003 -4.02526855468750E-0002 
 1.62000000000000E+0002 -1.02539062500000E-0002 -4.28771972656250E-0002 
 1.62500000000000E+0002 -7.38525390625000E-0003 -4.14733886718750E-0002 
 1.63000000000000E+0002 -3.02124023437500E-0003 -3.68957519531250E-0002 
 1.63500000000000E+0002 -1.73950195312500E-0003 -3.20434570312500E-0002 
 1.64000000000000E+0002 -6.31713867187500E-0003 -2.40478515625000E-0002 
 1.64500000000000E+0002 -1.18713378906250E-0002 -1.49841308593750E-0002 
 1.65000000000000E+0002 -2.11791992187500E-0002 -1.03149414062500E-0002 
 1.65500000000000E+0002 -3.18603515625000E-0002 -1.13220214843750E-0002 
 1.66000000000000E+0002 -3.97949218750000E-0002 -1.87683105468750E-0002 
 1.66500000000000E+0002 -4.40673828125000E-0002 -2.82592773437500E-0002 
 1.67000000000000E+0002 -4.39453125000000E-0002 -3.43017578125000E-0002 
 1.67500000000000E+0002 -4.08630371093750E-0002 -3.83300781250000E-0002 
 1.68000000000000E+0002 -3.72314453125000E-0002 -3.97644042968750E-0002 
 1.68500000000000E+0002 -3.46679687500000E-0002 -3.68652343750000E-0002 
 1.69000000000000E+0002 -3.02124023437500E-0002 -2.76794433593750E-0002 
 1.69500000000000E+0002 -2.15148925781250E-0002 -1.76086425781250E-0002 
 1.70000000000000E+0002 -1.21765136718750E-0002 -1.33056640625000E-0002 
 1.70500000000000E+0002 -1.13525390625000E-0002 -1.43127441406250E-0002 
 1.71000000000000E+0002 -1.74865722656250E-0002 -1.67846679687500E-0002 
 1.71500000000000E+0002 -2.43530273437500E-0002 -2.17895507812500E-0002 
 1.72000000000000E+0002 -3.19824218750000E-0002 -3.27453613281250E-0002 
 1.72500000000000E+0002 -4.29382324218750E-0002 -4.49829101562500E-0002 
 1.73000000000000E+0002 -5.23376464843750E-0002 -5.03845214843750E-0002 
 1.73500000000000E+0002 -5.09643554687500E-0002 -4.86755371093750E-0002 
 1.74000000000000E+0002 -4.05883789062500E-0002 -4.70275878906250E-0002 
 1.74500000000000E+0002 -2.93579101562500E-0002 -4.62646484375000E-0002 
 1.75000000000000E+0002 -1.99584960937500E-0002 -4.49523925781250E-0002 
 1.75500000000000E+0002 -1.11389160156250E-0002 -4.55627441406250E-0002 
 1.76000000000000E+0002 -6.86645507812500E-0003 -5.00183105468750E-0002 
 1.76500000000000E+0002 -1.06811523437500E-0002 -5.11169433593750E-0002 
 1.77000000000000E+0002 -1.79138183593750E-0002 -4.80346679687500E-0002 
 1.77500000000000E+0002 -2.63977050781250E-0002 -4.32739257812500E-0002 
 1.78000000000000E+0002 -3.32031250000000E-0002 -3.68652343750000E-0002 
 1.78500000000000E+0002 -3.67736816406250E-0002 -3.01818847656250E-0002 
 1.79000000000000E+0002 -4.03442382812500E-0002 -2.54821777343750E-0002 
 1.79500000000000E+0002 -4.37011718750000E-0002 -2.40173339843750E-0002 
 1.80000000000000E+0002 -4.34265136718750E-0002 -2.56347656250000E-0002 
 1.80500000000000E+0002 -4.08630371093750E-0002 -2.60314941406250E-0002 
 1.81000000000000E+0002 -3.96118164062500E-0002 -2.27661132812500E-0002 
 1.81500000000000E+0002 -4.20837402343750E-0002 -1.48925781250000E-0002 
 1.82000000000000E+0002 -4.13513183593750E-0002 -6.80541992187500E-0003 
 1.82500000000000E+0002 -3.81774902343750E-0002 -2.99072265625000E-0003 
 1.83000000000000E+0002 -3.66516113281250E-0002 -3.81469726562500E-0003 
 1.83500000000000E+0002 -3.75976562500000E-0002 -1.15966796875000E-0002 
 1.84000000000000E+0002 -3.69567871093750E-0002 -2.55432128906250E-0002 
 1.84500000000000E+0002 -3.19213867187500E-0002 -4.20837402343750E-0002 
 1.85000000000000E+0002 -2.29187011718750E-0002 -5.66711425781250E-0002 
 1.85500000000000E+0002 -1.20849609375000E-0002 -6.70166015625000E-0002 
 1.86000000000000E+0002 -3.72314453125000E-0003 -6.98852539062500E-0002 
 1.86500000000000E+0002 -1.22070312500000E-0004 -6.36291503906250E-0002 
 1.87000000000000E+0002  2.31933593750000E-0003 -5.02929687500000E-0002 
 1.87500000000000E+0002  5.24902343750000E-0003 -3.65600585937500E-0002 
 1.88000000000000E+0002  5.67626953125000E-0003 -2.68249511718750E-0002 
 1.88500000000000E+0002  3.29589843750000E-0003 -2.00195312500000E-0002 
 1.89000000000000E+0002  1.37329101562500E-0003 -1.48925781250000E-0002 
 1.89500000000000E+0002  3.78417968750000E-0003 -1.22070312500000E-0002 
 1.90000000000000E+0002  1.08947753906250E-0002 -1.39160156250000E-0002 
 1.90500000000000E+0002  1.94702148437500E-0002 -1.98059082031250E-0002 
 1.91000000000000E+0002  2.67333984375000E-0002 -2.69165039062500E-0002 
 1.91500000000000E+0002  3.06091308593750E-0002 -3.30810546875000E-0002 
 1.92000000000000E+0002  3.06396484375000E-0002 -3.63464355468750E-0002 
 1.92500000000000E+0002  2.72827148437500E-0002 -3.49426269531250E-0002 
 1.93000000000000E+0002  1.94091796875000E-0002 -2.86560058593750E-0002 
 1.93500000000000E+0002  8.97216796875000E-0003 -1.66320800781250E-0002 
 1.94000000000000E+0002 -3.96728515625000E-0004 -3.90625000000000E-0003 
 1.94500000000000E+0002 -6.77490234375000E-0003  7.75146484375000E-0003 
 1.95000000000000E+0002 -8.88061523437500E-0003  1.49230957031250E-0002 
 1.95500000000000E+0002 -1.26953125000000E-0002  1.25427246093750E-0002 
 1.96000000000000E+0002 -2.07519531250000E-0002  2.96020507812500E-0003 
 1.96500000000000E+0002 -2.74047851562500E-0002 -9.15527343750000E-0003 
 1.97000000000000E+0002 -2.97241210937500E-0002 -1.74865722656250E-0002 
 1.97500000000000E+0002 -2.94189453125000E-0002 -1.85241699218750E-0002 
 1.98000000000000E+0002 -2.65502929687500E-0002 -1.18713378906250E-0002 
 1.98500000000000E+0002 -2.05993652343750E-0002 -6.40869140625000E-0004 
 1.99000000000000E+0002 -1.44958496093750E-0002  1.03149414062500E-0002 
 1.99500000000000E+0002 -8.20922851562500E-0003  1.95617675781250E-0002 
 2.00000000000000E+0002 -2.19726562500000E-0003  2.23388671875000E-0002 
 2.00500000000000E+0002  9.15527343750000E-0004  1.72424316406250E-0002 
 2.01000000000000E+0002  1.67846679687500E-0003  7.72094726562500E-0003 
 2.01500000000000E+0002  2.71606445312500E-0003 -1.86157226562500E-0003 
 2.02000000000000E+0002  2.96020507812500E-0003 -9.27734375000000E-0003 
 2.02500000000000E+0002  1.25122070312500E-0003 -1.62048339843750E-0002 
 2.03000000000000E+0002 -1.19018554687500E-0003 -2.53906250000000E-0002 
 2.03500000000000E+0002 -3.26538085937500E-0003 -3.89404296875000E-0002 
 2.04000000000000E+0002 -1.06506347656250E-0002 -5.34973144531250E-0002 
 2.04500000000000E+0002 -2.25830078125000E-0002 -6.25610351562500E-0002 
 2.05000000000000E+0002 -3.49731445312500E-0002 -6.35070800781250E-0002 
 2.05500000000000E+0002 -4.41894531250000E-0002 -5.57250976562500E-0002 
 2.06000000000000E+0002 -5.17272949218750E-0002 -4.25109863281250E-0002 
 2.06500000000000E+0002 -5.61218261718750E-0002 -2.48107910156250E-0002 
 2.07000000000000E+0002 -5.29174804687500E-0002 -8.48388671875000E-0003 
 2.07500000000000E+0002 -4.30297851562500E-0002 -6.10351562500000E-0005 
 2.08000000000000E+0002 -3.59191894531250E-0002  2.68554687500000E-0003 
 2.08500000000000E+0002 -3.64074707031250E-0002  3.47900390625000E-0003 
 2.09000000000000E+0002 -4.06494140625000E-0002  3.32641601562500E-0003 
 2.09500000000000E+0002 -4.51049804687500E-0002 -1.15966796875000E-0003 
 2.10000000000000E+0002 -5.04455566406250E-0002 -1.06811523437500E-0002 
 2.10500000000000E+0002 -5.57250976562500E-0002 -2.16674804687500E-0002 
 2.11000000000000E+0002 -5.74951171875000E-0002 -3.59191894531250E-0002 
 2.11500000000000E+0002 -5.54809570312500E-0002 -5.21240234375000E-0002 
 2.12000000000000E+0002 -4.83093261718750E-0002 -6.66198730468750E-0002 
 2.12500000000000E+0002 -3.91845703125000E-0002 -7.51342773437500E-0002 
 2.13000000000000E+0002 -3.46069335937500E-0002 -7.56835937500000E-0002 
 2.13500000000000E+0002 -3.45764160156250E-0002 -6.75659179687500E-0002 
 2.14000000000000E+0002 -3.36914062500000E-0002 -5.31005859375000E-0002 
 2.14500000000000E+0002 -2.98767089843750E-0002 -3.66210937500000E-0002 
 2.15000000000000E+0002 -2.72827148437500E-0002 -2.24609375000000E-0002 
 2.15500000000000E+0002 -2.55126953125000E-0002 -1.31225585937500E-0002 
 2.16000000000000E+0002 -2.33459472656250E-0002 -1.19323730468750E-0002 
 2.16500000000000E+0002 -2.23693847656250E-0002 -1.87988281250000E-0002 
 2.17000000000000E+0002 -2.49023437500000E-0002 -3.23181152343750E-0002 
 2.17500000000000E+0002 -3.47900390625000E-0002 -4.84313964843750E-0002 
 2.18000000000000E+0002 -5.06591796875000E-0002 -6.31408691406250E-0002 
 2.18500000000000E+0002 -6.68945312500000E-0002 -7.12890625000000E-0002 
 2.19000000000000E+0002 -7.30285644531250E-0002 -6.79016113281250E-0002 
 2.19500000000000E+0002 -6.78710937500000E-0002 -5.88073730468750E-0002 
 2.20000000000000E+0002 -6.10351562500000E-0002 -4.69665527343750E-0002 
 2.20500000000000E+0002 -5.36804199218750E-0002 -3.27758789062500E-0002 
 2.21000000000000E+0002 -4.39758300781250E-0002 -1.96838378906250E-0002 
 2.21500000000000E+0002 -3.34167480468750E-0002 -1.28784179687500E-0002 
 2.22000000000000E+0002 -2.81066894531250E-0002 -1.50756835937500E-0002 
 2.22500000000000E+0002 -2.74047851562500E-0002 -2.22473144531250E-0002 
 2.23000000000000E+0002 -2.65502929687500E-0002 -3.08532714843750E-0002 
 2.23500000000000E+0002 -2.39868164062500E-0002 -4.26635742187500E-0002 
 2.24000000000000E+0002 -2.28576660156250E-0002 -5.26123046875000E-0002 
 2.24500000000000E+0002 -2.35900878906250E-0002 -5.55419921875000E-0002 
 2.25000000000000E+0002 -2.69470214843750E-0002 -5.31311035156250E-0002 
 2.25500000000000E+0002 -2.89306640625000E-0002 -4.87976074218750E-0002 
 2.26000000000000E+0002 -2.52685546875000E-0002 -4.40063476562500E-0002 
 2.26500000000000E+0002 -1.72119140625000E-0002 -3.83300781250000E-0002 
 2.27000000000000E+0002 -6.28662109375000E-0003 -3.30200195312500E-0002 
 2.27500000000000E+0002  4.76074218750000E-0003 -3.01818847656250E-0002 
 2.28000000000000E+0002  1.28784179687500E-0002 -2.67028808593750E-0002 
 2.28500000000000E+0002  1.64184570312500E-0002 -2.13928222656250E-0002 
 2.29000000000000E+0002  1.24206542968750E-0002 -1.68151855468750E-0002 
 2.29500000000000E+0002  2.80761718750000E-0003 -1.10168457031250E-0002 
 2.30000000000000E+0002 -4.69970703125000E-0003 -4.91333007812500E-0003 
 2.30500000000000E+0002 -9.73510742187500E-0003 -4.51660156250000E-0003 
 2.31000000000000E+0002 -1.52587890625000E-0002 -1.01013183593750E-0002 
 2.31500000000000E+0002 -2.25524902343750E-0002 -1.75476074218750E-0002 
 2.32000000000000E+0002 -2.79541015625000E-0002 -2.18505859375000E-0002 
 2.32500000000000E+0002 -2.99072265625000E-0002 -2.43530273437500E-0002 
 2.33000000000000E+0002 -3.06701660156250E-0002 -2.61535644531250E-0002 
 2.33500000000000E+0002 -2.82287597656250E-0002 -2.67028808593750E-0002 
 2.34000000000000E+0002 -1.95922851562500E-0002 -2.74658203125000E-0002 
 2.34500000000000E+0002 -7.44628906250000E-0003 -2.79235839843750E-0002 
 2.35000000000000E+0002  3.41796875000000E-0003 -2.98156738281250E-0002 
 2.35500000000000E+0002  9.42993164062500E-0003 -3.33862304687500E-0002 
 2.36000000000000E+0002  1.07116699218750E-0002 -3.88183593750000E-0002 
 2.36500000000000E+0002  6.59179687500000E-0003 -4.26330566406250E-0002 
 2.37000000000000E+0002  2.13623046875000E-0004 -4.44946289062500E-0002 
 2.37500000000000E+0002 -4.48608398437500E-0003 -4.44641113281250E-0002 
 2.38000000000000E+0002 -3.63159179687500E-0003 -4.32739257812500E-0002 
 2.38500000000000E+0002  2.83813476562500E-0003 -4.52575683593750E-0002 
 2.39000000000000E+0002  9.24682617187500E-0003 -5.08422851562500E-0002 
 2.39500000000000E+0002  1.37329101562500E-0002 -5.22155761718750E-0002 
 2.40000000000000E+0002  1.97753906250000E-0002 -4.76379394531250E-0002 
 2.40500000000000E+0002  2.66113281250000E-0002 -4.66918945312500E-0002 
 2.41000000000000E+0002  2.99377441406250E-0002 -5.00183105468750E-0002 
 2.41500000000000E+0002  2.99987792968750E-0002 -4.67529296875000E-0002 
 2.42000000000000E+0002  2.78930664062500E-0002 -3.44543457031250E-0002 
 2.42500000000000E+0002  2.42919921875000E-0002 -2.31628417968750E-0002 
 2.43000000000000E+0002  1.51367187500000E-0002 -1.74255371093750E-0002 
 2.43500000000000E+0002  3.87573242187500E-0003 -1.04370117187500E-0002 
 2.44000000000000E+0002 -5.03540039062500E-0003 -7.01904296875000E-0004 
 2.44500000000000E+0002 -9.36889648437500E-0003  5.61523437500000E-0003 
 2.45000000000000E+0002 -1.13830566406250E-0002  4.45556640625000E-0003 
 2.45500000000000E+0002 -1.17187500000000E-0002  1.43432617187500E-0003 
 2.46000000000000E+0002 -1.10168457031250E-0002 -1.61743164062500E-0003 
 2.46500000000000E+0002 -1.15966796875000E-0002 -7.01904296875000E-0003 
 2.47000000000000E+0002 -1.47705078125000E-0002 -1.21154785156250E-0002 
 2.47500000000000E+0002 -1.51672363281250E-0002 -1.41601562500000E-0002 
 2.48000000000000E+0002 -1.16577148437500E-0002 -1.42211914062500E-0002 
 2.48500000000000E+0002 -7.59887695312500E-0003 -1.56860351562500E-0002 
 2.49000000000000E+0002 -2.53295898437500E-0003 -1.60217285156250E-0002 
 2.49500000000000E+0002  2.89916992187500E-0003 -1.65100097656250E-0002 
 2.50000000000000E+0002  2.65502929687500E-0003 -2.05078125000000E-0002 
 2.50500000000000E+0002 -6.43920898437500E-0003 -2.49633789062500E-0002 
 2.51000000000000E+0002 -2.01110839843750E-0002 -2.94799804687500E-0002 
 2.51500000000000E+0002 -3.39965820312500E-0002 -3.35693359375000E-0002 
 2.52000000000000E+0002 -4.29992675781250E-0002 -3.51867675781250E-0002 
 2.52500000000000E+0002 -4.43420410156250E-0002 -3.17993164062500E-0002 
 2.53000000000000E+0002 -3.84521484375000E-0002 -2.89306640625000E-0002 
 2.53500000000000E+0002 -2.93579101562500E-0002 -2.62756347656250E-0002 
 2.54000000000000E+0002 -1.84936523437500E-0002 -2.08435058593750E-0002 
 2.54500000000000E+0002 -5.43212890625000E-0003 -1.35498046875000E-0002 
 2.55000000000000E+0002  2.34985351562500E-0003 -9.76562500000000E-0003 
 2.55500000000000E+0002  2.74658203125000E-0003 -8.94165039062500E-0003 
 2.56000000000000E+0002 -9.76562500000000E-0004 -8.48388671875000E-0003 
 2.56500000000000E+0002 -5.09643554687500E-0003 -1.14746093750000E-0002 
 2.57000000000000E+0002 -9.76562500000000E-0003 -1.91650390625000E-0002 
 2.57500000000000E+0002 -1.52587890625000E-0002 -2.73132324218750E-0002 
 2.58000000000000E+0002 -2.07214355468750E-0002 -3.41186523437500E-0002 
 2.58500000000000E+0002 -2.56347656250000E-0002 -3.93371582031250E-0002 
 2.59000000000000E+0002 -3.17382812500000E-0002 -3.96423339843750E-0002 
 2.59500000000000E+0002 -3.28369140625000E-0002 -3.45764160156250E-0002 
 2.60000000000000E+0002 -2.83813476562500E-0002 -3.08837890625000E-0002 
 2.60500000000000E+0002 -2.38037109375000E-0002 -2.91442871093750E-0002 
 2.61000000000000E+0002 -2.05993652343750E-0002 -2.64892578125000E-0002 
 2.61500000000000E+0002 -1.45263671875000E-0002 -2.46887207031250E-0002 
 2.62000000000000E+0002 -7.08007812500000E-0003 -2.65197753906250E-0002 
 2.62500000000000E+0002 -1.73950195312500E-0003 -2.80456542968750E-0002 
 2.63000000000000E+0002 -1.67846679687500E-0003 -2.56958007812500E-0002 
 2.63500000000000E+0002 -2.31933593750000E-0003 -2.12707519531250E-0002 
 2.64000000000000E+0002 -4.30297851562500E-0003 -1.86462402343750E-0002 
 2.64500000000000E+0002 -5.46264648437500E-0003 -1.85852050781250E-0002 
 2.65000000000000E+0002 -6.16455078125000E-0003 -2.31018066406250E-0002 
 2.65500000000000E+0002 -8.20922851562500E-0003 -2.99377441406250E-0002 
 2.66000000000000E+0002 -1.22985839843750E-0002 -3.47900390625000E-0002 
 2.66500000000000E+0002 -1.66015625000000E-0002 -3.51562500000000E-0002 
 2.67000000000000E+0002 -2.01110839843750E-0002 -3.26232910156250E-0002 
 2.67500000000000E+0002 -2.34985351562500E-0002 -2.97241210937500E-0002 
 2.68000000000000E+0002 -2.50854492187500E-0002 -2.71606445312500E-0002 
 2.68500000000000E+0002 -2.57263183593750E-0002 -2.56347656250000E-0002 
 2.69000000000000E+0002 -2.53906250000000E-0002 -2.61230468750000E-0002 
 2.69500000000000E+0002 -2.18200683593750E-0002 -2.79846191406250E-0002 
 2.70000000000000E+0002 -1.64489746093750E-0002 -2.81677246093750E-0002 
 2.70500000000000E+0002 -8.97216796875000E-0003 -2.26745605468750E-0002 
 2.71000000000000E+0002 -1.52587890625000E-0004 -1.56555175781250E-0002 
 2.71500000000000E+0002  8.60595703125000E-0003 -1.02844238281250E-0002 
 2.72000000000000E+0002  1.63574218750000E-0002 -5.52368164062500E-0003 
 2.72500000000000E+0002  2.00195312500000E-0002 -5.03540039062500E-0003 
 2.73000000000000E+0002  1.62963867187500E-0002 -1.06201171875000E-0002 
 2.73500000000000E+0002  8.17871093750000E-0003 -1.81274414062500E-0002 
 2.74000000000000E+0002  2.44140625000000E-0004 -2.39257812500000E-0002 
 2.74500000000000E+0002 -3.47900390625000E-0003 -3.05786132812500E-0002 
 2.75000000000000E+0002 -3.69262695312500E-0003 -3.87573242187500E-0002 
 2.75500000000000E+0002 -5.55419921875000E-0003 -4.35485839843750E-0002 
 2.76000000000000E+0002 -7.84301757812500E-0003 -4.15344238281250E-0002 
 2.76500000000000E+0002 -1.16271972656250E-0002 -3.64990234375000E-0002 
 2.77000000000000E+0002 -2.07519531250000E-0002 -2.89001464843750E-0002 
 2.77500000000000E+0002 -3.29895019531250E-0002 -1.91955566406250E-0002 
 2.78000000000000E+0002 -4.38842773437500E-0002 -9.42993164062500E-0003 
 2.78500000000000E+0002 -4.95300292968750E-0002 -1.98364257812500E-0003 
 2.79000000000000E+0002 -4.80041503906250E-0002  1.58691406250000E-0003 
 2.79500000000000E+0002 -4.08630371093750E-0002  2.53295898437500E-0003 
 2.80000000000000E+0002 -3.42712402343750E-0002 -6.40869140625000E-0004 
 2.80500000000000E+0002 -3.49426269531250E-0002 -4.36401367187500E-0003 
 2.81000000000000E+0002 -3.88488769531250E-0002 -3.72314453125000E-0003 
 2.81500000000000E+0002 -4.06188964843750E-0002 -1.83105468750000E-0004 
 2.82000000000000E+0002 -4.42504882812500E-0002  2.56347656250000E-0003 
 2.82500000000000E+0002 -5.01098632812500E-0002  3.20434570312500E-0003 
 2.83000000000000E+0002 -5.08422851562500E-0002  1.46484375000000E-0003 
 2.83500000000000E+0002 -4.38537597656250E-0002 -6.46972656250000E-0003 
 2.84000000000000E+0002 -3.63464355468750E-0002 -1.99584960937500E-0002 
 2.84500000000000E+0002 -2.86560058593750E-0002 -3.18603515625000E-0002 
 2.85000000000000E+0002 -1.73645019531250E-0002 -3.90014648437500E-0002 
 2.85500000000000E+0002 -5.18798828125000E-0003 -4.24194335937500E-0002 
 2.86000000000000E+0002  1.31225585937500E-0003 -4.34875488281250E-0002 
 2.86500000000000E+0002 -2.44140625000000E-0004 -4.26635742187500E-0002 
 2.87000000000000E+0002 -5.64575195312500E-0003 -4.17785644531250E-0002 
 2.87500000000000E+0002 -1.04064941406250E-0002 -4.39453125000000E-0002 
 2.88000000000000E+0002 -1.34582519531250E-0002 -4.92858886718750E-0002 
 2.88500000000000E+0002 -1.86767578125000E-0002 -4.99267578125000E-0002 
 2.89000000000000E+0002 -2.21862792968750E-0002 -4.04968261718750E-0002 
 2.89500000000000E+0002 -1.62963867187500E-0002 -2.65502929687500E-0002 
 2.90000000000000E+0002 -7.26318359375000E-0003 -1.68762207031250E-0002 
 2.90500000000000E+0002 -8.75854492187500E-0003 -1.14135742187500E-0002 
 2.91000000000000E+0002 -2.20336914062500E-0002 -4.79125976562500E-0003 
 2.91500000000000E+0002 -3.41491699218750E-0002 -1.61743164062500E-0003 
 2.92000000000000E+0002 -4.15649414062500E-0002 -6.10351562500000E-0003 
 2.92500000000000E+0002 -5.17883300781250E-0002 -1.48010253906250E-0002 
 2.93000000000000E+0002 -6.31103515625000E-0002 -2.41394042968750E-0002 
 2.93500000000000E+0002 -6.85424804687500E-0002 -3.50952148437500E-0002 
 2.94000000000000E+0002 -7.04956054687500E-0002 -4.66003417968750E-0002 
 2.94500000000000E+0002 -7.25402832031250E-0002 -5.37719726562500E-0002 
 2.95000000000000E+0002 -7.15332031250000E-0002 -5.44128417968750E-0002 
 2.95500000000000E+0002 -6.55212402343750E-0002 -5.04455566406250E-0002 
 2.96000000000000E+0002 -6.02111816406250E-0002 -4.38232421875000E-0002 
 2.96500000000000E+0002 -5.81970214843750E-0002 -3.77502441406250E-0002 
 2.97000000000000E+0002 -5.58166503906250E-0002 -3.43627929687500E-0002 
 2.97500000000000E+0002 -5.23376464843750E-0002 -3.81774902343750E-0002 
 2.98000000000000E+0002 -5.30700683593750E-0002 -4.69055175781250E-0002 
 2.98500000000000E+0002 -5.89294433593750E-0002 -5.30700683593750E-0002 
 2.99000000000000E+0002 -6.09741210937500E-0002 -5.56945800781250E-0002 
 2.99500000000000E+0002 -5.70983886718750E-0002 -5.85632324218750E-0002 
 3.00000000000000E+0002 -5.35888671875000E-0002 -6.48193359375000E-0002 
 3.00500000000000E+0002 -5.78308105468750E-0002 -6.86645507812500E-0002 
 3.01000000000000E+0002 -6.59484863281250E-0002 -6.80847167968750E-0002 
 3.01500000000000E+0002 -6.91528320312500E-0002 -6.83898925781250E-0002 
 3.02000000000000E+0002 -7.04956054687500E-0002 -6.66809082031250E-0002 
 3.02500000000000E+0002 -7.11059570312500E-0002 -5.49316406250000E-0002 
 3.03000000000000E+0002 -6.66198730468750E-0002 -3.53393554687500E-0002 
 3.03500000000000E+0002 -5.52978515625000E-0002 -1.89514160156250E-0002 
 3.04000000000000E+0002 -4.34875488281250E-0002 -1.01928710937500E-0002 
 3.04500000000000E+0002 -3.64685058593750E-0002 -3.08227539062500E-0003 
 3.05000000000000E+0002 -3.57666015625000E-0002  1.49536132812500E-0003 
 3.05500000000000E+0002 -4.08020019531250E-0002  1.19018554687500E-0003 
 3.06000000000000E+0002 -4.80651855468750E-0002 -3.29589843750000E-0003 
 3.06500000000000E+0002 -5.53283691406250E-0002 -8.08715820312500E-0003 
 3.07000000000000E+0002 -5.96618652343750E-0002 -1.22070312500000E-0002 
 3.07500000000000E+0002 -6.14318847656250E-0002 -1.90124511718750E-0002 
 3.08000000000000E+0002 -5.95703125000000E-0002 -2.92358398437500E-0002 
 3.08500000000000E+0002 -5.28869628906250E-0002 -4.08935546875000E-0002 
 3.09000000000000E+0002 -4.40673828125000E-0002 -4.98657226562500E-0002 
 3.09500000000000E+0002 -3.69873046875000E-0002 -5.32226562500000E-0002 
 3.10000000000000E+0002 -3.25927734375000E-0002 -5.19714355468750E-0002 
 3.10500000000000E+0002 -3.00598144531250E-0002 -4.60205078125000E-0002 
 3.11000000000000E+0002 -2.57873535156250E-0002 -3.85437011718750E-0002 
 3.11500000000000E+0002 -2.39257812500000E-0002 -3.28979492187500E-0002 
 3.12000000000000E+0002 -2.63671875000000E-0002 -2.76489257812500E-0002 
 3.12500000000000E+0002 -2.85644531250000E-0002 -2.33764648437500E-0002 
 3.13000000000000E+0002 -2.85644531250000E-0002 -2.42614746093750E-0002 
 3.13500000000000E+0002 -3.22265625000000E-0002 -2.63366699218750E-0002 
 3.14000000000000E+0002 -4.14428710937500E-0002 -2.34985351562500E-0002 
 3.14500000000000E+0002 -4.91638183593750E-0002 -1.74560546875000E-0002 
 3.15000000000000E+0002 -5.33752441406250E-0002 -1.56860351562500E-0002 
 3.15500000000000E+0002 -5.66711425781250E-0002 -1.55639648437500E-0002 
 3.16000000000000E+0002 -5.71289062500000E-0002 -1.30920410156250E-0002 
 3.16500000000000E+0002 -5.46569824218750E-0002 -1.46179199218750E-0002 
 3.17000000000000E+0002 -5.02624511718750E-0002 -2.05078125000000E-0002 
 3.17500000000000E+0002 -4.05273437500000E-0002 -2.54516601562500E-0002 
 3.18000000000000E+0002 -2.67944335937500E-0002 -2.97546386718750E-0002 
 3.18500000000000E+0002 -1.62658691406250E-0002 -3.53393554687500E-0002 
 3.19000000000000E+0002 -1.01318359375000E-0002 -4.16564941406250E-0002 
 3.19500000000000E+0002 -8.27026367187500E-0003 -4.66003417968750E-0002 
 3.20000000000000E+0002 -8.88061523437500E-0003 -5.08728027343750E-0002 
 3.20500000000000E+0002 -1.29699707031250E-0002 -5.27038574218750E-0002 
 3.21000000000000E+0002 -1.72119140625000E-0002 -5.09338378906250E-0002 
 3.21500000000000E+0002 -1.96533203125000E-0002 -4.79736328125000E-0002 
 3.22000000000000E+0002 -2.22778320312500E-0002 -4.25720214843750E-0002 
 3.22500000000000E+0002 -2.68249511718750E-0002 -3.39355468750000E-0002 
 3.23000000000000E+0002 -3.21044921875000E-0002 -2.11486816406250E-0002 
 3.23500000000000E+0002 -3.62243652343750E-0002 -7.11059570312500E-0003 
 3.24000000000000E+0002 -3.85131835937500E-0002  2.99072265625000E-0003 
 3.24500000000000E+0002 -3.79638671875000E-0002  1.16271972656250E-0002 
 3.25000000000000E+0002 -2.96325683593750E-0002  1.89208984375000E-0002 
 3.25500000000000E+0002 -1.56860351562500E-0002  1.93786621093750E-0002 
 3.26000000000000E+0002 -4.42504882812500E-0003  1.14746093750000E-0002 
 3.26500000000000E+0002  2.16674804687500E-0003 -9.76562500000000E-0004 
 3.27000000000000E+0002  4.51660156250000E-0003 -1.46789550781250E-0002 
 3.27500000000000E+0002 -5.49316406250000E-0004 -3.21044921875000E-0002 
 3.28000000000000E+0002 -1.26037597656250E-0002 -4.84008789062500E-0002 
 3.28500000000000E+0002 -2.22778320312500E-0002 -5.64575195312500E-0002 
 3.29000000000000E+0002 -2.52075195312500E-0002 -5.93566894531250E-0002 
 3.29500000000000E+0002 -2.57568359375000E-0002 -6.24389648437500E-0002 
 3.30000000000000E+0002 -2.53906250000000E-0002 -5.90820312500000E-0002 
 3.30500000000000E+0002 -1.75781250000000E-0002 -4.55932617187500E-0002 
 3.31000000000000E+0002 -2.28881835937500E-0003 -3.10668945312500E-0002 
 3.31500000000000E+0002  1.02233886718750E-0002 -2.55126953125000E-0002 
 3.32000000000000E+0002  1.17492675781250E-0002 -2.61840820312500E-0002 
 3.32500000000000E+0002  9.00268554687500E-0003 -2.91137695312500E-0002 
 3.33000000000000E+0002  5.88989257812500E-0003 -3.48205566406250E-0002 
 3.33500000000000E+0002 -1.52587890625000E-0004 -4.29992675781250E-0002 
 3.34000000000000E+0002 -9.49096679687500E-0003 -4.70275878906250E-0002 
 3.34500000000000E+0002 -1.33972167968750E-0002 -4.19006347656250E-0002 
 3.35000000000000E+0002 -5.92041015625000E-0003 -3.25927734375000E-0002 
 3.35500000000000E+0002  4.73022460937500E-0003 -2.52990722656250E-0002 
 3.36000000000000E+0002  1.35192871093750E-0002 -1.72729492187500E-0002 
 3.36500000000000E+0002  2.14538574218750E-0002 -1.09863281250000E-0002 
 3.37000000000000E+0002  2.80761718750000E-0002 -1.20849609375000E-0002 
 3.37500000000000E+0002  2.81066894531250E-0002 -2.10266113281250E-0002 
 3.38000000000000E+0002  1.77001953125000E-0002 -2.90527343750000E-0002 
 3.38500000000000E+0002  1.43432617187500E-0003 -2.86254882812500E-0002 
 3.39000000000000E+0002 -1.67541503906250E-0002 -2.22778320312500E-0002 
 3.39500000000000E+0002 -3.35083007812500E-0002 -1.34887695312500E-0002 
 3.40000000000000E+0002 -4.70581054687500E-0002 -5.64575195312500E-0003 
 3.40500000000000E+0002 -5.61523437500000E-0002  1.46484375000000E-0003 
 3.41000000000000E+0002 -5.75256347656250E-0002  7.75146484375000E-0003 
 3.41500000000000E+0002 -4.88281250000000E-0002  9.79614257812500E-0003 
 3.42000000000000E+0002 -3.49731445312500E-0002  4.39453125000000E-0003 
 3.42500000000000E+0002 -2.15148925781250E-0002 -2.89916992187500E-0003 
 3.43000000000000E+0002 -1.13220214843750E-0002 -4.11987304687500E-0003 
 3.43500000000000E+0002 -2.13623046875000E-0004 -1.15966796875000E-0003 
 3.44000000000000E+0002  1.22375488281250E-0002 -2.74658203125000E-0003 
 3.44500000000000E+0002  1.75476074218750E-0002 -8.97216796875000E-0003 
 3.45000000000000E+0002  1.20849609375000E-0002 -1.30310058593750E-0002 
 3.45500000000000E+0002  2.99072265625000E-0003 -1.38549804687500E-0002 
 3.46000000000000E+0002 -2.65502929687500E-0003 -1.66015625000000E-0002 
 3.46500000000000E+0002 -8.85009765625000E-0003 -2.23999023437500E-0002 
 3.47000000000000E+0002 -1.87072753906250E-0002 -2.82592773437500E-0002 
 3.47500000000000E+0002 -2.47802734375000E-0002 -3.21350097656250E-0002 
 3.48000000000000E+0002 -1.95617675781250E-0002 -3.80249023437500E-0002 
 3.48500000000000E+0002 -1.15051269531250E-0002 -4.43725585937500E-0002 
 3.49000000000000E+0002 -7.99560546875000E-0003 -4.41894531250000E-0002 
 3.49500000000000E+0002 -8.66699218750000E-0003 -3.73229980468750E-0002 
 3.50000000000000E+0002 -9.64355468750000E-0003 -2.65808105468750E-0002 
 3.50500000000000E+0002 -1.22070312500000E-0002 -1.78833007812500E-0002 
 3.51000000000000E+0002 -2.21862792968750E-0002 -1.34887695312500E-0002 
 3.51500000000000E+0002 -3.83911132812500E-0002 -1.33666992187500E-0002 
 3.52000000000000E+0002 -5.57250976562500E-0002 -1.66015625000000E-0002 
 3.52500000000000E+0002 -6.96716308593750E-0002 -1.94396972656250E-0002 
 3.53000000000000E+0002 -8.05969238281250E-0002 -2.20031738281250E-0002 
 3.53500000000000E+0002 -8.73718261718750E-0002 -2.45361328125000E-0002 
 3.54000000000000E+0002 -8.74023437500000E-0002 -2.85949707031250E-0002 
 3.54500000000000E+0002 -8.44421386718750E-0002 -3.40881347656250E-0002 
 3.55000000000000E+0002 -8.22753906250000E-0002 -3.65600585937500E-0002 
 3.55500000000000E+0002 -7.77893066406250E-0002 -3.29895019531250E-0002 
 3.56000000000000E+0002 -6.66198730468750E-0002 -2.78625488281250E-0002 
 3.56500000000000E+0002 -5.38024902343750E-0002 -2.63366699218750E-0002 
 3.57000000000000E+0002 -4.31823730468750E-0002 -2.39562988281250E-0002 
 3.57500000000000E+0002 -3.48510742187500E-0002 -1.68762207031250E-0002 
 3.58000000000000E+0002 -2.81066894531250E-0002 -1.04370117187500E-0002 
 3.58500000000000E+0002 -2.68859863281250E-0002 -1.30004882812500E-0002 
 3.59000000000000E+0002 -3.37829589843750E-0002 -1.86462402343750E-0002 
 3.59500000000000E+0002 -4.10156250000000E-0002 -1.79443359375000E-0002 
 3.60000000000000E+0002 -3.96728515625000E-0002 -1.73950195312500E-0002 
 3.60500000000000E+0002 -3.16772460937500E-0002 -2.40478515625000E-0002 
 3.61000000000000E+0002 -2.32543945312500E-0002 -3.18603515625000E-0002 
 3.61500000000000E+0002 -1.59301757812500E-0002 -3.25012207031250E-0002 
 3.62000000000000E+0002 -8.33129882812500E-0003 -2.54516601562500E-0002 
 3.62500000000000E+0002 -1.25122070312500E-0003 -1.80358886718750E-0002 
 3.63000000000000E+0002  3.96728515625000E-0004 -1.17492675781250E-0002 
 3.63500000000000E+0002 -1.67846679687500E-0003 -6.13403320312500E-0003 
 3.64000000000000E+0002 -2.19726562500000E-0003 -5.46264648437500E-0003 
 3.64500000000000E+0002 -4.57763671875000E-0004 -8.97216796875000E-0003 
 3.65000000000000E+0002 -1.06811523437500E-0003 -9.94873046875000E-0003 
 3.65500000000000E+0002 -5.73730468750000E-0003 -7.59887695312500E-0003 
 3.66000000000000E+0002 -1.07421875000000E-0002 -5.82885742187500E-0003 
 3.66500000000000E+0002 -1.22680664062500E-0002 -9.03320312500000E-0003 
 3.67000000000000E+0002 -1.50451660156250E-0002 -1.62658691406250E-0002 
 3.67500000000000E+0002 -2.16674804687500E-0002 -2.23693847656250E-0002 
 3.68000000000000E+0002 -2.80761718750000E-0002 -2.59399414062500E-0002 
 3.68500000000000E+0002 -3.23791503906250E-0002 -2.92358398437500E-0002 
 3.69000000000000E+0002 -3.87573242187500E-0002 -3.09753417968750E-0002 
 3.69500000000000E+0002 -4.72412109375000E-0002 -2.92663574218750E-0002 
 3.70000000000000E+0002 -5.12390136718750E-0002 -2.53906250000000E-0002 
 3.70500000000000E+0002 -4.77600097656250E-0002 -2.51464843750000E-0002 
 3.71000000000000E+0002 -3.78417968750000E-0002 -3.20739746093750E-0002 
 3.71500000000000E+0002 -2.64892578125000E-0002 -4.28161621093750E-0002 
 3.72000000000000E+0002 -1.60217285156250E-0002 -5.04455566406250E-0002 
 3.72500000000000E+0002 -4.18090820312500E-0003 -5.03234863281250E-0002 
 3.73000000000000E+0002  6.07299804687500E-0003 -4.86450195312500E-0002 
 3.73500000000000E+0002  6.31713867187500E-0003 -5.28869628906250E-0002 
 3.74000000000000E+0002 -4.76074218750000E-0003 -5.87158203125000E-0002 
 3.74500000000000E+0002 -1.59912109375000E-0002 -6.04248046875000E-0002 
 3.75000000000000E+0002 -1.90734863281250E-0002 -6.07299804687500E-0002 
 3.75500000000000E+0002 -2.08740234375000E-0002 -6.67724609375000E-0002 
 3.76000000000000E+0002 -2.58178710937500E-0002 -7.28759765625000E-0002 
 3.76500000000000E+0002 -2.97546386718750E-0002 -6.83898925781250E-0002 
 3.77000000000000E+0002 -3.05786132812500E-0002 -5.72204589843750E-0002 
 3.77500000000000E+0002 -3.30810546875000E-0002 -4.70886230468750E-0002 
 3.78000000000000E+0002 -3.90930175781250E-0002 -3.93066406250000E-0002 
 3.78500000000000E+0002 -4.42199707031250E-0002 -3.22570800781250E-0002 
 3.79000000000000E+0002 -4.46777343750000E-0002 -2.57873535156250E-0002 
 3.79500000000000E+0002 -4.02526855468750E-0002 -2.50244140625000E-0002 
 3.80000000000000E+0002 -3.66516113281250E-0002 -2.99377441406250E-0002 
 3.80500000000000E+0002 -3.89709472656250E-0002 -3.62548828125000E-0002 
 3.81000000000000E+0002 -4.76379394531250E-0002 -4.31213378906250E-0002 
 3.81500000000000E+0002 -6.01806640625000E-0002 -4.90722656250000E-0002 
 3.82000000000000E+0002 -7.29675292968750E-0002 -5.13610839843750E-0002 
 3.82500000000000E+0002 -8.23974609375000E-0002 -4.91943359375000E-0002 
 3.83000000000000E+0002 -8.41064453125000E-0002 -4.08020019531250E-0002 
 3.83500000000000E+0002 -7.92236328125000E-0002 -2.83508300781250E-0002 
 3.84000000000000E+0002 -7.17468261718750E-0002 -1.29394531250000E-0002 
 3.84500000000000E+0002 -6.11267089843750E-0002  1.73950195312500E-0003 
 3.85000000000000E+0002 -5.14526367187500E-0002  9.70458984375000E-0003 
 3.85500000000000E+0002 -4.52880859375000E-0002  9.18579101562500E-0003 
 3.86000000000000E+0002 -4.17785644531250E-0002  5.55419921875000E-0003 
 3.86500000000000E+0002 -4.00390625000000E-0002  2.86865234375000E-0003 
 3.87000000000000E+0002 -3.83911132812500E-0002  1.09863281250000E-0003 
 3.87500000000000E+0002 -3.77807617187500E-0002  0.00000000000000E+0000 
 3.88000000000000E+0002 -3.60717773437500E-0002 -3.66210937500000E-0004 
 3.88500000000000E+0002 -3.37219238281250E-0002 -3.41796875000000E-0003 
 3.89000000000000E+0002 -3.16162109375000E-0002 -1.06811523437500E-0002 
 3.89500000000000E+0002 -3.09753417968750E-0002 -2.10266113281250E-0002 
 3.90000000000000E+0002 -3.25622558593750E-0002 -2.79235839843750E-0002 
 3.90500000000000E+0002 -3.36914062500000E-0002 -2.85949707031250E-0002 
 3.91000000000000E+0002 -3.30810546875000E-0002 -2.39868164062500E-0002 
 3.91500000000000E+0002 -3.22570800781250E-0002 -1.27563476562500E-0002 
 3.92000000000000E+0002 -3.38439941406250E-0002  4.27246093750000E-0003 
 3.92500000000000E+0002 -3.53393554687500E-0002  1.87072753906250E-0002 
 3.93000000000000E+0002 -3.46679687500000E-0002  2.39562988281250E-0002 
 3.93500000000000E+0002 -3.35998535156250E-0002  2.15759277343750E-0002 
 3.94000000000000E+0002 -3.26232910156250E-0002  1.76086425781250E-0002 
 3.94500000000000E+0002 -3.16772460937500E-0002  1.30310058593750E-0002 
 3.95000000000000E+0002 -3.03039550781250E-0002  6.50024414062500E-0003 
 3.95500000000000E+0002 -2.85949707031250E-0002  2.71606445312500E-0003 
 3.96000000000000E+0002 -2.51159667968750E-0002  3.29589843750000E-0003 
 3.96500000000000E+0002 -2.45056152343750E-0002  2.74658203125000E-0003 
 3.97000000000000E+0002 -3.11279296875000E-0002 -8.85009765625000E-0004 
 3.97500000000000E+0002 -3.98559570312500E-0002 -4.30297851562500E-0003 
 3.98000000000000E+0002 -4.49218750000000E-0002 -4.48608398437500E-0003 
 3.98500000000000E+0002 -4.37622070312500E-0002 -4.88281250000000E-0003 
 3.99000000000000E+0002 -4.05578613281250E-0002 -5.52368164062500E-0003 
 3.99500000000000E+0002 -3.61633300781250E-0002 -3.44848632812500E-0003 
