 0.00000000000000E+0000 -1.63787841796875E-0001  3.96301269531250E-0001 
 5.00000000000000E-0001 -1.20239257812500E-0001  4.33532714843750E-0001 
 1.00000000000000E+0000 -3.69567871093750E-0002  4.09637451171875E-0001 
 1.50000000000000E+0000  6.26831054687500E-0002  3.20404052734375E-0001 
 2.00000000000000E+0000  1.29486083984375E-0001  2.29583740234375E-0001 
 2.50000000000000E+0000  1.65527343750000E-0001  1.69860839843750E-0001 
 3.00000000000000E+0000  1.94915771484375E-0001  1.27807617187500E-0001 
 3.50000000000000E+0000  2.17163085937500E-0001  8.71276855468750E-0002 
 4.00000000000000E+0000  2.25036621093750E-0001  4.81567382812500E-0002 
 4.50000000000000E+0000  2.17346191406250E-0001  1.11083984375000E-0002 
 5.00000000000000E+0000  1.85729980468750E-0001 -3.21044921875000E-0002 
 5.50000000000000E+0000  1.07299804687500E-0001 -7.79113769531250E-0002 
 6.00000000000000E+0000 -1.07116699218750E-0002 -1.08612060546875E-0001 
 6.50000000000000E+0000 -1.31591796875000E-0001 -1.16271972656250E-0001 
 7.00000000000000E+0000 -2.32421875000000E-0001 -1.04309082031250E-0001 
 7.50000000000000E+0000 -2.92846679687500E-0001 -6.92749023437500E-0002 
 8.00000000000000E+0000 -2.85552978515625E-0001 -1.82189941406250E-0002 
 8.50000000000000E+0000 -2.10662841796875E-0001  3.43627929687500E-0002 
 9.00000000000000E+0000 -9.87548828125000E-0002  7.74841308593750E-0002 
 9.50000000000000E+0000  2.52685546875000E-0002  1.00738525390625E-0001 
 1.00000000000000E+0001  1.47338867187500E-0001  1.01348876953125E-0001 
 1.05000000000000E+0001  2.53479003906250E-0001  8.67614746093750E-0002 
 1.10000000000000E+0001  3.40942382812500E-0001  5.13000488281250E-0002 
 1.15000000000000E+0001  4.17510986328125E-0001 -1.54724121093750E-0002 
 1.20000000000000E+0001  4.76104736328125E-0001 -9.81750488281250E-0002 
 1.25000000000000E+0001  5.03723144531250E-0001 -1.68792724609375E-0001 
 1.30000000000000E+0001  4.98840332031250E-0001 -2.21374511718750E-0001 
 1.35000000000000E+0001  4.56726074218750E-0001 -2.63000488281250E-0001 
 1.40000000000000E+0001  3.60809326171875E-0001 -2.78808593750000E-0001 
 1.45000000000000E+0001  2.12585449218750E-0001 -2.52960205078125E-0001 
 1.50000000000000E+0001  3.84521484375000E-0002 -2.03125000000000E-0001 
 1.55000000000000E+0001 -1.33209228515625E-0001 -1.48834228515625E-0001 
 1.60000000000000E+0001 -2.84240722656250E-0001 -9.39636230468750E-0002 
 1.65000000000000E+0001 -3.92578125000000E-0001 -3.55529785156250E-0002 
 1.70000000000000E+0001 -4.40673828125000E-0001  2.20642089843750E-0002 
 1.75000000000000E+0001 -4.34356689453125E-0001  7.71179199218750E-0002 
 1.80000000000000E+0001 -3.91571044921875E-0001  1.36077880859375E-0001 
 1.85000000000000E+0001 -3.21746826171875E-0001  1.95922851562500E-0001 
 1.90000000000000E+0001 -2.37640380859375E-0001  2.44445800781250E-0001 
 1.95000000000000E+0001 -1.57073974609375E-0001  2.76153564453125E-0001 
 2.00000000000000E+0001 -8.80737304687500E-0002  2.81860351562500E-0001 
 2.05000000000000E+0001 -2.82592773437500E-0002  2.54577636718750E-0001 
 2.10000000000000E+0001  2.41394042968750E-0002  1.96380615234375E-0001 
 2.15000000000000E+0001  6.20422363281250E-0002  1.16790771484375E-0001 
 2.20000000000000E+0001  8.20922851562500E-0002  3.16162109375000E-0002 
 2.25000000000000E+0001  8.74328613281250E-0002 -4.48608398437500E-0002 
 2.30000000000000E+0001  7.80029296875000E-0002 -1.02722167968750E-0001 
 2.35000000000000E+0001  5.16967773437500E-0002 -1.39465332031250E-0001 
 2.40000000000000E+0001  1.92565917968750E-0002 -1.64398193359375E-0001 
 2.45000000000000E+0001 -1.21765136718750E-0002 -1.85699462890625E-0001 
 2.50000000000000E+0001 -4.41589355468750E-0002 -2.02697753906250E-0001 
 2.55000000000000E+0001 -7.45239257812500E-0002 -2.14935302734375E-0001 
 2.60000000000000E+0001 -9.90295410156250E-0002 -2.17987060546875E-0001 
 2.65000000000000E+0001 -1.13311767578125E-0001 -2.04162597656250E-0001 
 2.70000000000000E+0001 -1.17156982421875E-0001 -1.71722412109375E-0001 
 2.75000000000000E+0001 -1.12579345703125E-0001 -1.24572753906250E-0001 
 2.80000000000000E+0001 -9.70458984375000E-0002 -7.10449218750000E-0002 
 2.85000000000000E+0001 -7.60192871093750E-0002 -2.07519531250000E-0002 
 2.90000000000000E+0001 -5.63964843750000E-0002  2.20642089843750E-0002 
 2.95000000000000E+0001 -4.10766601562500E-0002  5.63049316406250E-0002 
 3.00000000000000E+0001 -2.94189453125000E-0002  8.30078125000000E-0002 
 3.05000000000000E+0001 -1.93786621093750E-0002  9.73815917968750E-0002 
 3.10000000000000E+0001 -1.18408203125000E-0002  9.85717773437500E-0002 
 3.15000000000000E+0001 -4.73022460937500E-0003  9.01794433593750E-0002 
 3.20000000000000E+0001  4.85229492187500E-0003  7.00378417968750E-0002 
 3.25000000000000E+0001  1.41296386718750E-0002  3.62854003906250E-0002 
 3.30000000000000E+0001  2.15454101562500E-0002 -3.99780273437500E-0003 
 3.35000000000000E+0001  2.56347656250000E-0002 -3.80249023437500E-0002 
 3.40000000000000E+0001  2.65197753906250E-0002 -6.02416992187500E-0002 
 3.45000000000000E+0001  2.48413085937500E-0002 -7.21740722656250E-0002 
 3.50000000000000E+0001  1.88903808593750E-0002 -7.43103027343750E-0002 
 3.55000000000000E+0001  8.78906250000000E-0003 -6.82373046875000E-0002 
 3.60000000000000E+0001 -5.88989257812500E-0003 -5.56030273437500E-0002 
 3.65000000000000E+0001 -2.24304199218750E-0002 -4.18395996093750E-0002 
 3.70000000000000E+0001 -3.86352539062500E-0002 -3.16467285156250E-0002 
 3.75000000000000E+0001 -4.84008789062500E-0002 -2.40173339843750E-0002 
 3.80000000000000E+0001 -4.97741699218750E-0002 -2.31628417968750E-0002 
 3.85000000000000E+0001 -4.77905273437500E-0002 -2.57873535156250E-0002 
 3.90000000000000E+0001 -4.37316894531250E-0002 -2.51159667968750E-0002 
 3.95000000000000E+0001 -3.67736816406250E-0002 -2.34680175781250E-0002 
 4.00000000000000E+0001 -3.09448242187500E-0002 -2.50854492187500E-0002 
 4.05000000000000E+0001 -3.19519042968750E-0002 -2.69470214843750E-0002 
 4.10000000000000E+0001 -3.85131835937500E-0002 -2.21557617187500E-0002 
 4.15000000000000E+0001 -4.35791015625000E-0002 -1.23901367187500E-0002 
 4.20000000000000E+0001 -4.87060546875000E-0002 -4.94384765625000E-0003 
 4.25000000000000E+0001 -5.67932128906250E-0002  4.18090820312500E-0003 
 4.30000000000000E+0001 -5.78613281250000E-0002  1.99584960937500E-0002 
 4.35000000000000E+0001 -4.63256835937500E-0002  3.86657714843750E-0002 
 4.40000000000000E+0001 -2.81677246093750E-0002  5.40161132812500E-0002 
 4.45000000000000E+0001 -1.03454589843750E-0002  6.32629394531250E-0002 
 4.50000000000000E+0001  8.85009765625000E-0003  6.60400390625000E-0002 
 4.55000000000000E+0001  2.92968750000000E-0002  5.90209960937500E-0002 
 4.60000000000000E+0001  4.30603027343750E-0002  4.18395996093750E-0002 
 4.65000000000000E+0001  4.69970703125000E-0002  1.95922851562500E-0002 
 4.70000000000000E+0001  4.78820800781250E-0002 -6.37817382812500E-0003 
 4.75000000000000E+0001  5.06286621093750E-0002 -3.22875976562500E-0002 
 4.80000000000000E+0001  5.32226562500000E-0002 -5.34973144531250E-0002 
 4.85000000000000E+0001  5.30700683593750E-0002 -6.53076171875000E-0002 
 4.90000000000000E+0001  5.07507324218750E-0002 -7.07702636718750E-0002 
 4.95000000000000E+0001  4.45251464843750E-0002 -7.49816894531250E-0002 
 5.00000000000000E+0001  3.05480957031250E-0002 -7.47070312500000E-0002 
 5.05000000000000E+0001  8.81958007812500E-0003 -6.89697265625000E-0002 
 5.10000000000000E+0001 -1.62963867187500E-0002 -6.14929199218750E-0002 
 5.15000000000000E+0001 -3.86962890625000E-0002 -5.49011230468750E-0002 
 5.20000000000000E+0001 -5.36499023437500E-0002 -4.87365722656250E-0002 
 5.25000000000000E+0001 -5.74340820312500E-0002 -4.11071777343750E-0002 
 5.30000000000000E+0001 -5.19409179687500E-0002 -3.35083007812500E-0002 
 5.35000000000000E+0001 -3.97033691406250E-0002 -2.41394042968750E-0002 
 5.40000000000000E+0001 -2.13012695312500E-0002 -1.35192871093750E-0002 
 5.45000000000000E+0001 -8.54492187500000E-0004 -3.47900390625000E-0003 
 5.50000000000000E+0001  1.49230957031250E-0002  4.02832031250000E-0003 
 5.55000000000000E+0001  2.20947265625000E-0002  8.97216796875000E-0003 
 5.60000000000000E+0001  2.26135253906250E-0002  1.17492675781250E-0002 
 5.65000000000000E+0001  2.01416015625000E-0002  9.39941406250000E-0003 
 5.70000000000000E+0001  1.39160156250000E-0002  3.57055664062500E-0003 
 5.75000000000000E+0001  4.88281250000000E-0003 -4.33349609375000E-0003 
 5.80000000000000E+0001 -3.41796875000000E-0003 -1.40991210937500E-0002 
 5.85000000000000E+0001 -7.35473632812500E-0003 -2.54211425781250E-0002 
 5.90000000000000E+0001 -9.12475585937500E-0003 -3.73535156250000E-0002 
 5.95000000000000E+0001 -1.25427246093750E-0002 -4.77600097656250E-0002 
 6.00000000000000E+0001 -1.74560546875000E-0002 -5.48095703125000E-0002 
 6.05000000000000E+0001 -2.05688476562500E-0002 -5.55419921875000E-0002 
 6.10000000000000E+0001 -2.09960937500000E-0002 -4.98352050781250E-0002 
 6.15000000000000E+0001 -2.20642089843750E-0002 -4.08935546875000E-0002 
 6.20000000000000E+0001 -2.34069824218750E-0002 -3.15856933593750E-0002 
 6.25000000000000E+0001 -2.37426757812500E-0002 -2.32849121093750E-0002 
 6.30000000000000E+0001 -2.33764648437500E-0002 -1.59912109375000E-0002 
 6.35000000000000E+0001 -2.38647460937500E-0002 -8.94165039062500E-0003 
 6.40000000000000E+0001 -2.28271484375000E-0002  1.77001953125000E-0003 
 6.45000000000000E+0001 -1.69372558593750E-0002  1.84631347656250E-0002 
 6.50000000000000E+0001 -3.02124023437500E-0003  3.32641601562500E-0002 
 6.55000000000000E+0001  1.20544433593750E-0002  3.67736816406250E-0002 
 6.60000000000000E+0001  2.25524902343750E-0002  3.03955078125000E-0002 
 6.65000000000000E+0001  2.70385742187500E-0002  2.15454101562500E-0002 
 6.70000000000000E+0001  2.76794433593750E-0002  1.24816894531250E-0002 
 6.75000000000000E+0001  2.31018066406250E-0002  3.14331054687500E-0003 
 6.80000000000000E+0001  1.46789550781250E-0002 -2.89916992187500E-0003 
 6.85000000000000E+0001  8.60595703125000E-0003 -3.02124023437500E-0003 
 6.90000000000000E+0001  5.06591796875000E-0003  1.03759765625000E-0003 
 6.95000000000000E+0001  5.18798828125000E-0004  4.45556640625000E-0003 
 7.00000000000000E+0001 -5.70678710937500E-0003  2.65502929687500E-0003 
 7.05000000000000E+0001 -1.27868652343750E-0002 -3.84521484375000E-0003 
 7.10000000000000E+0001 -2.09960937500000E-0002 -9.49096679687500E-0003 
 7.15000000000000E+0001 -2.77709960937500E-0002 -9.55200195312500E-0003 
 7.20000000000000E+0001 -2.80151367187500E-0002 -7.04956054687500E-0003 
 7.25000000000000E+0001 -2.26135253906250E-0002 -7.69042968750000E-0003 
 7.30000000000000E+0001 -1.39160156250000E-0002 -1.30920410156250E-0002 
 7.35000000000000E+0001 -4.51660156250000E-0003 -2.01721191406250E-0002 
 7.40000000000000E+0001  3.38745117187500E-0003 -2.76489257812500E-0002 
 7.45000000000000E+0001  8.08715820312500E-0003 -3.45458984375000E-0002 
 7.50000000000000E+0001  9.12475585937500E-0003 -3.94897460937500E-0002 
 7.55000000000000E+0001  8.85009765625000E-0003 -4.04663085937500E-0002 
 7.60000000000000E+0001  6.98852539062500E-0003 -3.76281738281250E-0002 
 7.65000000000000E+0001  3.60107421875000E-0003 -3.04565429687500E-0002 
 7.70000000000000E+0001 -4.57763671875000E-0004 -2.30712890625000E-0002 
 7.75000000000000E+0001 -5.61523437500000E-0003 -1.75781250000000E-0002 
 7.80000000000000E+0001 -1.07116699218750E-0002 -1.11389160156250E-0002 
 7.85000000000000E+0001 -1.47094726562500E-0002 -1.58691406250000E-0003 
 7.90000000000000E+0001 -1.40686035156250E-0002  1.04675292968750E-0002 
 7.95000000000000E+0001 -9.76562500000000E-0003  1.91955566406250E-0002 
 8.00000000000000E+0001 -5.76782226562500E-0003  2.52685546875000E-0002 
 8.05000000000000E+0001 -3.20434570312500E-0003  3.07617187500000E-0002 
 8.10000000000000E+0001 -1.12915039062500E-0003  3.04260253906250E-0002 
 8.15000000000000E+0001 -3.14331054687500E-0003  1.85241699218750E-0002 
 8.20000000000000E+0001 -1.17797851562500E-0002  1.52587890625000E-0003 
 8.25000000000000E+0001 -2.14843750000000E-0002 -1.25427246093750E-0002 
 8.30000000000000E+0001 -2.73742675781250E-0002 -2.16369628906250E-0002 
 8.35000000000000E+0001 -2.98156738281250E-0002 -2.69165039062500E-0002 
 8.40000000000000E+0001 -3.03344726562500E-0002 -2.47192382812500E-0002 
 8.45000000000000E+0001 -2.50549316406250E-0002 -1.45263671875000E-0002 
 8.50000000000000E+0001 -1.34277343750000E-0002 -6.13403320312500E-0003 
 8.55000000000000E+0001 -1.43432617187500E-0003 -6.28662109375000E-0003 
 8.60000000000000E+0001  8.45336914062500E-0003 -1.25122070312500E-0002 
 8.65000000000000E+0001  1.48620605468750E-0002 -2.28576660156250E-0002 
 8.70000000000000E+0001  1.70898437500000E-0002 -3.33557128906250E-0002 
 8.75000000000000E+0001  1.40075683593750E-0002 -4.23889160156250E-0002 
 8.80000000000000E+0001  7.96508789062500E-0003 -4.77905273437500E-0002 
 8.85000000000000E+0001  3.35693359375000E-0004 -4.81262207031250E-0002 
 8.90000000000000E+0001 -6.56127929687500E-0003 -4.72717285156250E-0002 
 8.95000000000000E+0001 -1.19934082031250E-0002 -4.56542968750000E-0002 
 9.00000000000000E+0001 -1.58691406250000E-0002 -4.31213378906250E-0002 
 9.05000000000000E+0001 -1.82800292968750E-0002 -3.99169921875000E-0002 
 9.10000000000000E+0001 -1.76086425781250E-0002 -3.70483398437500E-0002 
 9.15000000000000E+0001 -1.33361816406250E-0002 -3.65600585937500E-0002 
 9.20000000000000E+0001 -8.17871093750000E-0003 -3.61022949218750E-0002 
 9.25000000000000E+0001 -3.32641601562500E-0003 -3.29589843750000E-0002 
 9.30000000000000E+0001  3.23486328125000E-0003 -2.67333984375000E-0002 
 9.35000000000000E+0001  9.76562500000000E-0003 -1.81884765625000E-0002 
 9.40000000000000E+0001  1.36413574218750E-0002 -8.27026367187500E-0003 
 9.45000000000000E+0001  1.37023925781250E-0002  2.01416015625000E-0003 
 9.50000000000000E+0001  9.52148437500000E-0003  8.72802734375000E-0003 
 9.55000000000000E+0001  4.18090820312500E-0003  8.39233398437500E-0003 
 9.60000000000000E+0001  1.09863281250000E-0003  2.07519531250000E-0003 
 9.65000000000000E+0001 -6.40869140625000E-0004 -6.50024414062500E-0003 
 9.70000000000000E+0001 -1.25122070312500E-0003 -1.37023925781250E-0002 
 9.75000000000000E+0001  9.15527343750000E-0004 -1.72424316406250E-0002 
 9.80000000000000E+0001  6.10351562500000E-0003 -1.83105468750000E-0002 
 9.85000000000000E+0001  1.10168457031250E-0002 -1.92260742187500E-0002 
 9.90000000000000E+0001  8.60595703125000E-0003 -1.93176269531250E-0002 
 9.95000000000000E+0001 -1.61743164062500E-0003 -1.43127441406250E-0002 
 1.00000000000000E+0002 -1.70898437500000E-0002 -5.55419921875000E-0003 
 1.00500000000000E+0002 -3.50341796875000E-0002  3.84521484375000E-0003 
 1.01000000000000E+0002 -5.14831542968750E-0002  1.18103027343750E-0002 
 1.01500000000000E+0002 -6.32324218750000E-0002  1.67846679687500E-0002 
 1.02000000000000E+0002 -6.74438476562500E-0002  1.87377929687500E-0002 
 1.02500000000000E+0002 -6.59484863281250E-0002  1.44042968750000E-0002 
 1.03000000000000E+0002 -6.06994628906250E-0002  4.24194335937500E-0003 
 1.03500000000000E+0002 -5.35278320312500E-0002 -1.00097656250000E-0002 
 1.04000000000000E+0002 -4.67224121093750E-0002 -2.37121582031250E-0002 
 1.04500000000000E+0002 -4.09851074218750E-0002 -3.25317382812500E-0002 
 1.05000000000000E+0002 -3.60412597656250E-0002 -3.66210937500000E-0002 
 1.05500000000000E+0002 -2.78320312500000E-0002 -3.44238281250000E-0002 
 1.06000000000000E+0002 -1.43737792968750E-0002 -2.82287597656250E-0002 
 1.06500000000000E+0002 -2.13623046875000E-0004 -2.11181640625000E-0002 
 1.07000000000000E+0002  1.19323730468750E-0002 -1.80969238281250E-0002 
 1.07500000000000E+0002  1.64794921875000E-0002 -1.93176269531250E-0002 
 1.08000000000000E+0002  1.69982910156250E-0002 -2.02636718750000E-0002 
 1.08500000000000E+0002  1.42822265625000E-0002 -2.28881835937500E-0002 
 1.09000000000000E+0002  5.67626953125000E-0003 -2.84118652343750E-0002 
 1.09500000000000E+0002 -5.92041015625000E-0003 -3.11889648437500E-0002 
 1.10000000000000E+0002 -1.44958496093750E-0002 -2.67944335937500E-0002 
 1.10500000000000E+0002 -1.58996582031250E-0002 -1.76696777343750E-0002 
 1.11000000000000E+0002 -1.36413574218750E-0002 -1.12915039062500E-0002 
 1.11500000000000E+0002 -1.45263671875000E-0002 -7.81250000000000E-0003 
 1.12000000000000E+0002 -1.59606933593750E-0002 -3.81469726562500E-0003 
 1.12500000000000E+0002 -1.62658691406250E-0002 -1.89208984375000E-0003 
 1.13000000000000E+0002 -1.79748535156250E-0002 -5.31005859375000E-0003 
 1.13500000000000E+0002 -2.15454101562500E-0002 -1.15356445312500E-0002 
 1.14000000000000E+0002 -2.42309570312500E-0002 -1.64489746093750E-0002 
 1.14500000000000E+0002 -2.21252441406250E-0002 -2.01416015625000E-0002 
 1.15000000000000E+0002 -1.65710449218750E-0002 -2.56652832031250E-0002 
 1.15500000000000E+0002 -1.22680664062500E-0002 -3.25622558593750E-0002 
 1.16000000000000E+0002 -9.39941406250000E-0003 -3.85131835937500E-0002 
 1.16500000000000E+0002 -7.96508789062500E-0003 -4.48608398437500E-0002 
 1.17000000000000E+0002 -1.01013183593750E-0002 -5.04760742187500E-0002 
 1.17500000000000E+0002 -1.54418945312500E-0002 -5.13305664062500E-0002 
 1.18000000000000E+0002 -2.23999023437500E-0002 -4.39147949218750E-0002 
 1.18500000000000E+0002 -2.64282226562500E-0002 -2.87780761718750E-0002 
 1.19000000000000E+0002 -2.70080566406250E-0002 -1.28173828125000E-0002 
 1.19500000000000E+0002 -2.64282226562500E-0002  1.89208984375000E-0003 
 1.20000000000000E+0002 -2.09045410156250E-0002  1.33972167968750E-0002 
 1.20500000000000E+0002 -1.16577148437500E-0002  1.68762207031250E-0002 
 1.21000000000000E+0002 -2.74658203125000E-0003  1.07727050781250E-0002 
 1.21500000000000E+0002  2.65502929687500E-0003 -1.83105468750000E-0004 
 1.22000000000000E+0002  7.17163085937500E-0003 -8.39233398437500E-0003 
 1.22500000000000E+0002  1.24206542968750E-0002 -1.42517089843750E-0002 
 1.23000000000000E+0002  1.56860351562500E-0002 -2.29492187500000E-0002 
 1.23500000000000E+0002  1.52282714843750E-0002 -3.20434570312500E-0002 
 1.24000000000000E+0002  1.30004882812500E-0002 -3.83300781250000E-0002 
 1.24500000000000E+0002  1.22070312500000E-0002 -4.37622070312500E-0002 
 1.25000000000000E+0002  1.19323730468750E-0002 -4.92248535156250E-0002 
 1.25500000000000E+0002  1.05285644531250E-0002 -5.14221191406250E-0002 
 1.26000000000000E+0002  6.74438476562500E-0003 -4.58984375000000E-0002 
 1.26500000000000E+0002  4.36401367187500E-0003 -3.47290039062500E-0002 
 1.27000000000000E+0002  4.48608398437500E-0003 -2.21557617187500E-0002 
 1.27500000000000E+0002  2.34985351562500E-0003 -8.33129882812500E-0003 
 1.28000000000000E+0002 -2.99072265625000E-0003  2.13623046875000E-0003 
 1.28500000000000E+0002 -9.18579101562500E-0003  6.77490234375000E-0003 
 1.29000000000000E+0002 -1.80358886718750E-0002  7.69042968750000E-0003 
 1.29500000000000E+0002 -2.79846191406250E-0002  1.03454589843750E-0002 
 1.30000000000000E+0002 -3.47900390625000E-0002  1.31530761718750E-0002 
 1.30500000000000E+0002 -3.43017578125000E-0002  1.05590820312500E-0002 
 1.31000000000000E+0002 -3.10363769531250E-0002  3.29589843750000E-0003 
 1.31500000000000E+0002 -2.81677246093750E-0002 -4.08935546875000E-0003 
 1.32000000000000E+0002 -2.45361328125000E-0002 -1.05285644531250E-0002 
 1.32500000000000E+0002 -1.80053710937500E-0002 -1.69067382812500E-0002 
 1.33000000000000E+0002 -1.16577148437500E-0002 -2.31323242187500E-0002 
 1.33500000000000E+0002 -7.81250000000000E-0003 -2.76489257812500E-0002 
 1.34000000000000E+0002 -8.97216796875000E-0003 -3.15551757812500E-0002 
 1.34500000000000E+0002 -1.22680664062500E-0002 -3.31420898437500E-0002 
 1.35000000000000E+0002 -1.56250000000000E-0002 -3.58886718750000E-0002 
 1.35500000000000E+0002 -2.05078125000000E-0002 -4.24194335937500E-0002 
 1.36000000000000E+0002 -2.85339355468750E-0002 -4.86145019531250E-0002 
 1.36500000000000E+0002 -3.59191894531250E-0002 -4.94995117187500E-0002 
 1.37000000000000E+0002 -3.54003906250000E-0002 -4.61425781250000E-0002 
 1.37500000000000E+0002 -2.68554687500000E-0002 -4.20837402343750E-0002 
 1.38000000000000E+0002 -1.63879394531250E-0002 -3.66516113281250E-0002 
 1.38500000000000E+0002 -9.94873046875000E-0003 -2.85034179687500E-0002 
 1.39000000000000E+0002 -6.46972656250000E-0003 -2.00500488281250E-0002 
 1.39500000000000E+0002 -3.78417968750000E-0003 -1.29394531250000E-0002 
 1.40000000000000E+0002 -3.05175781250000E-0003 -7.29370117187500E-0003 
 1.40500000000000E+0002 -5.34057617187500E-0003 -4.69970703125000E-0003 
 1.41000000000000E+0002 -9.67407226562500E-0003 -7.26318359375000E-0003 
 1.41500000000000E+0002 -1.23291015625000E-0002 -1.28479003906250E-0002 
 1.42000000000000E+0002 -1.36718750000000E-0002 -1.60522460937500E-0002 
 1.42500000000000E+0002 -1.69372558593750E-0002 -1.48010253906250E-0002 
 1.43000000000000E+0002 -1.94702148437500E-0002 -1.30310058593750E-0002 
 1.43500000000000E+0002 -1.84631347656250E-0002 -1.20849609375000E-0002 
 1.44000000000000E+0002 -1.54418945312500E-0002 -7.17163085937500E-0003 
 1.44500000000000E+0002 -1.11389160156250E-0002 -1.98364257812500E-0003 
 1.45000000000000E+0002 -8.20922851562500E-0003 -5.67626953125000E-0003 
 1.45500000000000E+0002 -9.79614257812500E-0003 -1.78833007812500E-0002 
 1.46000000000000E+0002 -1.76696777343750E-0002 -2.67028808593750E-0002 
 1.46500000000000E+0002 -2.47802734375000E-0002 -2.76489257812500E-0002 
 1.47000000000000E+0002 -2.60620117187500E-0002 -3.00292968750000E-0002 
 1.47500000000000E+0002 -2.64282226562500E-0002 -3.44238281250000E-0002 
 1.48000000000000E+0002 -2.39562988281250E-0002 -3.20739746093750E-0002 
 1.48500000000000E+0002 -1.45263671875000E-0002 -2.63671875000000E-0002 
 1.49000000000000E+0002 -3.08227539062500E-0003 -2.56652832031250E-0002 
 1.49500000000000E+0002  3.41796875000000E-0003 -2.78625488281250E-0002 
 1.50000000000000E+0002  2.22778320312500E-0003 -2.84118652343750E-0002 
 1.50500000000000E+0002 -1.92260742187500E-0003 -3.13110351562500E-0002 
 1.51000000000000E+0002 -1.02539062500000E-0002 -3.70788574218750E-0002 
 1.51500000000000E+0002 -2.06604003906250E-0002 -4.12902832031250E-0002 
 1.52000000000000E+0002 -2.99682617187500E-0002 -4.32434082031250E-0002 
 1.52500000000000E+0002 -3.92761230468750E-0002 -4.22973632812500E-0002 
 1.53000000000000E+0002 -4.69970703125000E-0002 -3.98559570312500E-0002 
 1.53500000000000E+0002 -5.42602539062500E-0002 -3.63769531250000E-0002 
 1.54000000000000E+0002 -6.01806640625000E-0002 -3.41491699218750E-0002 
 1.54500000000000E+0002 -6.31103515625000E-0002 -3.40576171875000E-0002 
 1.55000000000000E+0002 -6.28051757812500E-0002 -3.62854003906250E-0002 
 1.55500000000000E+0002 -6.07604980468750E-0002 -4.34570312500000E-0002 
 1.56000000000000E+0002 -5.81054687500000E-0002 -5.42602539062500E-0002 
 1.56500000000000E+0002 -5.23376464843750E-0002 -6.03942871093750E-0002 
 1.57000000000000E+0002 -4.22363281250000E-0002 -6.04553222656250E-0002 
 1.57500000000000E+0002 -3.40576171875000E-0002 -5.62133789062500E-0002 
 1.58000000000000E+0002 -3.04565429687500E-0002 -4.88281250000000E-0002 
 1.58500000000000E+0002 -2.90527343750000E-0002 -3.61022949218750E-0002 
 1.59000000000000E+0002 -2.54821777343750E-0002 -1.96533203125000E-0002 
 1.59500000000000E+0002 -1.74865722656250E-0002 -9.39941406250000E-0003 
 1.60000000000000E+0002 -1.14135742187500E-0002 -8.42285156250000E-0003 
 1.60500000000000E+0002 -8.91113281250000E-0003 -1.35192871093750E-0002 
 1.61000000000000E+0002 -7.32421875000000E-0003 -2.23999023437500E-0002 
 1.61500000000000E+0002 -4.08935546875000E-0003 -3.27758789062500E-0002 
 1.62000000000000E+0002 -5.79833984375000E-0004 -4.33044433593750E-0002 
 1.62500000000000E+0002 -4.82177734375000E-0003 -4.82788085937500E-0002 
 1.63000000000000E+0002 -1.16882324218750E-0002 -4.24194335937500E-0002 
 1.63500000000000E+0002 -1.49841308593750E-0002 -3.27148437500000E-0002 
 1.64000000000000E+0002 -1.47399902343750E-0002 -2.45666503906250E-0002 
 1.64500000000000E+0002 -1.57775878906250E-0002 -1.89514160156250E-0002 
 1.65000000000000E+0002 -2.23083496093750E-0002 -1.42211914062500E-0002 
 1.65500000000000E+0002 -3.01513671875000E-0002 -9.49096679687500E-0003 
 1.66000000000000E+0002 -3.70483398437500E-0002 -1.12915039062500E-0002 
 1.66500000000000E+0002 -4.36096191406250E-0002 -1.40380859375000E-0002 
 1.67000000000000E+0002 -4.70886230468750E-0002 -1.45874023437500E-0002 
 1.67500000000000E+0002 -4.60205078125000E-0002 -1.53198242187500E-0002 
 1.68000000000000E+0002 -3.93981933593750E-0002 -1.94396972656250E-0002 
 1.68500000000000E+0002 -2.87170410156250E-0002 -2.57263183593750E-0002 
 1.69000000000000E+0002 -1.71813964843750E-0002 -3.04870605468750E-0002 
 1.69500000000000E+0002 -1.25122070312500E-0002 -3.24096679687500E-0002 
 1.70000000000000E+0002 -1.41906738281250E-0002 -3.28674316406250E-0002 
 1.70500000000000E+0002 -1.76696777343750E-0002 -3.35083007812500E-0002 
 1.71000000000000E+0002 -2.15148925781250E-0002 -3.38134765625000E-0002 
 1.71500000000000E+0002 -2.79235839843750E-0002 -3.39355468750000E-0002 
 1.72000000000000E+0002 -3.40881347656250E-0002 -3.53698730468750E-0002 
 1.72500000000000E+0002 -3.63464355468750E-0002 -4.15344238281250E-0002 
 1.73000000000000E+0002 -3.98254394531250E-0002 -4.89501953125000E-0002 
 1.73500000000000E+0002 -4.68139648437500E-0002 -5.06286621093750E-0002 
 1.74000000000000E+0002 -5.28564453125000E-0002 -4.57458496093750E-0002 
 1.74500000000000E+0002 -5.49926757812500E-0002 -3.84216308593750E-0002 
 1.75000000000000E+0002 -5.06896972656250E-0002 -3.12500000000000E-0002 
 1.75500000000000E+0002 -4.32128906250000E-0002 -2.47497558593750E-0002 
 1.76000000000000E+0002 -3.78112792968750E-0002 -1.65710449218750E-0002 
 1.76500000000000E+0002 -3.50036621093750E-0002 -8.20922851562500E-0003 
 1.77000000000000E+0002 -3.49426269531250E-0002 -5.85937500000000E-0003 
 1.77500000000000E+0002 -4.22058105468750E-0002 -1.21154785156250E-0002 
 1.78000000000000E+0002 -5.56030273437500E-0002 -1.80664062500000E-0002 
 1.78500000000000E+0002 -6.34460449218750E-0002 -1.98974609375000E-0002 
 1.79000000000000E+0002 -6.05163574218750E-0002 -2.51464843750000E-0002 
 1.79500000000000E+0002 -5.20629882812500E-0002 -3.60412597656250E-0002 
 1.80000000000000E+0002 -4.42199707031250E-0002 -4.65698242187500E-0002 
 1.80500000000000E+0002 -3.67736816406250E-0002 -5.15441894531250E-0002 
 1.81000000000000E+0002 -3.03039550781250E-0002 -5.34362792968750E-0002 
 1.81500000000000E+0002 -2.50549316406250E-0002 -5.34667968750000E-0002 
 1.82000000000000E+0002 -2.06909179687500E-0002 -5.27954101562500E-0002 
 1.82500000000000E+0002 -1.54418945312500E-0002 -5.19714355468750E-0002 
 1.83000000000000E+0002 -9.76562500000000E-0003 -4.85229492187500E-0002 
 1.83500000000000E+0002 -2.71606445312500E-0003 -4.31823730468750E-0002 
 1.84000000000000E+0002  2.83813476562500E-0003 -3.78417968750000E-0002 
 1.84500000000000E+0002  2.96020507812500E-0003 -3.39355468750000E-0002 
 1.85000000000000E+0002 -3.23486328125000E-0003 -2.81677246093750E-0002 
 1.85500000000000E+0002 -9.64355468750000E-0003 -2.02331542968750E-0002 
 1.86000000000000E+0002 -1.33972167968750E-0002 -1.65100097656250E-0002 
 1.86500000000000E+0002 -1.45263671875000E-0002 -1.72424316406250E-0002 
 1.87000000000000E+0002 -1.50146484375000E-0002 -1.88598632812500E-0002 
 1.87500000000000E+0002 -1.44042968750000E-0002 -2.02331542968750E-0002 
 1.88000000000000E+0002 -1.53808593750000E-0002 -1.93481445312500E-0002 
 1.88500000000000E+0002 -2.13623046875000E-0002 -1.68762207031250E-0002 
 1.89000000000000E+0002 -2.81677246093750E-0002 -1.31530761718750E-0002 
 1.89500000000000E+0002 -3.49121093750000E-0002 -1.00708007812500E-0002 
 1.90000000000000E+0002 -4.49523925781250E-0002 -9.36889648437500E-0003 
 1.90500000000000E+0002 -5.44738769531250E-0002 -1.10778808593750E-0002 
 1.91000000000000E+0002 -5.45043945312500E-0002 -1.33361816406250E-0002 
 1.91500000000000E+0002 -4.33959960937500E-0002 -1.49536132812500E-0002 
 1.92000000000000E+0002 -2.91748046875000E-0002 -1.62963867187500E-0002 
 1.92500000000000E+0002 -1.62048339843750E-0002 -1.87683105468750E-0002 
 1.93000000000000E+0002 -7.08007812500000E-0003 -2.22167968750000E-0002 
 1.93500000000000E+0002 -2.22778320312500E-0003 -2.46887207031250E-0002 
 1.94000000000000E+0002 -1.52587890625000E-0004 -2.78320312500000E-0002 
 1.94500000000000E+0002 -9.15527343750000E-0005 -3.31726074218750E-0002 
 1.95000000000000E+0002 -2.19726562500000E-0003 -3.63464355468750E-0002 
 1.95500000000000E+0002 -3.02124023437500E-0003 -3.32946777343750E-0002 
 1.96000000000000E+0002  1.28173828125000E-0003 -2.55432128906250E-0002 
 1.96500000000000E+0002  7.04956054687500E-0003 -1.95922851562500E-0002 
 1.97000000000000E+0002  8.51440429687500E-0003 -1.91345214843750E-0002 
 1.97500000000000E+0002  4.33349609375000E-0003 -1.69067382812500E-0002 
 1.98000000000000E+0002  3.96728515625000E-0004 -1.01928710937500E-0002 
 1.98500000000000E+0002 -2.53295898437500E-0003 -4.54711914062500E-0003 
 1.99000000000000E+0002 -5.52368164062500E-0003 -4.57763671875000E-0003 
 1.99500000000000E+0002 -9.21630859375000E-0003 -7.81250000000000E-0003 
 2.00000000000000E+0002 -1.10168457031250E-0002 -8.66699218750000E-0003 
 2.00500000000000E+0002 -1.21459960937500E-0002 -1.16882324218750E-0002 
 2.01000000000000E+0002 -1.49536132812500E-0002 -2.12707519531250E-0002 
 2.01500000000000E+0002 -1.95312500000000E-0002 -3.21960449218750E-0002 
 2.02000000000000E+0002 -2.32238769531250E-0002 -3.46374511718750E-0002 
 2.02500000000000E+0002 -2.16979980468750E-0002 -2.79846191406250E-0002 
 2.03000000000000E+0002 -1.38549804687500E-0002 -1.87988281250000E-0002 
 2.03500000000000E+0002  1.67846679687500E-0003 -8.91113281250000E-0003 
 2.04000000000000E+0002  2.11791992187500E-0002 -2.74658203125000E-0004 
 2.04500000000000E+0002  3.82080078125000E-0002  3.47900390625000E-0003 
 2.05000000000000E+0002  4.81872558593750E-0002  4.27246093750000E-0004 
 2.05500000000000E+0002  4.36706542968750E-0002 -7.56835937500000E-0003 
 2.06000000000000E+0002  2.49328613281250E-0002 -1.29394531250000E-0002 
 2.06500000000000E+0002 -2.80761718750000E-0003 -1.69067382812500E-0002 
 2.07000000000000E+0002 -3.17382812500000E-0002 -2.02331542968750E-0002 
 2.07500000000000E+0002 -5.37719726562500E-0002 -1.94396972656250E-0002 
 2.08000000000000E+0002 -6.68945312500000E-0002 -1.55029296875000E-0002 
 2.08500000000000E+0002 -7.11975097656250E-0002 -1.11694335937500E-0002 
 2.09000000000000E+0002 -6.72607421875000E-0002 -8.78906250000000E-0003 
 2.09500000000000E+0002 -5.88684082031250E-0002 -8.57543945312500E-0003 
 2.10000000000000E+0002 -5.12695312500000E-0002 -1.02233886718750E-0002 
 2.10500000000000E+0002 -4.59289550781250E-0002 -1.42211914062500E-0002 
 2.11000000000000E+0002 -4.24804687500000E-0002 -2.07824707031250E-0002 
 2.11500000000000E+0002 -4.10156250000000E-0002 -3.10974121093750E-0002 
 2.12000000000000E+0002 -4.72717285156250E-0002 -4.06188964843750E-0002 
 2.12500000000000E+0002 -5.52062988281250E-0002 -4.22058105468750E-0002 
 2.13000000000000E+0002 -5.58471679687500E-0002 -3.88488769531250E-0002 
 2.13500000000000E+0002 -5.16967773437500E-0002 -3.75976562500000E-0002 
 2.14000000000000E+0002 -4.79736328125000E-0002 -3.50952148437500E-0002 
 2.14500000000000E+0002 -4.31823730468750E-0002 -2.68249511718750E-0002 
 2.15000000000000E+0002 -3.29284667968750E-0002 -1.58996582031250E-0002 
 2.15500000000000E+0002 -2.07519531250000E-0002 -1.02539062500000E-0002 
 2.16000000000000E+0002 -1.57775878906250E-0002 -1.22985839843750E-0002 
 2.16500000000000E+0002 -2.09960937500000E-0002 -1.48620605468750E-0002 
 2.17000000000000E+0002 -2.89916992187500E-0002 -1.77917480468750E-0002 
 2.17500000000000E+0002 -3.43933105468750E-0002 -2.81066894531250E-0002 
 2.18000000000000E+0002 -3.76892089843750E-0002 -4.53796386718750E-0002 
 2.18500000000000E+0002 -4.19921875000000E-0002 -5.97229003906250E-0002 
 2.19000000000000E+0002 -4.38537597656250E-0002 -6.14318847656250E-0002 
 2.19500000000000E+0002 -3.81774902343750E-0002 -5.69763183593750E-0002 
 2.20000000000000E+0002 -2.81372070312500E-0002 -5.35888671875000E-0002 
 2.20500000000000E+0002 -1.85852050781250E-0002 -4.60510253906250E-0002 
 2.21000000000000E+0002 -1.15966796875000E-0002 -3.61328125000000E-0002 
 2.21500000000000E+0002 -5.12695312500000E-0003 -3.04260253906250E-0002 
 2.22000000000000E+0002 -1.70898437500000E-0003 -3.06091308593750E-0002 
 2.22500000000000E+0002 -2.80761718750000E-0003 -3.34472656250000E-0002 
 2.23000000000000E+0002 -6.65283203125000E-0003 -3.25622558593750E-0002 
 2.23500000000000E+0002 -1.06201171875000E-0002 -3.23791503906250E-0002 
 2.24000000000000E+0002 -1.43737792968750E-0002 -3.43627929687500E-0002 
 2.24500000000000E+0002 -1.59301757812500E-0002 -3.36303710937500E-0002 
 2.25000000000000E+0002 -1.43127441406250E-0002 -2.96020507812500E-0002 
 2.25500000000000E+0002 -8.02612304687500E-0003 -2.38342285156250E-0002 
 2.26000000000000E+0002 -1.09863281250000E-0003 -2.10266113281250E-0002 
 2.26500000000000E+0002  1.70898437500000E-0003 -2.00805664062500E-0002 
 2.27000000000000E+0002  4.57763671875000E-0004 -1.84631347656250E-0002 
 2.27500000000000E+0002 -2.16674804687500E-0003 -2.15148925781250E-0002 
 2.28000000000000E+0002 -5.55419921875000E-0003 -2.89916992187500E-0002 
 2.28500000000000E+0002 -8.75854492187500E-0003 -3.54919433593750E-0002 
 2.29000000000000E+0002 -9.46044921875000E-0003 -3.68347167968750E-0002 
 2.29500000000000E+0002 -7.23266601562500E-0003 -3.60107421875000E-0002 
 2.30000000000000E+0002 -6.34765625000000E-0003 -3.64074707031250E-0002 
 2.30500000000000E+0002 -7.17163085937500E-0003 -3.43627929687500E-0002 
 2.31000000000000E+0002 -7.90405273437500E-0003 -2.89306640625000E-0002 
 2.31500000000000E+0002 -1.21154785156250E-0002 -2.26745605468750E-0002 
 2.32000000000000E+0002 -1.99890136718750E-0002 -1.58996582031250E-0002 
 2.32500000000000E+0002 -2.58483886718750E-0002 -9.79614257812500E-0003 
 2.33000000000000E+0002 -2.89001464843750E-0002 -2.92968750000000E-0003 
 2.33500000000000E+0002 -2.85034179687500E-0002  2.77709960937500E-0003 
 2.34000000000000E+0002 -2.54211425781250E-0002  5.43212890625000E-0003 
 2.34500000000000E+0002 -2.08435058593750E-0002  2.13623046875000E-0003 
 2.35000000000000E+0002 -1.84020996093750E-0002 -6.59179687500000E-0003 
 2.35500000000000E+0002 -1.73034667968750E-0002 -1.39465332031250E-0002 
 2.36000000000000E+0002 -1.30615234375000E-0002 -2.01721191406250E-0002 
 2.36500000000000E+0002 -8.45336914062500E-0003 -2.84118652343750E-0002 
 2.37000000000000E+0002 -5.73730468750000E-0003 -3.89099121093750E-0002 
 2.37500000000000E+0002 -3.26538085937500E-0003 -4.69970703125000E-0002 
 2.38000000000000E+0002 -1.06811523437500E-0003 -5.09643554687500E-0002 
 2.38500000000000E+0002 -3.23486328125000E-0003 -5.51147460937500E-0002 
 2.39000000000000E+0002 -9.76562500000000E-0003 -5.74951171875000E-0002 
 2.39500000000000E+0002 -1.55639648437500E-0002 -5.45959472656250E-0002 
 2.40000000000000E+0002 -1.82800292968750E-0002 -4.51965332031250E-0002 
 2.40500000000000E+0002 -1.98364257812500E-0002 -3.38134765625000E-0002 
 2.41000000000000E+0002 -2.08129882812500E-0002 -2.45666503906250E-0002 
 2.41500000000000E+0002 -1.97753906250000E-0002 -1.56860351562500E-0002 
 2.42000000000000E+0002 -1.78527832031250E-0002 -9.52148437500000E-0003 
 2.42500000000000E+0002 -1.86767578125000E-0002 -1.11694335937500E-0002 
 2.43000000000000E+0002 -2.48718261718750E-0002 -1.91955566406250E-0002 
 2.43500000000000E+0002 -3.27148437500000E-0002 -2.80151367187500E-0002 
 2.44000000000000E+0002 -3.86352539062500E-0002 -3.46984863281250E-0002 
 2.44500000000000E+0002 -4.32739257812500E-0002 -3.79943847656250E-0002 
 2.45000000000000E+0002 -4.78210449218750E-0002 -3.36608886718750E-0002 
 2.45500000000000E+0002 -4.97131347656250E-0002 -2.28271484375000E-0002 
 2.46000000000000E+0002 -4.38537597656250E-0002 -9.76562500000000E-0003 
 2.46500000000000E+0002 -2.92968750000000E-0002 -3.66210937500000E-0003 
 2.47000000000000E+0002 -1.39770507812500E-0002 -5.64575195312500E-0003 
 2.47500000000000E+0002 -2.28881835937500E-0003 -1.16271972656250E-0002 
 2.48000000000000E+0002  4.02832031250000E-0003 -1.88293457031250E-0002 
 2.48500000000000E+0002  5.85937500000000E-0003 -2.46582031250000E-0002 
 2.49000000000000E+0002  7.72094726562500E-0003 -2.99682617187500E-0002 
 2.49500000000000E+0002  1.11694335937500E-0002 -3.35083007812500E-0002 
 2.50000000000000E+0002  1.70593261718750E-0002 -3.05175781250000E-0002 
 2.50500000000000E+0002  2.27661132812500E-0002 -2.42614746093750E-0002 
 2.51000000000000E+0002  2.78320312500000E-0002 -1.73950195312500E-0002 
 2.51500000000000E+0002  3.36608886718750E-0002 -1.07421875000000E-0002 
 2.52000000000000E+0002  3.34777832031250E-0002 -5.34057617187500E-0003 
 2.52500000000000E+0002  2.66723632812500E-0002 -2.44140625000000E-0003 
 2.53000000000000E+0002  1.60217285156250E-0002 -6.77490234375000E-0003 
 2.53500000000000E+0002  5.58471679687500E-0003 -1.80664062500000E-0002 
 2.54000000000000E+0002 -1.70898437500000E-0003 -3.55834960937500E-0002 
 2.54500000000000E+0002 -9.67407226562500E-0003 -5.49621582031250E-0002 
 2.55000000000000E+0002 -1.51977539062500E-0002 -6.36596679687500E-0002 
 2.55500000000000E+0002 -1.46789550781250E-0002 -6.01196289062500E-0002 
 2.56000000000000E+0002 -1.15661621093750E-0002 -5.21850585937500E-0002 
 2.56500000000000E+0002 -1.01318359375000E-0002 -4.13818359375000E-0002 
 2.57000000000000E+0002 -9.91821289062500E-0003 -2.85644531250000E-0002 
 2.57500000000000E+0002 -7.11059570312500E-0003 -2.18505859375000E-0002 
 2.58000000000000E+0002 -5.88989257812500E-0003 -2.76489257812500E-0002 
 2.58500000000000E+0002 -1.08337402343750E-0002 -3.78417968750000E-0002 
 2.59000000000000E+0002 -1.42822265625000E-0002 -4.68750000000000E-0002 
 2.59500000000000E+0002 -1.37939453125000E-0002 -5.82580566406250E-0002 
 2.60000000000000E+0002 -1.67846679687500E-0002 -6.80541992187500E-0002 
 2.60500000000000E+0002 -2.51464843750000E-0002 -6.63757324218750E-0002 
 2.61000000000000E+0002 -3.16772460937500E-0002 -5.50842285156250E-0002 
 2.61500000000000E+0002 -3.56750488281250E-0002 -4.15344238281250E-0002 
 2.62000000000000E+0002 -4.01306152343750E-0002 -2.54211425781250E-0002 
 2.62500000000000E+0002 -4.17480468750000E-0002 -1.07421875000000E-0002 
 2.63000000000000E+0002 -4.00695800781250E-0002 -6.68334960937500E-0003 
 2.63500000000000E+0002 -3.84826660156250E-0002 -1.39160156250000E-0002 
 2.64000000000000E+0002 -4.09240722656250E-0002 -2.56652832031250E-0002 
 2.64500000000000E+0002 -4.57458496093750E-0002 -3.88488769531250E-0002 
 2.65000000000000E+0002 -4.78820800781250E-0002 -5.29785156250000E-0002 
 2.65500000000000E+0002 -4.83398437500000E-0002 -6.32629394531250E-0002 
 2.66000000000000E+0002 -4.63867187500000E-0002 -6.37817382812500E-0002 
 2.66500000000000E+0002 -4.19921875000000E-0002 -5.61218261718750E-0002 
 2.67000000000000E+0002 -3.37524414062500E-0002 -4.65698242187500E-0002 
 2.67500000000000E+0002 -2.48107910156250E-0002 -3.97644042968750E-0002 
 2.68000000000000E+0002 -2.07214355468750E-0002 -3.64074707031250E-0002 
 2.68500000000000E+0002 -2.29187011718750E-0002 -3.39050292968750E-0002 
 2.69000000000000E+0002 -2.65197753906250E-0002 -3.44238281250000E-0002 
 2.69500000000000E+0002 -3.11279296875000E-0002 -4.02526855468750E-0002 
 2.70000000000000E+0002 -3.89709472656250E-0002 -4.63256835937500E-0002 
 2.70500000000000E+0002 -4.51660156250000E-0002 -4.73937988281250E-0002 
 2.71000000000000E+0002 -4.61730957031250E-0002 -4.17175292968750E-0002 
 2.71500000000000E+0002 -4.21142578125000E-0002 -3.45153808593750E-0002 
 2.72000000000000E+0002 -3.62243652343750E-0002 -2.63366699218750E-0002 
 2.72500000000000E+0002 -3.30810546875000E-0002 -1.55944824218750E-0002 
 2.73000000000000E+0002 -3.14941406250000E-0002 -6.65283203125000E-0003 
 2.73500000000000E+0002 -3.22875976562500E-0002 -2.25830078125000E-0003 
 2.74000000000000E+0002 -3.58276367187500E-0002 -3.50952148437500E-0003 
 2.74500000000000E+0002 -4.42199707031250E-0002 -6.40869140625000E-0003 
 2.75000000000000E+0002 -5.09643554687500E-0002 -7.99560546875000E-0003 
 2.75500000000000E+0002 -4.91027832031250E-0002 -1.00402832031250E-0002 
 2.76000000000000E+0002 -4.06188964843750E-0002 -1.36413574218750E-0002 
 2.76500000000000E+0002 -3.13720703125000E-0002 -1.69372558593750E-0002 
 2.77000000000000E+0002 -2.09655761718750E-0002 -1.59606933593750E-0002 
 2.77500000000000E+0002 -9.82666015625000E-0003 -1.59301757812500E-0002 
 2.78000000000000E+0002 -2.56347656250000E-0003 -2.02331542968750E-0002 
 2.78500000000000E+0002 -1.98364257812500E-0003 -2.22167968750000E-0002 
 2.79000000000000E+0002 -3.23486328125000E-0003 -1.96838378906250E-0002 
 2.79500000000000E+0002 -7.47680664062500E-0003 -1.74560546875000E-0002 
 2.80000000000000E+0002 -1.55639648437500E-0002 -1.34582519531250E-0002 
 2.80500000000000E+0002 -2.19421386718750E-0002 -4.18090820312500E-0003 
 2.81000000000000E+0002 -2.39868164062500E-0002  4.66918945312500E-0003 
 2.81500000000000E+0002 -2.83508300781250E-0002  7.32421875000000E-0003 
 2.82000000000000E+0002 -3.50952148437500E-0002  7.96508789062500E-0003 
 2.82500000000000E+0002 -3.44543457031250E-0002  9.06372070312500E-0003 
 2.83000000000000E+0002 -2.64282226562500E-0002  6.31713867187500E-0003 
 2.83500000000000E+0002 -1.90124511718750E-0002  1.70898437500000E-0003 
 2.84000000000000E+0002 -1.26647949218750E-0002 -2.04467773437500E-0003 
 2.84500000000000E+0002 -8.54492187500000E-0003 -8.33129882812500E-0003 
 2.85000000000000E+0002 -8.45336914062500E-0003 -1.61743164062500E-0002 
 2.85500000000000E+0002 -1.28173828125000E-0002 -2.37426757812500E-0002 
 2.86000000000000E+0002 -1.89514160156250E-0002 -3.04260253906250E-0002 
 2.86500000000000E+0002 -2.82592773437500E-0002 -3.86047363281250E-0002 
 2.87000000000000E+0002 -4.22973632812500E-0002 -4.26635742187500E-0002 
 2.87500000000000E+0002 -4.98657226562500E-0002 -3.64074707031250E-0002 
 2.88000000000000E+0002 -4.59594726562500E-0002 -2.74047851562500E-0002 
 2.88500000000000E+0002 -3.58581542968750E-0002 -2.05993652343750E-0002 
 2.89000000000000E+0002 -2.23388671875000E-0002 -1.52893066406250E-0002 
 2.89500000000000E+0002 -5.82885742187500E-0003 -1.33361816406250E-0002 
 2.90000000000000E+0002  1.04064941406250E-0002 -1.75476074218750E-0002 
 2.90500000000000E+0002  1.79138183593750E-0002 -2.79846191406250E-0002 
 2.91000000000000E+0002  1.76391601562500E-0002 -3.70483398437500E-0002 
 2.91500000000000E+0002  1.05895996093750E-0002 -4.44335937500000E-0002 
 2.92000000000000E+0002 -4.69970703125000E-0003 -4.68444824218750E-0002 
 2.92500000000000E+0002 -2.06604003906250E-0002 -3.96118164062500E-0002 
 2.93000000000000E+0002 -2.76489257812500E-0002 -2.54821777343750E-0002 
 2.93500000000000E+0002 -2.81677246093750E-0002 -1.32141113281250E-0002 
 2.94000000000000E+0002 -3.23181152343750E-0002 -3.54003906250000E-0003 
 2.94500000000000E+0002 -3.89404296875000E-0002  8.57543945312500E-0003 
 2.95000000000000E+0002 -3.81469726562500E-0002  1.82495117187500E-0002 
 2.95500000000000E+0002 -3.16467285156250E-0002  2.12402343750000E-0002 
 2.96000000000000E+0002 -2.54516601562500E-0002  2.09045410156250E-0002 
 2.96500000000000E+0002 -1.81579589843750E-0002  1.77001953125000E-0002 
 2.97000000000000E+0002 -1.01928710937500E-0002  1.12915039062500E-0002 
 2.97500000000000E+0002 -7.78198242187500E-0003  1.80053710937500E-0003 
 2.98000000000000E+0002 -1.70288085937500E-0002 -6.74438476562500E-0003 
 2.98500000000000E+0002 -3.08837890625000E-0002 -1.33361816406250E-0002 
 2.99000000000000E+0002 -4.42810058593750E-0002 -2.26135253906250E-0002 
 2.99500000000000E+0002 -5.73730468750000E-0002 -3.06091308593750E-0002 
 3.00000000000000E+0002 -6.62536621093750E-0002 -3.35693359375000E-0002 
 3.00500000000000E+0002 -6.50024414062500E-0002 -3.22570800781250E-0002 
 3.01000000000000E+0002 -5.61218261718750E-0002 -3.07617187500000E-0002 
 3.01500000000000E+0002 -4.96520996093750E-0002 -3.29589843750000E-0002 
 3.02000000000000E+0002 -5.08728027343750E-0002 -3.44543457031250E-0002 
 3.02500000000000E+0002 -5.52673339843750E-0002 -3.25927734375000E-0002 
 3.03000000000000E+0002 -5.94482421875000E-0002 -3.10363769531250E-0002 
 3.03500000000000E+0002 -6.28967285156250E-0002 -3.46679687500000E-0002 
 3.04000000000000E+0002 -6.28051757812500E-0002 -3.94287109375000E-0002 
 3.04500000000000E+0002 -5.88073730468750E-0002 -3.75366210937500E-0002 
 3.05000000000000E+0002 -5.17272949218750E-0002 -2.81372070312500E-0002 
 3.05500000000000E+0002 -4.30603027343750E-0002 -2.10876464843750E-0002 
 3.06000000000000E+0002 -3.86657714843750E-0002 -2.10266113281250E-0002 
 3.06500000000000E+0002 -4.29992675781250E-0002 -2.11791992187500E-0002 
 3.07000000000000E+0002 -5.41076660156250E-0002 -1.67846679687500E-0002 
 3.07500000000000E+0002 -6.22558593750000E-0002 -1.35498046875000E-0002 
 3.08000000000000E+0002 -6.10351562500000E-0002 -1.67541503906250E-0002 
 3.08500000000000E+0002 -5.47180175781250E-0002 -2.58789062500000E-0002 
 3.09000000000000E+0002 -4.47387695312500E-0002 -3.50646972656250E-0002 
 3.09500000000000E+0002 -2.98156738281250E-0002 -4.41589355468750E-0002 
 3.10000000000000E+0002 -1.52587890625000E-0002 -5.17578125000000E-0002 
 3.10500000000000E+0002 -1.04980468750000E-0002 -5.52978515625000E-0002 
 3.11000000000000E+0002 -1.56555175781250E-0002 -4.92553710937500E-0002 
 3.11500000000000E+0002 -2.18811035156250E-0002 -3.46374511718750E-0002 
 3.12000000000000E+0002 -2.67944335937500E-0002 -1.95312500000000E-0002 
 3.12500000000000E+0002 -3.15551757812500E-0002 -1.08642578125000E-0002 
 3.13000000000000E+0002 -3.29895019531250E-0002 -8.91113281250000E-0003 
 3.13500000000000E+0002 -2.80761718750000E-0002 -1.21765136718750E-0002 
 3.14000000000000E+0002 -1.87683105468750E-0002 -2.07214355468750E-0002 
 3.14500000000000E+0002 -1.02233886718750E-0002 -3.32946777343750E-0002 
 3.15000000000000E+0002 -2.89916992187500E-0003 -4.36706542968750E-0002 
 3.15500000000000E+0002  3.11279296875000E-0003 -4.85839843750000E-0002 
 3.16000000000000E+0002  4.27246093750000E-0003 -5.16967773437500E-0002 
 3.16500000000000E+0002 -1.52587890625000E-0004 -5.58776855468750E-0002 
 3.17000000000000E+0002 -1.10473632812500E-0002 -5.83190917968750E-0002 
 3.17500000000000E+0002 -2.75268554687500E-0002 -5.40161132812500E-0002 
 3.18000000000000E+0002 -4.49523925781250E-0002 -4.38842773437500E-0002 
 3.18500000000000E+0002 -5.79528808593750E-0002 -3.28063964843750E-0002 
 3.19000000000000E+0002 -6.15234375000000E-0002 -2.39562988281250E-0002 
 3.19500000000000E+0002 -5.89599609375000E-0002 -1.51672363281250E-0002 
 3.20000000000000E+0002 -5.01098632812500E-0002 -6.40869140625000E-0003 
 3.20500000000000E+0002 -3.52478027343750E-0002 -4.48608398437500E-0003 
 3.21000000000000E+0002 -1.77001953125000E-0002 -1.37329101562500E-0002 
 3.21500000000000E+0002 -3.66210937500000E-0003 -2.95410156250000E-0002 
 3.22000000000000E+0002  2.65502929687500E-0003 -4.51354980468750E-0002 
 3.22500000000000E+0002  3.87573242187500E-0003 -5.79528808593750E-0002 
 3.23000000000000E+0002  3.96728515625000E-0003 -6.64978027343750E-0002 
 3.23500000000000E+0002  2.28881835937500E-0003 -6.81457519531250E-0002 
 3.24000000000000E+0002 -2.25830078125000E-0003 -6.42089843750000E-0002 
 3.24500000000000E+0002 -8.23974609375000E-0003 -5.66406250000000E-0002 
 3.25000000000000E+0002 -1.28479003906250E-0002 -4.76074218750000E-0002 
 3.25500000000000E+0002 -1.49230957031250E-0002 -3.90625000000000E-0002 
 3.26000000000000E+0002 -1.70288085937500E-0002 -3.32946777343750E-0002 
 3.26500000000000E+0002 -2.17590332031250E-0002 -2.87475585937500E-0002 
 3.27000000000000E+0002 -2.79235839843750E-0002 -2.28271484375000E-0002 
 3.27500000000000E+0002 -3.25622558593750E-0002 -1.62048339843750E-0002 
 3.28000000000000E+0002 -3.49426269531250E-0002 -1.08032226562500E-0002 
 3.28500000000000E+0002 -3.88183593750000E-0002 -9.58251953125000E-0003 
 3.29000000000000E+0002 -4.46166992187500E-0002 -1.13830566406250E-0002 
 3.29500000000000E+0002 -4.87976074218750E-0002 -1.49841308593750E-0002 
 3.30000000000000E+0002 -5.26733398437500E-0002 -1.82495117187500E-0002 
 3.30500000000000E+0002 -5.66406250000000E-0002 -2.16064453125000E-0002 
 3.31000000000000E+0002 -5.99975585937500E-0002 -2.56652832031250E-0002 
 3.31500000000000E+0002 -5.92346191406250E-0002 -2.43225097656250E-0002 
 3.32000000000000E+0002 -5.26733398437500E-0002 -2.05688476562500E-0002 
 3.32500000000000E+0002 -4.19616699218750E-0002 -2.13012695312500E-0002 
 3.33000000000000E+0002 -3.14636230468750E-0002 -2.79541015625000E-0002 
 3.33500000000000E+0002 -2.64892578125000E-0002 -3.57360839843750E-0002 
 3.34000000000000E+0002 -2.67028808593750E-0002 -4.01306152343750E-0002 
 3.34500000000000E+0002 -2.85949707031250E-0002 -4.69055175781250E-0002 
 3.35000000000000E+0002 -3.23791503906250E-0002 -5.68542480468750E-0002 
 3.35500000000000E+0002 -3.95507812500000E-0002 -6.19201660156250E-0002 
 3.36000000000000E+0002 -4.15344238281250E-0002 -5.98144531250000E-0002 
 3.36500000000000E+0002 -3.54919433593750E-0002 -5.59387207031250E-0002 
 3.37000000000000E+0002 -2.53295898437500E-0002 -5.54199218750000E-0002 
 3.37500000000000E+0002 -2.08129882812500E-0002 -5.59387207031250E-0002 
 3.38000000000000E+0002 -2.27966308593750E-0002 -5.31311035156250E-0002 
 3.38500000000000E+0002 -2.73132324218750E-0002 -4.71191406250000E-0002 
 3.39000000000000E+0002 -3.02429199218750E-0002 -4.22363281250000E-0002 
 3.39500000000000E+0002 -3.24707031250000E-0002 -3.88488769531250E-0002 
 3.40000000000000E+0002 -3.68041992187500E-0002 -3.54003906250000E-0002 
 3.40500000000000E+0002 -4.22363281250000E-0002 -2.88391113281250E-0002 
 3.41000000000000E+0002 -4.49523925781250E-0002 -2.12402343750000E-0002 
 3.41500000000000E+0002 -4.71496582031250E-0002 -1.71813964843750E-0002 
 3.42000000000000E+0002 -5.16357421875000E-0002 -1.68457031250000E-0002 
 3.42500000000000E+0002 -5.89294433593750E-0002 -1.80969238281250E-0002 
 3.43000000000000E+0002 -6.41174316406250E-0002 -2.04772949218750E-0002 
 3.43500000000000E+0002 -6.17675781250000E-0002 -2.55737304687500E-0002 
 3.44000000000000E+0002 -5.29785156250000E-0002 -3.13415527343750E-0002 
 3.44500000000000E+0002 -4.26940917968750E-0002 -3.47900390625000E-0002 
 3.45000000000000E+0002 -3.49426269531250E-0002 -3.36608886718750E-0002 
 3.45500000000000E+0002 -2.74047851562500E-0002 -3.00292968750000E-0002 
 3.46000000000000E+0002 -1.94091796875000E-0002 -2.82592773437500E-0002 
 3.46500000000000E+0002 -1.47094726562500E-0002 -2.92358398437500E-0002 
 3.47000000000000E+0002 -1.46789550781250E-0002 -3.20129394531250E-0002 
 3.47500000000000E+0002 -1.89514160156250E-0002 -3.49731445312500E-0002 
 3.48000000000000E+0002 -2.77099609375000E-0002 -3.79943847656250E-0002 
 3.48500000000000E+0002 -3.86352539062500E-0002 -3.65600585937500E-0002 
 3.49000000000000E+0002 -4.82177734375000E-0002 -2.85339355468750E-0002 
 3.49500000000000E+0002 -5.52368164062500E-0002 -1.59301757812500E-0002 
 3.50000000000000E+0002 -5.93872070312500E-0002 -3.54003906250000E-0003 
 3.50500000000000E+0002 -5.84716796875000E-0002  2.99072265625000E-0003 
 3.51000000000000E+0002 -5.43212890625000E-0002  3.23486328125000E-0003 
 3.51500000000000E+0002 -4.90112304687500E-0002 -6.40869140625000E-0004 
 3.52000000000000E+0002 -4.23583984375000E-0002 -7.69042968750000E-0003 
 3.52500000000000E+0002 -3.70483398437500E-0002 -1.66015625000000E-0002 
 3.53000000000000E+0002 -3.26538085937500E-0002 -2.17895507812500E-0002 
 3.53500000000000E+0002 -2.68249511718750E-0002 -2.13012695312500E-0002 
 3.54000000000000E+0002 -2.09655761718750E-0002 -2.13012695312500E-0002 
 3.54500000000000E+0002 -1.98669433593750E-0002 -2.49633789062500E-0002 
 3.55000000000000E+0002 -2.30712890625000E-0002 -2.97546386718750E-0002 
 3.55500000000000E+0002 -2.60009765625000E-0002 -3.27758789062500E-0002 
 3.56000000000000E+0002 -3.01208496093750E-0002 -3.37219238281250E-0002 
 3.56500000000000E+0002 -3.44238281250000E-0002 -3.07006835937500E-0002 
 3.57000000000000E+0002 -3.40270996093750E-0002 -2.57263183593750E-0002 
 3.57500000000000E+0002 -3.02429199218750E-0002 -2.19726562500000E-0002 
 3.58000000000000E+0002 -2.87170410156250E-0002 -2.08740234375000E-0002 
 3.58500000000000E+0002 -3.28063964843750E-0002 -2.23999023437500E-0002 
 3.59000000000000E+0002 -3.95812988281250E-0002 -2.66113281250000E-0002 
 3.59500000000000E+0002 -4.72106933593750E-0002 -3.03649902343750E-0002 
 3.60000000000000E+0002 -5.52978515625000E-0002 -2.97241210937500E-0002 
 3.60500000000000E+0002 -6.19201660156250E-0002 -2.28881835937500E-0002 
 3.61000000000000E+0002 -6.27441406250000E-0002 -1.18713378906250E-0002 
 3.61500000000000E+0002 -5.81359863281250E-0002  1.83105468750000E-0004 
 3.62000000000000E+0002 -5.13916015625000E-0002  9.88769531250000E-0003 
 3.62500000000000E+0002 -4.44335937500000E-0002  1.59606933593750E-0002 
 3.63000000000000E+0002 -3.57360839843750E-0002  1.47094726562500E-0002 
 3.63500000000000E+0002 -2.97851562500000E-0002  4.60815429687500E-0003 
 3.64000000000000E+0002 -2.79846191406250E-0002 -9.88769531250000E-0003 
 3.64500000000000E+0002 -2.43225097656250E-0002 -2.32238769531250E-0002 
 3.65000000000000E+0002 -1.84326171875000E-0002 -3.58886718750000E-0002 
 3.65500000000000E+0002 -1.69372558593750E-0002 -4.88891601562500E-0002 
 3.66000000000000E+0002 -1.98669433593750E-0002 -5.69763183593750E-0002 
 3.66500000000000E+0002 -2.02636718750000E-0002 -5.91430664062500E-0002 
 3.67000000000000E+0002 -2.02941894531250E-0002 -5.88073730468750E-0002 
 3.67500000000000E+0002 -2.64892578125000E-0002 -5.63049316406250E-0002 
 3.68000000000000E+0002 -3.45764160156250E-0002 -5.09643554687500E-0002 
 3.68500000000000E+0002 -4.13818359375000E-0002 -4.26940917968750E-0002 
 3.69000000000000E+0002 -4.45556640625000E-0002 -3.38745117187500E-0002 
 3.69500000000000E+0002 -4.51354980468750E-0002 -2.56042480468750E-0002 
 3.70000000000000E+0002 -4.19616699218750E-0002 -1.77307128906250E-0002 
 3.70500000000000E+0002 -3.53698730468750E-0002 -1.39465332031250E-0002 
 3.71000000000000E+0002 -3.07006835937500E-0002 -1.74865722656250E-0002 
 3.71500000000000E+0002 -3.13110351562500E-0002 -2.32543945312500E-0002 
 3.72000000000000E+0002 -3.36914062500000E-0002 -2.71606445312500E-0002 
 3.72500000000000E+0002 -3.39965820312500E-0002 -3.25012207031250E-0002 
 3.73000000000000E+0002 -3.31115722656250E-0002 -4.22973632812500E-0002 
 3.73500000000000E+0002 -3.64379882812500E-0002 -5.13610839843750E-0002 
 3.74000000000000E+0002 -4.03442382812500E-0002 -5.28259277343750E-0002 
 3.74500000000000E+0002 -4.02526855468750E-0002 -5.02319335937500E-0002 
 3.75000000000000E+0002 -3.96728515625000E-0002 -4.91638183593750E-0002 
 3.75500000000000E+0002 -4.37927246093750E-0002 -4.93774414062500E-0002 
 3.76000000000000E+0002 -5.00488281250000E-0002 -4.49523925781250E-0002 
 3.76500000000000E+0002 -5.09643554687500E-0002 -3.64685058593750E-0002 
 3.77000000000000E+0002 -4.29687500000000E-0002 -3.04870605468750E-0002 
 3.77500000000000E+0002 -2.87475585937500E-0002 -2.99682617187500E-0002 
 3.78000000000000E+0002 -1.65100097656250E-0002 -2.94799804687500E-0002 
 3.78500000000000E+0002 -8.97216796875000E-0003 -2.55737304687500E-0002 
 3.79000000000000E+0002  6.71386718750000E-0004 -2.24914550781250E-0002 
 3.79500000000000E+0002  1.33666992187500E-0002 -2.81982421875000E-0002 
 3.80000000000000E+0002  1.77917480468750E-0002 -3.74755859375000E-0002 
 3.80500000000000E+0002  1.29699707031250E-0002 -4.01000976562500E-0002 
 3.81000000000000E+0002  1.06201171875000E-0002 -3.62854003906250E-0002 
 3.81500000000000E+0002  1.63269042968750E-0002 -3.21655273437500E-0002 
 3.82000000000000E+0002  2.16979980468750E-0002 -3.41186523437500E-0002 
 3.82500000000000E+0002  1.65710449218750E-0002 -3.72009277343750E-0002 
 3.83000000000000E+0002  9.30786132812500E-0003 -3.72009277343750E-0002 
 3.83500000000000E+0002  8.85009765625000E-0003 -3.99780273437500E-0002 
 3.84000000000000E+0002  8.60595703125000E-0003 -4.78210449218750E-0002 
 3.84500000000000E+0002  2.07519531250000E-0003 -5.26428222656250E-0002 
 3.85000000000000E+0002 -4.88281250000000E-0003 -4.91638183593750E-0002 
 3.85500000000000E+0002 -5.00488281250000E-0003 -4.42504882812500E-0002 
 3.86000000000000E+0002 -3.96728515625000E-0003 -4.12292480468750E-0002 
 3.86500000000000E+0002 -5.31005859375000E-0003 -3.66821289062500E-0002 
 3.87000000000000E+0002 -6.34765625000000E-0003 -3.08227539062500E-0002 
 3.87500000000000E+0002 -5.06591796875000E-0003 -2.97241210937500E-0002 
 3.88000000000000E+0002 -8.39233398437500E-0003 -3.52783203125000E-0002 
 3.88500000000000E+0002 -2.00195312500000E-0002 -4.00695800781250E-0002 
 3.89000000000000E+0002 -3.56750488281250E-0002 -4.14123535156250E-0002 
 3.89500000000000E+0002 -4.95910644531250E-0002 -4.25415039062500E-0002 
 3.90000000000000E+0002 -6.28662109375000E-0002 -4.64172363281250E-0002 
 3.90500000000000E+0002 -7.44018554687500E-0002 -4.72106933593750E-0002 
 3.91000000000000E+0002 -7.49816894531250E-0002 -4.15344238281250E-0002 
 3.91500000000000E+0002 -6.06384277343750E-0002 -3.39965820312500E-0002 
 3.92000000000000E+0002 -3.89099121093750E-0002 -3.02734375000000E-0002 
 3.92500000000000E+0002 -1.97448730468750E-0002 -3.10974121093750E-0002 
 3.93000000000000E+0002 -4.30297851562500E-0003 -3.02429199218750E-0002 
 3.93500000000000E+0002  7.41577148437500E-0003 -2.75573730468750E-0002 
 3.94000000000000E+0002  6.77490234375000E-0003 -2.59704589843750E-0002 
 3.94500000000000E+0002 -4.51660156250000E-0003 -2.59094238281250E-0002 
 3.95000000000000E+0002 -1.91955566406250E-0002 -2.44140625000000E-0002 
 3.95500000000000E+0002 -3.25622558593750E-0002 -1.98974609375000E-0002 
 3.96000000000000E+0002 -4.29382324218750E-0002 -1.47399902343750E-0002 
 3.96500000000000E+0002 -4.79431152343750E-0002 -1.22375488281250E-0002 
 3.97000000000000E+0002 -4.50744628906250E-0002 -8.78906250000000E-0003 
 3.97500000000000E+0002 -3.89404296875000E-0002 -5.00488281250000E-0003 
 3.98000000000000E+0002 -3.79638671875000E-0002 -3.29589843750000E-0003 
 3.98500000000000E+0002 -3.75671386718750E-0002 -2.31933593750000E-0003 
 3.99000000000000E+0002 -3.29895019531250E-0002 -1.06811523437500E-0003 
 3.99500000000000E+0002 -2.78015136718750E-0002 -8.23974609375000E-0004 
