 0.00000000000000E+0000  5.31727294921875E+0001 -1.38280334472656E+0001 
 5.00000000000000E-0001  5.91158447265625E+0001 -1.32590637207031E+0001 
 1.00000000000000E+0000  5.83076782226563E+0001 -9.95278930664063E+0000 
 1.50000000000000E+0000  5.32506713867188E+0001 -6.06924438476563E+0000 
 2.00000000000000E+0000  5.00609436035156E+0001 -4.63290405273438E+0000 
 2.50000000000000E+0000  4.87000122070313E+0001 -4.57189941406250E+0000 
 3.00000000000000E+0000  4.79486389160156E+0001 -4.83404541015625E+0000 
 3.50000000000000E+0000  4.72608642578125E+0001 -5.15252685546875E+0000 
 4.00000000000000E+0000  4.65314331054688E+0001 -5.46276855468750E+0000 
 4.50000000000000E+0000  4.57806396484375E+0001 -5.82229614257813E+0000 
 5.00000000000000E+0000  4.49943542480469E+0001 -6.27935791015625E+0000 
 5.50000000000000E+0000  4.41778564453125E+0001 -6.74423217773438E+0000 
 6.00000000000000E+0000  4.33625488281250E+0001 -7.09863281250000E+0000 
 6.50000000000000E+0000  4.24964599609375E+0001 -7.30123901367188E+0000 
 7.00000000000000E+0000  4.15097351074219E+0001 -7.31237792968750E+0000 
 7.50000000000000E+0000  4.04250793457031E+0001 -7.12561035156250E+0000 
 8.00000000000000E+0000  3.92649230957031E+0001 -6.82815551757813E+0000 
 8.50000000000000E+0000  3.80328369140625E+0001 -6.50640869140625E+0000 
 9.00000000000000E+0000  3.67767028808594E+0001 -6.21194458007813E+0000 
 9.50000000000000E+0000  3.55481567382813E+0001 -6.00363159179688E+0000 
 1.00000000000000E+0001  3.43495178222656E+0001 -5.90933227539063E+0000 
 1.05000000000000E+0001  3.31682434082031E+0001 -5.88580322265625E+0000 
 1.10000000000000E+0001  3.20141296386719E+0001 -5.87448120117188E+0000 
 1.15000000000000E+0001  3.08655090332031E+0001 -5.85864257812500E+0000 
 1.20000000000000E+0001  2.96929016113281E+0001 -5.81231689453125E+0000 
 1.25000000000000E+0001  2.85108947753906E+0001 -5.72381591796875E+0000 
 1.30000000000000E+0001  2.73257446289063E+0001 -5.62469482421875E+0000 
 1.35000000000000E+0001  2.61161499023438E+0001 -5.53768920898438E+0000 
 1.40000000000000E+0001  2.48814086914063E+0001 -5.44915771484375E+0000 
 1.45000000000000E+0001  2.36433410644531E+0001 -5.34909057617188E+0000 
 1.50000000000000E+0001  2.23969421386719E+0001 -5.24526977539063E+0000 
 1.55000000000000E+0001  2.11314086914063E+0001 -5.11483764648438E+0000 
 1.60000000000000E+0001  1.98847045898438E+0001 -4.91827392578125E+0000 
 1.65000000000000E+0001  1.86955871582031E+0001 -4.65670776367188E+0000 
 1.70000000000000E+0001  1.75620422363281E+0001 -4.35388183593750E+0000 
 1.75000000000000E+0001  1.64884338378906E+0001 -4.02572631835938E+0000 
 1.80000000000000E+0001  1.54974060058593E+0001 -3.69445800781250E+0000 
 1.85000000000000E+0001  1.45819702148437E+0001 -3.39022827148438E+0000 
 1.90000000000000E+0001  1.37150268554687E+0001 -3.12844848632813E+0000 
 1.95000000000000E+0001  1.28927307128906E+0001 -2.90927124023438E+0000 
 2.00000000000000E+0001  1.21198730468750E+0001 -2.74050903320313E+0000 
 2.05000000000000E+0001  1.13747253417968E+0001 -2.62487792968750E+0000 
 2.10000000000000E+0001  1.06482543945312E+0001 -2.54925537109375E+0000 
 2.15000000000000E+0001  9.94827270507813E+0000 -2.50167846679688E+0000 
 2.20000000000000E+0001  9.26379394531250E+0000 -2.46380615234375E+0000 
 2.25000000000000E+0001  8.57489013671875E+0000 -2.41113281250000E+0000 
 2.30000000000000E+0001  7.88073730468750E+0000 -2.32769775390625E+0000 
 2.35000000000000E+0001  7.19180297851563E+0000 -2.20339965820313E+0000 
 2.40000000000000E+0001  6.50863647460938E+0000 -2.03872680664063E+0000 
 2.45000000000000E+0001  5.83355712890625E+0000 -1.84259033203125E+0000 
 2.50000000000000E+0001  5.18234252929688E+0000 -1.63061523437500E+0000 
 2.55000000000000E+0001  4.56918334960938E+0000 -1.41308593750000E+0000 
 2.60000000000000E+0001  4.00527954101563E+0000 -1.19845581054688E+0000 
 2.65000000000000E+0001  3.51071166992188E+0000 -1.00234985351563E+0000 
 2.70000000000000E+0001  3.10104370117188E+0000 -8.31481933593750E-0001 
 2.75000000000000E+0001  2.77432250976563E+0000 -6.73706054687500E-0001 
 2.80000000000000E+0001  2.52423095703125E+0000 -5.20843505859375E-0001 
 2.85000000000000E+0001  2.34866333007813E+0000 -3.87542724609375E-0001 
 2.90000000000000E+0001  2.22753906250000E+0000 -2.89337158203125E-0001 
 2.95000000000000E+0001  2.13388061523438E+0000 -2.18322753906250E-0001 
 3.00000000000000E+0001  2.05325317382813E+0000 -1.76086425781250E-0001 
 3.05000000000000E+0001  1.97274780273438E+0000 -1.74865722656250E-0001 
 3.10000000000000E+0001  1.88076782226563E+0000 -2.10449218750000E-0001 
 3.15000000000000E+0001  1.77764892578125E+0000 -2.62207031250000E-0001 
 3.20000000000000E+0001  1.66714477539063E+0000 -3.12988281250000E-0001 
 3.25000000000000E+0001  1.54962158203125E+0000 -3.49792480468750E-0001 
 3.30000000000000E+0001  1.42706298828125E+0000 -3.59069824218750E-0001 
 3.35000000000000E+0001  1.30969238281250E+0000 -3.42315673828125E-0001 
 3.40000000000000E+0001  1.20266723632813E+0000 -3.12133789062500E-0001 
 3.45000000000000E+0001  1.10305786132813E+0000 -2.74658203125000E-0001 
 3.50000000000000E+0001  1.01461791992188E+0000 -2.27874755859375E-0001 
 3.55000000000000E+0001  9.46746826171875E-0001 -1.77398681640625E-0001 
 3.60000000000000E+0001  9.02191162109375E-0001 -1.30645751953125E-0001 
 3.65000000000000E+0001  8.80676269531250E-0001 -7.76672363281250E-0002 
 3.70000000000000E+0001  8.88366699218750E-0001 -9.39941406250000E-0003 
 3.75000000000000E+0001  9.25750732421875E-0001  6.96105957031250E-0002 
 3.80000000000000E+0001  9.86236572265625E-0001  1.51611328125000E-0001 
 3.85000000000000E+0001  1.05767822265625E+0000  2.29858398437500E-0001 
 3.90000000000000E+0001  1.12988281250000E+0000  2.95928955078125E-0001 
 3.95000000000000E+0001  1.19891357421875E+0000  3.39721679687500E-0001 
 4.00000000000000E+0001  1.26168823242188E+0000  3.53851318359375E-0001 
 4.05000000000000E+0001  1.31402587890625E+0000  3.42071533203125E-0001 
 4.10000000000000E+0001  1.35781860351563E+0000  3.06915283203125E-0001 
 4.15000000000000E+0001  1.39913940429688E+0000  2.52868652343750E-0001 
 4.20000000000000E+0001  1.44009399414063E+0000  1.87438964843750E-0001 
 4.25000000000000E+0001  1.47131347656250E+0000  1.19995117187500E-0001 
 4.30000000000000E+0001  1.49075317382813E+0000  6.11877441406250E-0002 
 4.35000000000000E+0001  1.50415039062500E+0000  1.55639648437500E-0002 
 4.40000000000000E+0001  1.51040649414063E+0000 -1.36718750000000E-0002 
 4.45000000000000E+0001  1.50726318359375E+0000 -2.32543945312500E-0002 
 4.50000000000000E+0001  1.50289916992188E+0000 -1.39465332031250E-0002 
 4.55000000000000E+0001  1.50933837890625E+0000  1.73950195312500E-0003 
 4.60000000000000E+0001  1.52423095703125E+0000  1.29394531250000E-0002 
 4.65000000000000E+0001  1.54067993164063E+0000  1.86157226562500E-0002 
 4.70000000000000E+0001  1.55950927734375E+0000  2.34680175781250E-0002 
 4.75000000000000E+0001  1.58377075195313E+0000  2.28271484375000E-0002 
 4.80000000000000E+0001  1.60806274414063E+0000  1.35803222656250E-0002 
 4.85000000000000E+0001  1.63085937500000E+0000  2.71606445312500E-0003 
 4.90000000000000E+0001  1.65411376953125E+0000 -4.97436523437500E-0003 
 4.95000000000000E+0001  1.67382812500000E+0000 -1.03454589843750E-0002 
 5.00000000000000E+0001  1.68853759765625E+0000 -1.37023925781250E-0002 
 5.05000000000000E+0001  1.70037841796875E+0000 -1.02539062500000E-0002 
 5.10000000000000E+0001  1.71215820312500E+0000 -1.19018554687500E-0003 
 5.15000000000000E+0001  1.72479248046875E+0000  1.00708007812500E-0002 
 5.20000000000000E+0001  1.73605346679688E+0000  2.45361328125000E-0002 
 5.25000000000000E+0001  1.75189208984375E+0000  4.03747558593750E-0002 
 5.30000000000000E+0001  1.77337646484375E+0000  4.91027832031250E-0002 
 5.35000000000000E+0001  1.79891967773438E+0000  4.89807128906250E-0002 
 5.40000000000000E+0001  1.82495117187500E+0000  4.26635742187500E-0002 
 5.45000000000000E+0001  1.84957885742188E+0000  3.27148437500000E-0002 
 5.50000000000000E+0001  1.86938476562500E+0000  1.97143554687500E-0002 
 5.55000000000000E+0001  1.88418579101563E+0000  4.24194335937500E-0003 
 5.60000000000000E+0001  1.89163208007813E+0000 -1.49841308593750E-0002 
 5.65000000000000E+0001  1.88858032226563E+0000 -3.91540527343750E-0002 
 5.70000000000000E+0001  1.87561035156250E+0000 -6.25915527343750E-0002 
 5.75000000000000E+0001  1.85894775390625E+0000 -8.39843750000000E-0002 
 5.80000000000000E+0001  1.84222412109375E+0000 -1.05590820312500E-0001 
 5.85000000000000E+0001  1.82598876953125E+0000 -1.22253417968750E-0001 
 5.90000000000000E+0001  1.80969238281250E+0000 -1.29608154296875E-0001 
 5.95000000000000E+0001  1.79235839843750E+0000 -1.26861572265625E-0001 
 6.00000000000000E+0001  1.77526855468750E+0000 -1.18927001953125E-0001 
 6.05000000000000E+0001  1.75683593750000E+0000 -1.08551025390625E-0001 
 6.10000000000000E+0001  1.73614501953125E+0000 -9.57641601562500E-0002 
 6.15000000000000E+0001  1.71130371093750E+0000 -7.96813964843750E-0002 
 6.20000000000000E+0001  1.68719482421875E+0000 -5.90209960937500E-0002 
 6.25000000000000E+0001  1.66744995117188E+0000 -3.94592285156250E-0002 
 6.30000000000000E+0001  1.65109252929688E+0000 -2.12097167968750E-0002 
 6.35000000000000E+0001  1.64587402343750E+0000 -4.48608398437500E-0003 
 6.40000000000000E+0001  1.65225219726563E+0000  3.29589843750000E-0003 
 6.45000000000000E+0001  1.66302490234375E+0000  3.05175781250000E-0004 
 6.50000000000000E+0001  1.67431640625000E+0000 -9.06372070312500E-0003 
 6.55000000000000E+0001  1.68453979492188E+0000 -1.75476074218750E-0002 
 6.60000000000000E+0001  1.69323730468750E+0000 -2.64282226562500E-0002 
 6.65000000000000E+0001  1.69439697265625E+0000 -3.86657714843750E-0002 
 6.70000000000000E+0001  1.68862915039063E+0000 -5.09033203125000E-0002 
 6.75000000000000E+0001  1.67980957031250E+0000 -6.25610351562500E-0002 
 6.80000000000000E+0001  1.66351318359375E+0000 -7.36999511718750E-0002 
 6.85000000000000E+0001  1.64248657226563E+0000 -8.27026367187500E-0002 
 6.90000000000000E+0001  1.61868286132813E+0000 -8.99963378906250E-0002 
 6.95000000000000E+0001  1.59188842773438E+0000 -9.59472656250000E-0002 
 7.00000000000000E+0001  1.56076049804688E+0000 -9.49096679687500E-0002 
 7.05000000000000E+0001  1.53060913085938E+0000 -8.56933593750000E-0002 
 7.10000000000000E+0001  1.50430297851563E+0000 -7.55615234375000E-0002 
 7.15000000000000E+0001  1.47961425781250E+0000 -6.97021484375000E-0002 
 7.20000000000000E+0001  1.45352172851563E+0000 -6.59179687500000E-0002 
 7.25000000000000E+0001  1.42904663085938E+0000 -5.61218261718750E-0002 
 7.30000000000000E+0001  1.41278076171875E+0000 -3.96118164062500E-0002 
 7.35000000000000E+0001  1.40560913085938E+0000 -2.50549316406250E-0002 
 7.40000000000000E+0001  1.40924072265625E+0000 -1.43127441406250E-0002 
 7.45000000000000E+0001  1.42037963867188E+0000 -4.57763671875000E-0003 
 7.50000000000000E+0001  1.43743896484375E+0000  7.53784179687500E-0003 
 7.55000000000000E+0001  1.45605468750000E+0000  1.33666992187500E-0002 
 7.60000000000000E+0001  1.46765136718750E+0000  6.65283203125000E-0003 
 7.65000000000000E+0001  1.46813964843750E+0000 -4.57763671875000E-0003 
 7.70000000000000E+0001  1.46334838867188E+0000 -1.12915039062500E-0002 
 7.75000000000000E+0001  1.45654296875000E+0000 -1.59912109375000E-0002 
 7.80000000000000E+0001  1.44714355468750E+0000 -2.37121582031250E-0002 
 7.85000000000000E+0001  1.43347167968750E+0000 -3.15246582031250E-0002 
 7.90000000000000E+0001  1.42034912109375E+0000 -3.44848632812500E-0002 
 7.95000000000000E+0001  1.41156005859375E+0000 -3.65295410156250E-0002 
 8.00000000000000E+0001  1.40383911132813E+0000 -4.22058105468750E-0002 
 8.05000000000000E+0001  1.39242553710938E+0000 -4.83703613281250E-0002 
 8.10000000000000E+0001  1.38098144531250E+0000 -5.04150390625000E-0002 
 8.15000000000000E+0001  1.37335205078125E+0000 -5.04760742187500E-0002 
 8.20000000000000E+0001  1.36965942382813E+0000 -5.00183105468750E-0002 
 8.25000000000000E+0001  1.36868286132813E+0000 -4.97436523437500E-0002 
 8.30000000000000E+0001  1.37158203125000E+0000 -5.00793457031250E-0002 
 8.35000000000000E+0001  1.38079833984375E+0000 -5.27954101562500E-0002 
 8.40000000000000E+0001  1.39166259765625E+0000 -5.74340820312500E-0002 
 8.45000000000000E+0001  1.39929199218750E+0000 -5.62438964843750E-0002 
 8.50000000000000E+0001  1.40444946289063E+0000 -4.75158691406250E-0002 
 8.55000000000000E+0001  1.40676879882813E+0000 -3.47595214843750E-0002 
 8.60000000000000E+0001  1.40243530273438E+0000 -1.77917480468750E-0002 
 8.65000000000000E+0001  1.39385986328125E+0000  1.92260742187500E-0003 
 8.70000000000000E+0001  1.38821411132813E+0000  1.89208984375000E-0002 
 8.75000000000000E+0001  1.39062500000000E+0000  2.18505859375000E-0002 
 8.80000000000000E+0001  1.39343261718750E+0000  7.75146484375000E-0003 
 8.85000000000000E+0001  1.39147949218750E+0000 -1.08337402343750E-0002 
 8.90000000000000E+0001  1.38885498046875E+0000 -2.56042480468750E-0002 
 8.95000000000000E+0001  1.38690185546875E+0000 -3.72924804687500E-0002 
 9.00000000000000E+0001  1.38171386718750E+0000 -4.38232421875000E-0002 
 9.05000000000000E+0001  1.37039184570313E+0000 -3.98559570312500E-0002 
 9.10000000000000E+0001  1.36010742187500E+0000 -2.61230468750000E-0002 
 9.15000000000000E+0001  1.35494995117188E+0000 -1.55029296875000E-0002 
 9.20000000000000E+0001  1.35144042968750E+0000 -1.46484375000000E-0002 
 9.25000000000000E+0001  1.34960937500000E+0000 -1.93176269531250E-0002 
 9.30000000000000E+0001  1.35028076171875E+0000 -2.49938964843750E-0002 
 9.35000000000000E+0001  1.34661865234375E+0000 -3.14025878906250E-0002 
 9.40000000000000E+0001  1.33959960937500E+0000 -3.56140136718750E-0002 
 9.45000000000000E+0001  1.33258056640625E+0000 -3.35998535156250E-0002 
 9.50000000000000E+0001  1.32644653320313E+0000 -2.61535644531250E-0002 
 9.55000000000000E+0001  1.31607055664063E+0000 -1.63574218750000E-0002 
 9.60000000000000E+0001  1.30392456054688E+0000 -7.23266601562500E-0003 
 9.65000000000000E+0001  1.29901123046875E+0000 -1.80053710937500E-0003 
 9.70000000000000E+0001  1.29623413085938E+0000  6.10351562500000E-0005 
 9.75000000000000E+0001  1.28921508789063E+0000  6.40869140625000E-0004 
 9.80000000000000E+0001  1.28186035156250E+0000  1.06811523437500E-0003 
 9.85000000000000E+0001  1.27944946289063E+0000  1.89208984375000E-0003 
 9.90000000000000E+0001  1.28067016601563E+0000  1.67846679687500E-0003 
 9.95000000000000E+0001  1.27990722656250E+0000 -2.34985351562500E-0003 
 1.00000000000000E+0002  1.27801513671875E+0000 -6.01196289062500E-0003 
 1.00500000000000E+0002  1.28103637695313E+0000 -6.04248046875000E-0003 
 1.01000000000000E+0002  1.29171752929688E+0000 -6.37817382812500E-0003 
 1.01500000000000E+0002  1.30245971679688E+0000 -1.27563476562500E-0002 
 1.02000000000000E+0002  1.30496215820313E+0000 -1.90124511718750E-0002 
 1.02500000000000E+0002  1.30340576171875E+0000 -2.03857421875000E-0002 
 1.03000000000000E+0002  1.30291748046875E+0000 -2.30102539062500E-0002 
 1.03500000000000E+0002  1.29882812500000E+0000 -3.03649902343750E-0002 
 1.04000000000000E+0002  1.28942871093750E+0000 -3.24707031250000E-0002 
 1.04500000000000E+0002  1.28182983398438E+0000 -3.00292968750000E-0002 
 1.05000000000000E+0002  1.27746582031250E+0000 -3.15246582031250E-0002 
 1.05500000000000E+0002  1.27209472656250E+0000 -3.28369140625000E-0002 
 1.06000000000000E+0002  1.26513671875000E+0000 -2.56652832031250E-0002 
 1.06500000000000E+0002  1.25854492187500E+0000 -1.53503417968750E-0002 
 1.07000000000000E+0002  1.24945068359375E+0000 -1.01623535156250E-0002 
 1.07500000000000E+0002  1.23962402343750E+0000 -7.17163085937500E-0003 
 1.08000000000000E+0002  1.23544311523438E+0000 -4.11987304687500E-0003 
 1.08500000000000E+0002  1.23324584960938E+0000 -4.24194335937500E-0003 
 1.09000000000000E+0002  1.22671508789063E+0000 -7.32421875000000E-0003 
 1.09500000000000E+0002  1.21804809570313E+0000 -6.22558593750000E-0003 
 1.10000000000000E+0002  1.21136474609375E+0000  9.46044921875000E-0004 
 1.10500000000000E+0002  1.20581054687500E+0000  1.28784179687500E-0002 
 1.11000000000000E+0002  1.20193481445313E+0000  2.76794433593750E-0002 
 1.11500000000000E+0002  1.20645141601563E+0000  4.08020019531250E-0002 
 1.12000000000000E+0002  1.21661376953125E+0000  4.40673828125000E-0002 
 1.12500000000000E+0002  1.22631835937500E+0000  3.54003906250000E-0002 
 1.13000000000000E+0002  1.23049926757813E+0000  2.13012695312500E-0002 
 1.13500000000000E+0002  1.22720336914063E+0000  7.90405273437500E-0003 
 1.14000000000000E+0002  1.21496582031250E+0000 -4.15039062500000E-0003 
 1.14500000000000E+0002  1.19451904296875E+0000 -1.39770507812500E-0002 
 1.15000000000000E+0002  1.17443847656250E+0000 -1.40380859375000E-0002 
 1.15500000000000E+0002  1.16287231445313E+0000 -5.03540039062500E-0003 
 1.16000000000000E+0002  1.16241455078125E+0000  7.53784179687500E-0003 
 1.16500000000000E+0002  1.16848754882813E+0000  1.62658691406250E-0002 
 1.17000000000000E+0002  1.17398071289063E+0000  2.28271484375000E-0002 
 1.17500000000000E+0002  1.17706298828125E+0000  3.34472656250000E-0002 
 1.18000000000000E+0002  1.17877197265625E+0000  4.40063476562500E-0002 
 1.18500000000000E+0002  1.17807006835938E+0000  4.69055175781250E-0002 
 1.19000000000000E+0002  1.17749023437500E+0000  4.29077148437500E-0002 
 1.19500000000000E+0002  1.17803955078125E+0000  3.60717773437500E-0002 
 1.20000000000000E+0002  1.17977905273438E+0000  2.68554687500000E-0002 
 1.20500000000000E+0002  1.18103027343750E+0000  1.35803222656250E-0002 
 1.21000000000000E+0002  1.17495727539063E+0000 -9.15527343750000E-0005 
 1.21500000000000E+0002  1.15914916992188E+0000 -4.39453125000000E-0003 
 1.22000000000000E+0002  1.13705444335938E+0000 -6.10351562500000E-0004 
 1.22500000000000E+0002  1.11636352539063E+0000  5.00488281250000E-0003 
 1.23000000000000E+0002  1.10369873046875E+0000  8.91113281250000E-0003 
 1.23500000000000E+0002  1.09735107421875E+0000  1.00708007812500E-0002 
 1.24000000000000E+0002  1.09420776367188E+0000  7.59887695312500E-0003 
 1.24500000000000E+0002  1.09136962890625E+0000 -1.83105468750000E-0004 
 1.25000000000000E+0002  1.09097290039063E+0000 -5.18798828125000E-0003 
 1.25500000000000E+0002  1.09362792968750E+0000 -4.82177734375000E-0003 
 1.26000000000000E+0002  1.09423828125000E+0000 -1.28173828125000E-0003 
 1.26500000000000E+0002  1.09262084960938E+0000  5.88989257812500E-0003 
 1.27000000000000E+0002  1.09365844726563E+0000  1.29699707031250E-0002 
 1.27500000000000E+0002  1.09664916992188E+0000  1.55334472656250E-0002 
 1.28000000000000E+0002  1.09704589843750E+0000  1.37023925781250E-0002 
 1.28500000000000E+0002  1.09399414062500E+0000  7.65991210937500E-0003 
 1.29000000000000E+0002  1.08798217773438E+0000  1.52587890625000E-0004 
 1.29500000000000E+0002  1.08117675781250E+0000 -6.80541992187500E-0003 
 1.30000000000000E+0002  1.07891845703125E+0000 -1.04675292968750E-0002 
 1.30500000000000E+0002  1.08435058593750E+0000 -1.53808593750000E-0002 
 1.31000000000000E+0002  1.09167480468750E+0000 -2.30407714843750E-0002 
 1.31500000000000E+0002  1.09503173828125E+0000 -2.91137695312500E-0002 
 1.32000000000000E+0002  1.09524536132813E+0000 -3.35388183593750E-0002 
 1.32500000000000E+0002  1.09057617187500E+0000 -3.69567871093750E-0002 
 1.33000000000000E+0002  1.07934570312500E+0000 -3.56445312500000E-0002 
 1.33500000000000E+0002  1.06451416015625E+0000 -2.83508300781250E-0002 
 1.34000000000000E+0002  1.05038452148438E+0000 -1.77612304687500E-0002 
 1.34500000000000E+0002  1.04260253906250E+0000 -5.18798828125000E-0003 
 1.35000000000000E+0002  1.04284667968750E+0000  1.04064941406250E-0002 
 1.35500000000000E+0002  1.05020141601563E+0000  2.12097167968750E-0002 
 1.36000000000000E+0002  1.05618286132813E+0000  2.28271484375000E-0002 
 1.36500000000000E+0002  1.05718994140625E+0000  1.88903808593750E-0002 
 1.37000000000000E+0002  1.05844116210938E+0000  1.59301757812500E-0002 
 1.37500000000000E+0002  1.06185913085938E+0000  1.26342773437500E-0002 
 1.38000000000000E+0002  1.06381225585938E+0000  8.05664062500000E-0003 
 1.38500000000000E+0002  1.06359863281250E+0000  4.24194335937500E-0003 
 1.39000000000000E+0002  1.06463623046875E+0000  2.38037109375000E-0003 
 1.39500000000000E+0002  1.06671142578125E+0000  2.65502929687500E-0003 
 1.40000000000000E+0002  1.06814575195313E+0000  3.66210937500000E-0003 
 1.40500000000000E+0002  1.06838989257813E+0000  5.18798828125000E-0003 
 1.41000000000000E+0002  1.06692504882813E+0000  4.39453125000000E-0003 
 1.41500000000000E+0002  1.06292724609375E+0000  2.68554687500000E-0003 
 1.42000000000000E+0002  1.05508422851563E+0000 -8.85009765625000E-0004 
 1.42500000000000E+0002  1.04266357421875E+0000 -4.08935546875000E-0003 
 1.43000000000000E+0002  1.02511596679688E+0000 -5.09643554687500E-0003 
 1.43500000000000E+0002  1.00689697265625E+0000 -3.14331054687500E-0003 
 1.44000000000000E+0002  9.95666503906250E-0001  3.05175781250000E-0003 
 1.44500000000000E+0002  9.91973876953125E-0001  1.17492675781250E-0002 
 1.45000000000000E+0002  9.91424560546875E-0001  2.20336914062500E-0002 
 1.45500000000000E+0002  9.93957519531250E-0001  3.13720703125000E-0002 
 1.46000000000000E+0002  9.97833251953125E-0001  3.35083007812500E-0002 
 1.46500000000000E+0002  9.98748779296875E-0001  2.74353027343750E-0002 
 1.47000000000000E+0002  9.96551513671875E-0001  1.61743164062500E-0002 
 1.47500000000000E+0002  9.93103027343750E-0001  2.65502929687500E-0003 
 1.48000000000000E+0002  9.89471435546875E-0001 -7.65991210937500E-0003 
 1.48500000000000E+0002  9.88861083984375E-0001 -1.15356445312500E-0002 
 1.49000000000000E+0002  9.91210937500000E-0001 -1.20849609375000E-0002 
 1.49500000000000E+0002  9.93103027343750E-0001 -1.34887695312500E-0002 
 1.50000000000000E+0002  9.92980957031250E-0001 -1.27258300781250E-0002 
 1.50500000000000E+0002  9.91851806640625E-0001 -5.85937500000000E-0003 
 1.51000000000000E+0002  9.92767333984375E-0001 -8.85009765625000E-0004 
 1.51500000000000E+0002  9.89562988281250E-0001 -4.54711914062500E-0003 
 1.52000000000000E+0002  9.81079101562500E-0001 -9.18579101562500E-0003 
 1.52500000000000E+0002  9.71527099609375E-0001 -1.08947753906250E-0002 
 1.53000000000000E+0002  9.64263916015625E-0001 -1.39160156250000E-0002 
 1.53500000000000E+0002  9.58496093750000E-0001 -2.01416015625000E-0002 
 1.54000000000000E+0002  9.53247070312500E-0001 -2.58789062500000E-0002 
 1.54500000000000E+0002  9.51416015625000E-0001 -2.45971679687500E-0002 
 1.55000000000000E+0002  9.60449218750000E-0001 -1.69677734375000E-0002 
 1.55500000000000E+0002  9.74060058593750E-0001 -1.15966796875000E-0002 
 1.56000000000000E+0002  9.79248046875000E-0001 -8.36181640625000E-0003 
 1.56500000000000E+0002  9.75524902343750E-0001 -2.83813476562500E-0003 
 1.57000000000000E+0002  9.70397949218750E-0001  2.16674804687500E-0003 
 1.57500000000000E+0002  9.66766357421875E-0001  2.59399414062500E-0003 
 1.58000000000000E+0002  9.60296630859375E-0001  1.00708007812500E-0003 
 1.58500000000000E+0002  9.54010009765625E-0001  7.04956054687500E-0003 
 1.59000000000000E+0002  9.55902099609375E-0001  1.74255371093750E-0002 
 1.59500000000000E+0002  9.62066650390625E-0001  2.09045410156250E-0002 
 1.60000000000000E+0002  9.63745117187500E-0001  1.91650390625000E-0002 
 1.60500000000000E+0002  9.58740234375000E-0001  1.84020996093750E-0002 
 1.61000000000000E+0002  9.47601318359375E-0001  1.48010253906250E-0002 
 1.61500000000000E+0002  9.31945800781250E-0001  3.84521484375000E-0003 
 1.62000000000000E+0002  9.13604736328125E-0001 -1.06506347656250E-0002 
 1.62500000000000E+0002  8.94927978515625E-0001 -1.92871093750000E-0002 
 1.63000000000000E+0002  8.81011962890625E-0001 -2.17285156250000E-0002 
 1.63500000000000E+0002  8.73474121093750E-0001 -2.50244140625000E-0002 
 1.64000000000000E+0002  8.73657226562500E-0001 -2.41394042968750E-0002 
 1.64500000000000E+0002  8.81683349609375E-0001 -1.80053710937500E-0002 
 1.65000000000000E+0002  8.92211914062500E-0001 -1.03454589843750E-0002 
 1.65500000000000E+0002  9.03656005859375E-0001 -4.11987304687500E-0003 
 1.66000000000000E+0002  9.12902832031250E-0001 -2.74658203125000E-0004 
 1.66500000000000E+0002  9.20959472656250E-0001  3.38745117187500E-0003 
 1.67000000000000E+0002  9.26574707031250E-0001  1.49536132812500E-0003 
 1.67500000000000E+0002  9.21417236328125E-0001 -5.12695312500000E-0003 
 1.68000000000000E+0002  9.08569335937500E-0001 -9.76562500000000E-0003 
 1.68500000000000E+0002  8.95324707031250E-0001 -1.37329101562500E-0002 
 1.69000000000000E+0002  8.86993408203125E-0001 -1.68457031250000E-0002 
 1.69500000000000E+0002  8.82110595703125E-0001 -2.05383300781250E-0002 
 1.70000000000000E+0002  8.76739501953125E-0001 -2.37121582031250E-0002 
 1.70500000000000E+0002  8.75183105468750E-0001 -2.61840820312500E-0002 
 1.71000000000000E+0002  8.78173828125000E-0001 -2.97851562500000E-0002 
 1.71500000000000E+0002  8.80065917968750E-0001 -3.16162109375000E-0002 
 1.72000000000000E+0002  8.75488281250000E-0001 -3.09448242187500E-0002 
 1.72500000000000E+0002  8.64013671875000E-0001 -2.92663574218750E-0002 
 1.73000000000000E+0002  8.50097656250000E-0001 -2.30407714843750E-0002 
 1.73500000000000E+0002  8.39019775390625E-0001 -9.97924804687500E-0003 
 1.74000000000000E+0002  8.32946777343750E-0001  6.98852539062500E-0003 
 1.74500000000000E+0002  8.30871582031250E-0001  1.88598632812500E-0002 
 1.75000000000000E+0002  8.26171875000000E-0001  2.31323242187500E-0002 
 1.75500000000000E+0002  8.22540283203125E-0001  2.80456542968750E-0002 
 1.76000000000000E+0002  8.25408935546875E-0001  2.92968750000000E-0002 
 1.76500000000000E+0002  8.29803466796875E-0001  1.99279785156250E-0002 
 1.77000000000000E+0002  8.29132080078125E-0001  6.98852539062500E-0003 
 1.77500000000000E+0002  8.27880859375000E-0001  4.42504882812500E-0003 
 1.78000000000000E+0002  8.33526611328125E-0001  1.25732421875000E-0002 
 1.78500000000000E+0002  8.40759277343750E-0001  2.02331542968750E-0002 
 1.79000000000000E+0002  8.41705322265625E-0001  2.53295898437500E-0002 
 1.79500000000000E+0002  8.40332031250000E-0001  3.03039550781250E-0002 
 1.80000000000000E+0002  8.41857910156250E-0001  3.17687988281250E-0002 
 1.80500000000000E+0002  8.44818115234375E-0001  2.56347656250000E-0002 
 1.81000000000000E+0002  8.44818115234375E-0001  1.57165527343750E-0002 
 1.81500000000000E+0002  8.43170166015625E-0001  7.41577148437500E-0003 
 1.82000000000000E+0002  8.40179443359375E-0001  2.96020507812500E-0003 
 1.82500000000000E+0002  8.35876464843750E-0001  2.62451171875000E-0003 
 1.83000000000000E+0002  8.30291748046875E-0001  5.73730468750000E-0003 
 1.83500000000000E+0002  8.21533203125000E-0001  8.85009765625000E-0003 
 1.84000000000000E+0002  8.13201904296875E-0001  1.19018554687500E-0002 
 1.84500000000000E+0002  8.07037353515625E-0001  1.91345214843750E-0002 
 1.85000000000000E+0002  8.03955078125000E-0001  3.03039550781250E-0002 
 1.85500000000000E+0002  8.04565429687500E-0001  3.58581542968750E-0002 
 1.86000000000000E+0002  8.04901123046875E-0001  3.41796875000000E-0002 
 1.86500000000000E+0002  8.02246093750000E-0001  3.20129394531250E-0002 
 1.87000000000000E+0002  7.97760009765625E-0001  3.09753417968750E-0002 
 1.87500000000000E+0002  7.94403076171875E-0001  2.91748046875000E-0002 
 1.88000000000000E+0002  7.92388916015625E-0001  2.58789062500000E-0002 
 1.88500000000000E+0002  7.86712646484375E-0001  2.65502929687500E-0002 
 1.89000000000000E+0002  7.76824951171875E-0001  3.41186523437500E-0002 
 1.89500000000000E+0002  7.72430419921875E-0001  4.11071777343750E-0002 
 1.90000000000000E+0002  7.78228759765625E-0001  3.94287109375000E-0002 
 1.90500000000000E+0002  7.87078857421875E-0001  2.99072265625000E-0002 
 1.91000000000000E+0002  7.95684814453125E-0001  2.28576660156250E-0002 
 1.91500000000000E+0002  8.07495117187500E-0001  1.65100097656250E-0002 
 1.92000000000000E+0002  8.18756103515625E-0001  4.02832031250000E-0003 
 1.92500000000000E+0002  8.16345214843750E-0001 -9.97924804687500E-0003 
 1.93000000000000E+0002  7.99346923828125E-0001 -1.45263671875000E-0002 
 1.93500000000000E+0002  7.79235839843750E-0001 -1.01013183593750E-0002 
 1.94000000000000E+0002  7.63946533203125E-0001 -5.46264648437500E-0003 
 1.94500000000000E+0002  7.51861572265625E-0001  7.32421875000000E-0004 
 1.95000000000000E+0002  7.44415283203125E-0001  1.19323730468750E-0002 
 1.95500000000000E+0002  7.47192382812500E-0001  2.04772949218750E-0002 
 1.96000000000000E+0002  7.59460449218750E-0001  1.71813964843750E-0002 
 1.96500000000000E+0002  7.71575927734375E-0001  6.53076171875000E-0003 
 1.97000000000000E+0002  7.79022216796875E-0001 -2.89916992187500E-0003 
 1.97500000000000E+0002  7.84790039062500E-0001 -9.42993164062500E-0003 
 1.98000000000000E+0002  7.88604736328125E-0001 -1.47094726562500E-0002 
 1.98500000000000E+0002  7.83782958984375E-0001 -1.71203613281250E-0002 
 1.99000000000000E+0002  7.68493652343750E-0001 -1.35803222656250E-0002 
 1.99500000000000E+0002  7.49572753906250E-0001 -5.85937500000000E-0003 
 2.00000000000000E+0002  7.35443115234375E-0001 -2.68554687500000E-0003 
 2.00500000000000E+0002  7.25891113281250E-0001 -5.21850585937500E-0003 
 2.01000000000000E+0002  7.24090576171875E-0001 -8.42285156250000E-0003 
 2.01500000000000E+0002  7.34649658203125E-0001 -1.18713378906250E-0002 
 2.02000000000000E+0002  7.50854492187500E-0001 -1.49536132812500E-0002 
 2.02500000000000E+0002  7.66632080078125E-0001 -1.44958496093750E-0002 
 2.03000000000000E+0002  7.78625488281250E-0001 -1.19323730468750E-0002 
 2.03500000000000E+0002  7.87322998046875E-0001 -9.49096679687500E-0003 
 2.04000000000000E+0002  7.92572021484375E-0001 -8.78906250000000E-0003 
 2.04500000000000E+0002  7.93792724609375E-0001 -8.36181640625000E-0003 
 2.05000000000000E+0002  7.92663574218750E-0001 -9.49096679687500E-0003 
 2.05500000000000E+0002  7.90588378906250E-0001 -1.54113769531250E-0002 
 2.06000000000000E+0002  7.84851074218750E-0001 -2.42919921875000E-0002 
 2.06500000000000E+0002  7.75573730468750E-0001 -2.93579101562500E-0002 
 2.07000000000000E+0002  7.64129638671875E-0001 -2.87170410156250E-0002 
 2.07500000000000E+0002  7.54425048828125E-0001 -2.64282226562500E-0002 
 2.08000000000000E+0002  7.47772216796875E-0001 -2.72216796875000E-0002 
 2.08500000000000E+0002  7.42248535156250E-0001 -2.66418457031250E-0002 
 2.09000000000000E+0002  7.38098144531250E-0001 -2.06909179687500E-0002 
 2.09500000000000E+0002  7.37426757812500E-0001 -1.40380859375000E-0002 
 2.10000000000000E+0002  7.34985351562500E-0001 -1.03454589843750E-0002 
 2.10500000000000E+0002  7.29156494140625E-0001 -3.93676757812500E-0003 
 2.11000000000000E+0002  7.21832275390625E-0001  6.77490234375000E-0003 
 2.11500000000000E+0002  7.12982177734375E-0001  1.68762207031250E-0002 
 2.12000000000000E+0002  7.03155517578125E-0001  2.10876464843750E-0002 
 2.12500000000000E+0002  6.93389892578125E-0001  2.02636718750000E-0002 
 2.13000000000000E+0002  6.85943603515625E-0001  1.93786621093750E-0002 
 2.13500000000000E+0002  6.82312011718750E-0001  1.98059082031250E-0002 
 2.14000000000000E+0002  6.82617187500000E-0001  2.35900878906250E-0002 
 2.14500000000000E+0002  6.91009521484375E-0001  2.95410156250000E-0002 
 2.15000000000000E+0002  7.05505371093750E-0001  3.29589843750000E-0002 
 2.15500000000000E+0002  7.17285156250000E-0001  3.39965820312500E-0002 
 2.16000000000000E+0002  7.21252441406250E-0001  3.44238281250000E-0002 
 2.16500000000000E+0002  7.19360351562500E-0001  3.42712402343750E-0002 
 2.17000000000000E+0002  7.14294433593750E-0001  3.11889648437500E-0002 
 2.17500000000000E+0002  7.01629638671875E-0001  2.24914550781250E-0002 
 2.18000000000000E+0002  6.84448242187500E-0001  1.67541503906250E-0002 
 2.18500000000000E+0002  6.68701171875000E-0001  1.77307128906250E-0002 
 2.19000000000000E+0002  6.59515380859375E-0001  2.36816406250000E-0002 
 2.19500000000000E+0002  6.56341552734375E-0001  2.98767089843750E-0002 
 2.20000000000000E+0002  6.57043457031250E-0001  3.66821289062500E-0002 
 2.20500000000000E+0002  6.60461425781250E-0001  4.40368652343750E-0002 
 2.21000000000000E+0002  6.64947509765625E-0001  4.83398437500000E-0002 
 2.21500000000000E+0002  6.69372558593750E-0001  4.77600097656250E-0002 
 2.22000000000000E+0002  6.72363281250000E-0001  4.27246093750000E-0002 
 2.22500000000000E+0002  6.71295166015625E-0001  3.55834960937500E-0002 
 2.23000000000000E+0002  6.65313720703125E-0001  3.05175781250000E-0002 
 2.23500000000000E+0002  6.56494140625000E-0001  2.75268554687500E-0002 
 2.24000000000000E+0002  6.47705078125000E-0001  2.54211425781250E-0002 
 2.24500000000000E+0002  6.38763427734375E-0001  2.28576660156250E-0002 
 2.25000000000000E+0002  6.31713867187500E-0001  2.13928222656250E-0002 
 2.25500000000000E+0002  6.31072998046875E-0001  2.07519531250000E-0002 
 2.26000000000000E+0002  6.36932373046875E-0001  1.93176269531250E-0002 
 2.26500000000000E+0002  6.45416259765625E-0001  2.09045410156250E-0002 
 2.27000000000000E+0002  6.55120849609375E-0001  2.47802734375000E-0002 
 2.27500000000000E+0002  6.64947509765625E-0001  2.80761718750000E-0002 
 2.28000000000000E+0002  6.71691894531250E-0001  3.06396484375000E-0002 
 2.28500000000000E+0002  6.71478271484375E-0001  3.42712402343750E-0002 
 2.29000000000000E+0002  6.63482666015625E-0001  3.73535156250000E-0002 
 2.29500000000000E+0002  6.51519775390625E-0001  3.60717773437500E-0002 
 2.30000000000000E+0002  6.39923095703125E-0001  3.29284667968750E-0002 
 2.30500000000000E+0002  6.32537841796875E-0001  3.09448242187500E-0002 
 2.31000000000000E+0002  6.27929687500000E-0001  2.88085937500000E-0002 
 2.31500000000000E+0002  6.26403808593750E-0001  2.34680175781250E-0002 
 2.32000000000000E+0002  6.30584716796875E-0001  1.81579589843750E-0002 
 2.32500000000000E+0002  6.40991210937500E-0001  1.70898437500000E-0002 
 2.33000000000000E+0002  6.52496337890625E-0001  1.84936523437500E-0002 
 2.33500000000000E+0002  6.59057617187500E-0001  1.80053710937500E-0002 
 2.34000000000000E+0002  6.61376953125000E-0001  1.62658691406250E-0002 
 2.34500000000000E+0002  6.63970947265625E-0001  1.57775878906250E-0002 
 2.35000000000000E+0002  6.65618896484375E-0001  1.33361816406250E-0002 
 2.35500000000000E+0002  6.64672851562500E-0001  7.50732421875000E-0003 
 2.36000000000000E+0002  6.65466308593750E-0001  2.47192382812500E-0003 
 2.36500000000000E+0002  6.70349121093750E-0001 -6.10351562500000E-0005 
 2.37000000000000E+0002  6.73004150390625E-0001 -8.23974609375000E-0004 
 2.37500000000000E+0002  6.68243408203125E-0001  1.98364257812500E-0003 
 2.38000000000000E+0002  6.57684326171875E-0001  8.97216796875000E-0003 
 2.38500000000000E+0002  6.42425537109375E-0001  1.89514160156250E-0002 
 2.39000000000000E+0002  6.22863769531250E-0001  2.74353027343750E-0002 
 2.39500000000000E+0002  6.03210449218750E-0001  3.15246582031250E-0002 
 2.40000000000000E+0002  5.87493896484375E-0001  3.21044921875000E-0002 
 2.40500000000000E+0002  5.76538085937500E-0001  3.13415527343750E-0002 
 2.41000000000000E+0002  5.70617675781250E-0001  3.07312011718750E-0002 
 2.41500000000000E+0002  5.69183349609375E-0001  3.08532714843750E-0002 
 2.42000000000000E+0002  5.70892333984375E-0001  3.37829589843750E-0002 
 2.42500000000000E+0002  5.74371337890625E-0001  3.65295410156250E-0002 
 2.43000000000000E+0002  5.78247070312500E-0001  3.43322753906250E-0002 
 2.43500000000000E+0002  5.82153320312500E-0001  2.90832519531250E-0002 
 2.44000000000000E+0002  5.84869384765625E-0001  2.48107910156250E-0002 
 2.44500000000000E+0002  5.85723876953125E-0001  1.87377929687500E-0002 
 2.45000000000000E+0002  5.82672119140625E-0001  6.56127929687500E-0003 
 2.45500000000000E+0002  5.77636718750000E-0001 -5.34057617187500E-0003 
 2.46000000000000E+0002  5.74798583984375E-0001 -1.14135742187500E-0002 
 2.46500000000000E+0002  5.73913574218750E-0001 -1.40380859375000E-0002 
 2.47000000000000E+0002  5.74218750000000E-0001 -1.69677734375000E-0002 
 2.47500000000000E+0002  5.75683593750000E-0001 -1.91650390625000E-0002 
 2.48000000000000E+0002  5.77514648437500E-0001 -1.79443359375000E-0002 
 2.48500000000000E+0002  5.77392578125000E-0001 -1.52587890625000E-0002 
 2.49000000000000E+0002  5.75378417968750E-0001 -1.25122070312500E-0002 
 2.49500000000000E+0002  5.72540283203125E-0001 -1.03759765625000E-0002 
 2.50000000000000E+0002  5.69244384765625E-0001 -9.00268554687500E-0003 
 2.50500000000000E+0002  5.62194824218750E-0001 -7.78198242187500E-0003 
 2.51000000000000E+0002  5.52978515625000E-0001 -5.49316406250000E-0003 
 2.51500000000000E+0002  5.43853759765625E-0001 -9.46044921875000E-0004 
 2.52000000000000E+0002  5.36376953125000E-0001  3.69262695312500E-0003 
 2.52500000000000E+0002  5.30426025390625E-0001  3.87573242187500E-0003 
 2.53000000000000E+0002  5.26153564453125E-0001 -7.62939453125000E-0004 
 2.53500000000000E+0002  5.26672363281250E-0001 -8.51440429687500E-0003 
 2.54000000000000E+0002  5.29449462890625E-0001 -1.93176269531250E-0002 
 2.54500000000000E+0002  5.31036376953125E-0001 -3.17077636718750E-0002 
 2.55000000000000E+0002  5.29602050781250E-0001 -4.26940917968750E-0002 
 2.55500000000000E+0002  5.27648925781250E-0001 -4.74243164062500E-0002 
 2.56000000000000E+0002  5.24017333984375E-0001 -3.98559570312500E-0002 
 2.56500000000000E+0002  5.18432617187500E-0001 -2.13317871093750E-0002 
 2.57000000000000E+0002  5.16601562500000E-0001 -1.86157226562500E-0003 
 2.57500000000000E+0002  5.24017333984375E-0001  1.07421875000000E-0002 
 2.58000000000000E+0002  5.32897949218750E-0001  1.37939453125000E-0002 
 2.58500000000000E+0002  5.37902832031250E-0001  1.14135742187500E-0002 
 2.59000000000000E+0002  5.45043945312500E-0001  1.98364257812500E-0003 
 2.59500000000000E+0002  5.52337646484375E-0001 -1.28479003906250E-0002 
 2.60000000000000E+0002  5.51361083984375E-0001 -2.20947265625000E-0002 
 2.60500000000000E+0002  5.44067382812500E-0001 -1.95617675781250E-0002 
 2.61000000000000E+0002  5.38513183593750E-0001 -1.19628906250000E-0002 
 2.61500000000000E+0002  5.34362792968750E-0001 -4.24194335937500E-0003 
 2.62000000000000E+0002  5.28900146484375E-0001  4.15039062500000E-0003 
 2.62500000000000E+0002  5.24200439453125E-0001  1.32141113281250E-0002 
 2.63000000000000E+0002  5.25695800781250E-0001  1.77612304687500E-0002 
 2.63500000000000E+0002  5.32104492187500E-0001  1.54724121093750E-0002 
 2.64000000000000E+0002  5.38177490234375E-0001  1.04980468750000E-0002 
 2.64500000000000E+0002  5.40618896484375E-0001  7.75146484375000E-0003 
 2.65000000000000E+0002  5.36529541015625E-0001  9.55200195312500E-0003 
 2.65500000000000E+0002  5.27923583984375E-0001  1.55334472656250E-0002 
 2.66000000000000E+0002  5.16052246093750E-0001  2.72521972656250E-0002 
 2.66500000000000E+0002  5.04699707031250E-0001  4.30908203125000E-0002 
 2.67000000000000E+0002  4.98352050781250E-0001  5.74951171875000E-0002 
 2.67500000000000E+0002  4.97253417968750E-0001  6.72607421875000E-0002 
 2.68000000000000E+0002  5.00518798828125E-0001  7.10449218750000E-0002 
 2.68500000000000E+0002  5.07995605468750E-0001  6.70471191406250E-0002 
 2.69000000000000E+0002  5.14587402343750E-0001  5.59692382812500E-0002 
 2.69500000000000E+0002  5.14404296875000E-0001  4.47998046875000E-0002 
 2.70000000000000E+0002  5.08575439453125E-0001  3.70178222656250E-0002 
 2.70500000000000E+0002  5.04302978515625E-0001  2.98156738281250E-0002 
 2.71000000000000E+0002  5.03509521484375E-0001  1.99890136718750E-0002 
 2.71500000000000E+0002  5.03021240234375E-0001  1.22985839843750E-0002 
 2.72000000000000E+0002  5.06317138671875E-0001  1.48315429687500E-0002 
 2.72500000000000E+0002  5.16662597656250E-0001  2.48107910156250E-0002 
 2.73000000000000E+0002  5.29327392578125E-0001  3.25012207031250E-0002 
 2.73500000000000E+0002  5.40496826171875E-0001  3.40576171875000E-0002 
 2.74000000000000E+0002  5.44372558593750E-0001  3.12805175781250E-0002 
 2.74500000000000E+0002  5.40161132812500E-0001  2.26135253906250E-0002 
 2.75000000000000E+0002  5.27740478515625E-0001  4.66918945312500E-0003 
 2.75500000000000E+0002  5.10894775390625E-0001 -1.77001953125000E-0002 
 2.76000000000000E+0002  4.93621826171875E-0001 -3.35388183593750E-0002 
 2.76500000000000E+0002  4.79309082031250E-0001 -3.49121093750000E-0002 
 2.77000000000000E+0002  4.73541259765625E-0001 -2.43530273437500E-0002 
 2.77500000000000E+0002  4.75067138671875E-0001 -8.66699218750000E-0003 
 2.78000000000000E+0002  4.77294921875000E-0001  7.84301757812500E-0003 
 2.78500000000000E+0002  4.75372314453125E-0001  2.24914550781250E-0002 
 2.79000000000000E+0002  4.71343994140625E-0001  3.36303710937500E-0002 
 2.79500000000000E+0002  4.69787597656250E-0001  3.75976562500000E-0002 
 2.80000000000000E+0002  4.67681884765625E-0001  3.29284667968750E-0002 
 2.80500000000000E+0002  4.65332031250000E-0001  2.74353027343750E-0002 
 2.81000000000000E+0002  4.66217041015625E-0001  2.56958007812500E-0002 
 2.81500000000000E+0002  4.71527099609375E-0001  2.55432128906250E-0002 
 2.82000000000000E+0002  4.74212646484375E-0001  2.16064453125000E-0002 
 2.82500000000000E+0002  4.67315673828125E-0001  1.65100097656250E-0002 
 2.83000000000000E+0002  4.55932617187500E-0001  1.46179199218750E-0002 
 2.83500000000000E+0002  4.45129394531250E-0001  1.27258300781250E-0002 
 2.84000000000000E+0002  4.33288574218750E-0001  1.02539062500000E-0002 
 2.84500000000000E+0002  4.23645019531250E-0001  7.56835937500000E-0003 
 2.85000000000000E+0002  4.20379638671875E-0001  3.96728515625000E-0003 
 2.85500000000000E+0002  4.23919677734375E-0001  3.75366210937500E-0003 
 2.86000000000000E+0002  4.33074951171875E-0001  6.92749023437500E-0003 
 2.86500000000000E+0002  4.45709228515625E-0001  1.11694335937500E-0002 
 2.87000000000000E+0002  4.60327148437500E-0001  1.54724121093750E-0002 
 2.87500000000000E+0002  4.74182128906250E-0001  2.43225097656250E-0002 
 2.88000000000000E+0002  4.85046386718750E-0001  3.74755859375000E-0002 
 2.88500000000000E+0002  4.90905761718750E-0001  4.61425781250000E-0002 
 2.89000000000000E+0002  4.88311767578125E-0001  4.57153320312500E-0002 
 2.89500000000000E+0002  4.79125976562500E-0001  3.86657714843750E-0002 
 2.90000000000000E+0002  4.65240478515625E-0001  2.89001464843750E-0002 
 2.90500000000000E+0002  4.54284667968750E-0001  1.72119140625000E-0002 
 2.91000000000000E+0002  4.49310302734375E-0001  4.88281250000000E-0003 
 2.91500000000000E+0002  4.47570800781250E-0001 -4.66918945312500E-0003 
 2.92000000000000E+0002  4.50622558593750E-0001 -7.41577148437500E-0003 
 2.92500000000000E+0002  4.58831787109375E-0001 -5.12695312500000E-0003 
 2.93000000000000E+0002  4.65606689453125E-0001 -2.13623046875000E-0003 
 2.93500000000000E+0002  4.62615966796875E-0001 -1.22070312500000E-0003 
 2.94000000000000E+0002  4.51202392578125E-0001 -2.96020507812500E-0003 
 2.94500000000000E+0002  4.40399169921875E-0001 -8.23974609375000E-0003 
 2.95000000000000E+0002  4.33044433593750E-0001 -1.67236328125000E-0002 
 2.95500000000000E+0002  4.24499511718750E-0001 -2.44445800781250E-0002 
 2.96000000000000E+0002  4.12933349609375E-0001 -2.81982421875000E-0002 
 2.96500000000000E+0002  4.04510498046875E-0001 -2.54516601562500E-0002 
 2.97000000000000E+0002  4.02679443359375E-0001 -1.69067382812500E-0002 
 2.97500000000000E+0002  4.05456542968750E-0001 -6.43920898437500E-0003 
 2.98000000000000E+0002  4.04937744140625E-0001  1.92260742187500E-0003 
 2.98500000000000E+0002  4.01031494140625E-0001  7.11059570312500E-0003 
 2.99000000000000E+0002  4.01885986328125E-0001  9.55200195312500E-0003 
 2.99500000000000E+0002  4.08966064453125E-0001  5.31005859375000E-0003 
 3.00000000000000E+0002  4.13238525390625E-0001 -4.45556640625000E-0003 
 3.00500000000000E+0002  4.09851074218750E-0001 -1.49841308593750E-0002 
 3.01000000000000E+0002  4.06372070312500E-0001 -2.27050781250000E-0002 
 3.01500000000000E+0002  4.08020019531250E-0001 -2.45666503906250E-0002 
 3.02000000000000E+0002  4.13726806640625E-0001 -2.08740234375000E-0002 
 3.02500000000000E+0002  4.23919677734375E-0001 -1.48925781250000E-0002 
 3.03000000000000E+0002  4.37866210937500E-0001 -1.16577148437500E-0002 
 3.03500000000000E+0002  4.47296142578125E-0001 -9.94873046875000E-0003 
 3.04000000000000E+0002  4.50439453125000E-0001 -5.76782226562500E-0003 
 3.04500000000000E+0002  4.49462890625000E-0001 -3.57055664062500E-0003 
 3.05000000000000E+0002  4.40277099609375E-0001 -4.36401367187500E-0003 
 3.05500000000000E+0002  4.19860839843750E-0001 -2.92968750000000E-0003 
 3.06000000000000E+0002  3.96087646484375E-0001  1.03759765625000E-0003 
 3.06500000000000E+0002  3.79974365234375E-0001  2.80761718750000E-0003 
 3.07000000000000E+0002  3.74786376953125E-0001  8.85009765625000E-0004 
 3.07500000000000E+0002  3.75061035156250E-0001 -4.94384765625000E-0003 
 3.08000000000000E+0002  3.76190185546875E-0001 -1.56555175781250E-0002 
 3.08500000000000E+0002  3.75244140625000E-0001 -3.00598144531250E-0002 
 3.09000000000000E+0002  3.72711181640625E-0001 -3.88793945312500E-0002 
 3.09500000000000E+0002  3.72375488281250E-0001 -4.09851074218750E-0002 
 3.10000000000000E+0002  3.72863769531250E-0001 -4.26330566406250E-0002 
 3.10500000000000E+0002  3.72406005859375E-0001 -4.32739257812500E-0002 
 3.11000000000000E+0002  3.74969482421875E-0001 -4.03442382812500E-0002 
 3.11500000000000E+0002  3.84521484375000E-0001 -3.50341796875000E-0002 
 3.12000000000000E+0002  3.98315429687500E-0001 -2.83813476562500E-0002 
 3.12500000000000E+0002  4.09973144531250E-0001 -2.09350585937500E-0002 
 3.13000000000000E+0002  4.17358398437500E-0001 -1.41296386718750E-0002 
 3.13500000000000E+0002  4.22271728515625E-0001 -8.48388671875000E-0003 
 3.14000000000000E+0002  4.28894042968750E-0001 -2.80761718750000E-0003 
 3.14500000000000E+0002  4.33715820312500E-0001  2.38037109375000E-0003 
 3.15000000000000E+0002  4.32098388671875E-0001  4.21142578125000E-0003 
 3.15500000000000E+0002  4.27673339843750E-0001  4.60815429687500E-0003 
 3.16000000000000E+0002  4.27612304687500E-0001  3.50952148437500E-0003 
 3.16500000000000E+0002  4.25964355468750E-0001  1.22070312500000E-0004 
 3.17000000000000E+0002  4.15771484375000E-0001 -5.76782226562500E-0003 
 3.17500000000000E+0002  4.03656005859375E-0001 -1.34277343750000E-0002 
 3.18000000000000E+0002  3.97674560546875E-0001 -2.53601074218750E-0002 
 3.18500000000000E+0002  3.90319824218750E-0001 -4.03442382812500E-0002 
 3.19000000000000E+0002  3.77655029296875E-0001 -5.21850585937500E-0002 
 3.19500000000000E+0002  3.68286132812500E-0001 -5.77697753906250E-0002 
 3.20000000000000E+0002  3.70574951171875E-0001 -5.66101074218750E-0002 
 3.20500000000000E+0002  3.76403808593750E-0001 -5.08117675781250E-0002 
 3.21000000000000E+0002  3.78356933593750E-0001 -4.03137207031250E-0002 
 3.21500000000000E+0002  3.79089355468750E-0001 -2.66418457031250E-0002 
 3.22000000000000E+0002  3.81134033203125E-0001 -1.48925781250000E-0002 
 3.22500000000000E+0002  3.81286621093750E-0001 -7.35473632812500E-0003 
 3.23000000000000E+0002  3.76953125000000E-0001 -2.47192382812500E-0003 
 3.23500000000000E+0002  3.70880126953125E-0001 -4.27246093750000E-0004 
 3.24000000000000E+0002  3.69293212890625E-0001 -5.79833984375000E-0004 
 3.24500000000000E+0002  3.70544433593750E-0001 -1.67846679687500E-0003 
 3.25000000000000E+0002  3.67706298828125E-0001 -1.19018554687500E-0003 
 3.25500000000000E+0002  3.61572265625000E-0001  1.80053710937500E-0003 
 3.26000000000000E+0002  3.55804443359375E-0001  3.96728515625000E-0003 
 3.26500000000000E+0002  3.51013183593750E-0001  7.75146484375000E-0003 
 3.27000000000000E+0002  3.49548339843750E-0001  1.13830566406250E-0002 
 3.27500000000000E+0002  3.51654052734375E-0001  1.13525390625000E-0002 
 3.28000000000000E+0002  3.56536865234375E-0001  8.60595703125000E-0003 
 3.28500000000000E+0002  3.64746093750000E-0001  3.17382812500000E-0003 
 3.29000000000000E+0002  3.73779296875000E-0001 -4.54711914062500E-0003 
 3.29500000000000E+0002  3.79943847656250E-0001 -1.06201171875000E-0002 
 3.30000000000000E+0002  3.82080078125000E-0001 -1.35192871093750E-0002 
 3.30500000000000E+0002  3.82263183593750E-0001 -1.53503417968750E-0002 
 3.31000000000000E+0002  3.81652832031250E-0001 -1.85852050781250E-0002 
 3.31500000000000E+0002  3.78540039062500E-0001 -2.06909179687500E-0002 
 3.32000000000000E+0002  3.76037597656250E-0001 -2.21862792968750E-0002 
 3.32500000000000E+0002  3.76129150390625E-0001 -2.65197753906250E-0002 
 3.33000000000000E+0002  3.77136230468750E-0001 -3.00292968750000E-0002 
 3.33500000000000E+0002  3.79272460937500E-0001 -2.81677246093750E-0002 
 3.34000000000000E+0002  3.81500244140625E-0001 -2.57568359375000E-0002 
 3.34500000000000E+0002  3.81347656250000E-0001 -2.62756347656250E-0002 
 3.35000000000000E+0002  3.76464843750000E-0001 -2.63671875000000E-0002 
 3.35500000000000E+0002  3.70086669921875E-0001 -2.37426757812500E-0002 
 3.36000000000000E+0002  3.64898681640625E-0001 -2.09960937500000E-0002 
 3.36500000000000E+0002  3.61083984375000E-0001 -1.62048339843750E-0002 
 3.37000000000000E+0002  3.58795166015625E-0001 -8.78906250000000E-0003 
 3.37500000000000E+0002  3.55865478515625E-0001 -1.92260742187500E-0003 
 3.38000000000000E+0002  3.50738525390625E-0001  2.83813476562500E-0003 
 3.38500000000000E+0002  3.41339111328125E-0001  5.40161132812500E-0003 
 3.39000000000000E+0002  3.27026367187500E-0001  2.77709960937500E-0003 
 3.39500000000000E+0002  3.11706542968750E-0001 -6.53076171875000E-0003 
 3.40000000000000E+0002  2.99499511718750E-0001 -1.82800292968750E-0002 
 3.40500000000000E+0002  2.92999267578125E-0001 -2.84118652343750E-0002 
 3.41000000000000E+0002  2.90344238281250E-0001 -3.69873046875000E-0002 
 3.41500000000000E+0002  2.93548583984375E-0001 -4.35791015625000E-0002 
 3.42000000000000E+0002  2.97576904296875E-0001 -4.87365722656250E-0002 
 3.42500000000000E+0002  2.98004150390625E-0001 -4.88586425781250E-0002 
 3.43000000000000E+0002  2.99957275390625E-0001 -4.03747558593750E-0002 
 3.43500000000000E+0002  3.07708740234375E-0001 -3.10363769531250E-0002 
 3.44000000000000E+0002  3.13842773437500E-0001 -2.74658203125000E-0002 
 3.44500000000000E+0002  3.13995361328125E-0001 -2.57873535156250E-0002 
 3.45000000000000E+0002  3.15948486328125E-0001 -2.12097167968750E-0002 
 3.45500000000000E+0002  3.22937011718750E-0001 -1.82800292968750E-0002 
 3.46000000000000E+0002  3.28155517578125E-0001 -1.79443359375000E-0002 
 3.46500000000000E+0002  3.32000732421875E-0001 -1.67846679687500E-0002 
 3.47000000000000E+0002  3.41033935546875E-0001 -1.37634277343750E-0002 
 3.47500000000000E+0002  3.52050781250000E-0001 -1.23901367187500E-0002 
 3.48000000000000E+0002  3.55651855468750E-0001 -1.30615234375000E-0002 
 3.48500000000000E+0002  3.51989746093750E-0001 -1.34887695312500E-0002 
 3.49000000000000E+0002  3.43231201171875E-0001 -1.19628906250000E-0002 
 3.49500000000000E+0002  3.30413818359375E-0001 -7.08007812500000E-0003 
 3.50000000000000E+0002  3.16101074218750E-0001  9.15527343750000E-0004 
 3.50500000000000E+0002  3.05572509765625E-0001  9.55200195312500E-0003 
 3.51000000000000E+0002  3.04534912109375E-0001  1.40075683593750E-0002 
 3.51500000000000E+0002  3.09173583984375E-0001  1.15356445312500E-0002 
 3.52000000000000E+0002  3.14453125000000E-0001  5.98144531250000E-0003 
 3.52500000000000E+0002  3.19946289062500E-0001  1.70898437500000E-0003 
 3.53000000000000E+0002  3.26324462890625E-0001 -6.10351562500000E-0004 
 3.53500000000000E+0002  3.32183837890625E-0001 -2.25830078125000E-0003 
 3.54000000000000E+0002  3.31054687500000E-0001 -1.03759765625000E-0003 
 3.54500000000000E+0002  3.24157714843750E-0001  3.78417968750000E-0003 
 3.55000000000000E+0002  3.17016601562500E-0001  9.88769531250000E-0003 
 3.55500000000000E+0002  3.11523437500000E-0001  1.39160156250000E-0002 
 3.56000000000000E+0002  3.06732177734375E-0001  1.52587890625000E-0002 
 3.56500000000000E+0002  3.03070068359375E-0001  1.51977539062500E-0002 
 3.57000000000000E+0002  3.02337646484375E-0001  1.35803222656250E-0002 
 3.57500000000000E+0002  3.07128906250000E-0001  7.23266601562500E-0003 
 3.58000000000000E+0002  3.13964843750000E-0001 -6.95800781250000E-0003 
 3.58500000000000E+0002  3.18725585937500E-0001 -2.30407714843750E-0002 
 3.59000000000000E+0002  3.19458007812500E-0001 -3.61022949218750E-0002 
 3.59500000000000E+0002  3.16101074218750E-0001 -4.50134277343750E-0002 
 3.60000000000000E+0002  3.13018798828125E-0001 -5.07507324218750E-0002 
 3.60500000000000E+0002  3.09082031250000E-0001 -5.62744140625000E-0002 
 3.61000000000000E+0002  3.03283691406250E-0001 -5.91735839843750E-0002 
 3.61500000000000E+0002  2.96081542968750E-0001 -5.91735839843750E-0002 
 3.62000000000000E+0002  2.90802001953125E-0001 -5.57250976562500E-0002 
 3.62500000000000E+0002  2.88940429687500E-0001 -5.29785156250000E-0002 
 3.63000000000000E+0002  2.86315917968750E-0001 -4.81567382812500E-0002 
 3.63500000000000E+0002  2.83355712890625E-0001 -3.43322753906250E-0002 
 3.64000000000000E+0002  2.83966064453125E-0001 -1.61132812500000E-0002 
 3.64500000000000E+0002  2.85278320312500E-0001 -3.20434570312500E-0003 
 3.65000000000000E+0002  2.85766601562500E-0001  4.24194335937500E-0003 
 3.65500000000000E+0002  2.87231445312500E-0001  1.32751464843750E-0002 
 3.66000000000000E+0002  2.92297363281250E-0001  2.12097167968750E-0002 
 3.66500000000000E+0002  2.96386718750000E-0001  2.05383300781250E-0002 
 3.67000000000000E+0002  2.96356201171875E-0001  1.46484375000000E-0002 
 3.67500000000000E+0002  2.94494628906250E-0001  8.23974609375000E-0003 
 3.68000000000000E+0002  2.90344238281250E-0001  4.63867187500000E-0003 
 3.68500000000000E+0002  2.85949707031250E-0001  2.53295898437500E-0003 
 3.69000000000000E+0002  2.83935546875000E-0001 -2.44140625000000E-0004 
 3.69500000000000E+0002  2.82928466796875E-0001 -2.47192382812500E-0003 
 3.70000000000000E+0002  2.80426025390625E-0001 -2.71606445312500E-0003 
 3.70500000000000E+0002  2.80181884765625E-0001 -1.58691406250000E-0003 
 3.71000000000000E+0002  2.86315917968750E-0001 -6.22558593750000E-0003 
 3.71500000000000E+0002  2.90466308593750E-0001 -2.04467773437500E-0002 
 3.72000000000000E+0002  2.85430908203125E-0001 -3.56750488281250E-0002 
 3.72500000000000E+0002  2.77343750000000E-0001 -4.33959960937500E-0002 
 3.73000000000000E+0002  2.74322509765625E-0001 -4.50744628906250E-0002 
 3.73500000000000E+0002  2.72125244140625E-0001 -4.12902832031250E-0002 
 3.74000000000000E+0002  2.67028808593750E-0001 -3.54614257812500E-0002 
 3.74500000000000E+0002  2.60650634765625E-0001 -2.89611816406250E-0002 
 3.75000000000000E+0002  2.56103515625000E-0001 -2.17285156250000E-0002 
 3.75500000000000E+0002  2.52716064453125E-0001 -1.41601562500000E-0002 
 3.76000000000000E+0002  2.48291015625000E-0001 -9.64355468750000E-0003 
 3.76500000000000E+0002  2.47863769531250E-0001 -8.91113281250000E-0003 
 3.77000000000000E+0002  2.51708984375000E-0001 -1.00708007812500E-0002 
 3.77500000000000E+0002  2.57171630859375E-0001 -7.23266601562500E-0003 
 3.78000000000000E+0002  2.63427734375000E-0001 -3.23486328125000E-0003 
 3.78500000000000E+0002  2.69073486328125E-0001 -4.42504882812500E-0003 
 3.79000000000000E+0002  2.72369384765625E-0001 -8.36181640625000E-0003 
 3.79500000000000E+0002  2.71972656250000E-0001 -1.06811523437500E-0002 
 3.80000000000000E+0002  2.69989013671875E-0001 -1.07421875000000E-0002 
 3.80500000000000E+0002  2.68096923828125E-0001 -1.37329101562500E-0002 
 3.81000000000000E+0002  2.66113281250000E-0001 -2.08740234375000E-0002 
 3.81500000000000E+0002  2.63458251953125E-0001 -2.34069824218750E-0002 
 3.82000000000000E+0002  2.63153076171875E-0001 -2.02636718750000E-0002 
 3.82500000000000E+0002  2.61596679687500E-0001 -1.65710449218750E-0002 
 3.83000000000000E+0002  2.56683349609375E-0001 -1.30310058593750E-0002 
 3.83500000000000E+0002  2.51647949218750E-0001 -1.13525390625000E-0002 
 3.84000000000000E+0002  2.45056152343750E-0001 -9.82666015625000E-0003 
 3.84500000000000E+0002  2.40539550781250E-0001 -9.91821289062500E-0003 
 3.85000000000000E+0002  2.37792968750000E-0001 -1.23596191406250E-0002 
 3.85500000000000E+0002  2.36968994140625E-0001 -1.74560546875000E-0002 
 3.86000000000000E+0002  2.38311767578125E-0001 -2.37731933593750E-0002 
 3.86500000000000E+0002  2.43164062500000E-0001 -2.48718261718750E-0002 
 3.87000000000000E+0002  2.54852294921875E-0001 -2.30712890625000E-0002 
 3.87500000000000E+0002  2.66632080078125E-0001 -2.63671875000000E-0002 
 3.88000000000000E+0002  2.73468017578125E-0001 -3.35388183593750E-0002 
 3.88500000000000E+0002  2.74353027343750E-0001 -3.77807617187500E-0002 
 3.89000000000000E+0002  2.68402099609375E-0001 -3.75366210937500E-0002 
 3.89500000000000E+0002  2.60864257812500E-0001 -3.71704101562500E-0002 
 3.90000000000000E+0002  2.55828857421875E-0001 -3.74755859375000E-0002 
 3.90500000000000E+0002  2.55493164062500E-0001 -3.74450683593750E-0002 
 3.91000000000000E+0002  2.56103515625000E-0001 -3.81469726562500E-0002 
 3.91500000000000E+0002  2.56530761718750E-0001 -3.84826660156250E-0002 
 3.92000000000000E+0002  2.59674072265625E-0001 -3.71704101562500E-0002 
 3.92500000000000E+0002  2.61260986328125E-0001 -3.39050292968750E-0002 
 3.93000000000000E+0002  2.56347656250000E-0001 -3.13110351562500E-0002 
 3.93500000000000E+0002  2.48199462890625E-0001 -2.93884277343750E-0002 
 3.94000000000000E+0002  2.47161865234375E-0001 -2.39257812500000E-0002 
 3.94500000000000E+0002  2.55462646484375E-0001 -1.84020996093750E-0002 
 3.95000000000000E+0002  2.64465332031250E-0001 -1.80053710937500E-0002 
 3.95500000000000E+0002  2.69683837890625E-0001 -2.22473144531250E-0002 
 3.96000000000000E+0002  2.73406982421875E-0001 -2.53906250000000E-0002 
 3.96500000000000E+0002  2.73956298828125E-0001 -2.80761718750000E-0002 
 3.97000000000000E+0002  2.68676757812500E-0001 -3.48815917968750E-0002 
 3.97500000000000E+0002  2.58636474609375E-0001 -4.55932617187500E-0002 
 3.98000000000000E+0002  2.46032714843750E-0001 -5.20629882812500E-0002 
 3.98500000000000E+0002  2.21557617187500E-0001 -5.09338378906250E-0002 
 3.99000000000000E+0002  1.81884765625000E-0001 -4.58984375000000E-0002 
 3.99500000000000E+0002  1.38336181640625E-0001 -3.76892089843750E-0002 
