 0.00000000000000E+0000  1.95223999023438E+0001 -2.05181884765625E+0000 
 5.00000000000000E-0001  2.31572570800781E+0001 -2.50903320312500E+0000 
 1.00000000000000E+0000  2.49014282226563E+0001 -2.81619262695313E+0000 
 1.50000000000000E+0000  2.48883972167969E+0001 -2.98217773437500E+0000 
 2.00000000000000E+0000  2.44523315429688E+0001 -3.11050415039063E+0000 
 2.50000000000000E+0000  2.39517211914063E+0001 -3.21530151367188E+0000 
 3.00000000000000E+0000  2.33937988281250E+0001 -3.29837036132813E+0000 
 3.50000000000000E+0000  2.27662963867188E+0001 -3.36633300781250E+0000 
 4.00000000000000E+0000  2.20884094238281E+0001 -3.41030883789063E+0000 
 4.50000000000000E+0000  2.14082031250000E+0001 -3.42633056640625E+0000 
 5.00000000000000E+0000  2.07496337890625E+0001 -3.42523193359375E+0000 
 5.50000000000000E+0000  2.01153564453125E+0001 -3.41247558593750E+0000 
 6.00000000000000E+0000  1.95152893066406E+0001 -3.38299560546875E+0000 
 6.50000000000000E+0000  1.89481811523438E+0001 -3.32897949218750E+0000 
 7.00000000000000E+0000  1.83910827636719E+0001 -3.25857543945313E+0000 
 7.50000000000000E+0000  1.78171997070313E+0001 -3.18234252929688E+0000 
 8.00000000000000E+0000  1.72195434570313E+0001 -3.10507202148438E+0000 
 8.50000000000000E+0000  1.65982666015625E+0001 -3.02886962890625E+0000 
 9.00000000000000E+0000  1.59600830078125E+0001 -2.96444702148438E+0000 
 9.50000000000000E+0000  1.53120117187500E+0001 -2.92642211914063E+0000 
 1.00000000000000E+0001  1.46516723632812E+0001 -2.90014648437500E+0000 
 1.05000000000000E+0001  1.39825134277343E+0001 -2.86080932617188E+0000 
 1.10000000000000E+0001  1.33119201660156E+0001 -2.80148315429688E+0000 
 1.15000000000000E+0001  1.26347961425781E+0001 -2.71975708007813E+0000 
 1.20000000000000E+0001  1.19369201660156E+0001 -2.60626220703125E+0000 
 1.25000000000000E+0001  1.12209167480468E+0001 -2.45892333984375E+0000 
 1.30000000000000E+0001  1.05046997070312E+0001 -2.29782104492188E+0000 
 1.35000000000000E+0001  9.80068969726563E+0000 -2.13851928710938E+0000 
 1.40000000000000E+0001  9.12527465820313E+0000 -1.98583984375000E+0000 
 1.45000000000000E+0001  8.49740600585938E+0000 -1.84686279296875E+0000 
 1.50000000000000E+0001  7.93099975585938E+0000 -1.72021484375000E+0000 
 1.55000000000000E+0001  7.42459106445313E+0000 -1.59649658203125E+0000 
 1.60000000000000E+0001  6.96862792968750E+0000 -1.46481323242188E+0000 
 1.65000000000000E+0001  6.56082153320313E+0000 -1.33145141601563E+0000 
 1.70000000000000E+0001  6.18859863281250E+0000 -1.20626831054688E+0000 
 1.75000000000000E+0001  5.83871459960938E+0000 -1.09045410156250E+0000 
 1.80000000000000E+0001  5.50262451171875E+0000 -9.93072509765625E-0001 
 1.85000000000000E+0001  5.17016601562500E+0000 -9.24468994140625E-0001 
 1.90000000000000E+0001  4.84197998046875E+0000 -8.82019042968750E-0001 
 1.95000000000000E+0001  4.51876831054688E+0000 -8.53302001953125E-0001 
 2.00000000000000E+0001  4.20352172851563E+0000 -8.25500488281250E-0001 
 2.05000000000000E+0001  3.90249633789063E+0000 -7.89855957031250E-0001 
 2.10000000000000E+0001  3.61904907226563E+0000 -7.42462158203125E-0001 
 2.15000000000000E+0001  3.35317993164063E+0000 -6.90185546875000E-0001 
 2.20000000000000E+0001  3.10229492187500E+0000 -6.42303466796875E-0001 
 2.25000000000000E+0001  2.86215209960938E+0000 -5.98968505859375E-0001 
 2.30000000000000E+0001  2.63095092773438E+0000 -5.55999755859375E-0001 
 2.35000000000000E+0001  2.40951538085938E+0000 -5.15625000000000E-0001 
 2.40000000000000E+0001  2.20358276367188E+0000 -4.73236083984375E-0001 
 2.45000000000000E+0001  2.02133178710938E+0000 -4.16290283203125E-0001 
 2.50000000000000E+0001  1.86642456054688E+0000 -3.38623046875000E-0001 
 2.55000000000000E+0001  1.73971557617188E+0000 -2.48382568359375E-0001 
 2.60000000000000E+0001  1.64208984375000E+0000 -1.55639648437500E-0001 
 2.65000000000000E+0001  1.56582641601563E+0000 -6.42395019531250E-0002 
 2.70000000000000E+0001  1.49963378906250E+0000  2.03552246093750E-0002 
 2.75000000000000E+0001  1.43905639648438E+0000  9.23156738281250E-0002 
 2.80000000000000E+0001  1.38742065429688E+0000  1.47796630859375E-0001 
 2.85000000000000E+0001  1.34677124023438E+0000  1.85607910156250E-0001 
 2.90000000000000E+0001  1.31655883789063E+0000  2.03491210937500E-0001 
 2.95000000000000E+0001  1.29577636718750E+0000  2.02941894531250E-0001 
 3.00000000000000E+0001  1.28619384765625E+0000  1.92352294921875E-0001 
 3.05000000000000E+0001  1.28817749023438E+0000  1.77917480468750E-0001 
 3.10000000000000E+0001  1.29776000976563E+0000  1.61895751953125E-0001 
 3.15000000000000E+0001  1.30603027343750E+0000  1.46057128906250E-0001 
 3.20000000000000E+0001  1.30648803710938E+0000  1.30065917968750E-0001 
 3.25000000000000E+0001  1.29638671875000E+0000  1.16027832031250E-0001 
 3.30000000000000E+0001  1.27807617187500E+0000  1.06231689453125E-0001 
 3.35000000000000E+0001  1.25418090820313E+0000  9.85412597656250E-0002 
 3.40000000000000E+0001  1.22692871093750E+0000  9.27124023437500E-0002 
 3.45000000000000E+0001  1.20117187500000E+0000  9.47570800781250E-0002 
 3.50000000000000E+0001  1.18707275390625E+0000  1.09741210937500E-0001 
 3.55000000000000E+0001  1.19064331054688E+0000  1.29852294921875E-0001 
 3.60000000000000E+0001  1.20639038085938E+0000  1.43798828125000E-0001 
 3.65000000000000E+0001  1.22885131835938E+0000  1.50299072265625E-0001 
 3.70000000000000E+0001  1.25820922851563E+0000  1.53503417968750E-0001 
 3.75000000000000E+0001  1.29388427734375E+0000  1.54113769531250E-0001 
 3.80000000000000E+0001  1.32769775390625E+0000  1.50573730468750E-0001 
 3.85000000000000E+0001  1.35821533203125E+0000  1.47552490234375E-0001 
 3.90000000000000E+0001  1.38973999023438E+0000  1.51275634765625E-0001 
 3.95000000000000E+0001  1.42391967773438E+0000  1.62231445312500E-0001 
 4.00000000000000E+0001  1.45803833007813E+0000  1.78161621093750E-0001 
 4.05000000000000E+0001  1.48980712890625E+0000  1.97753906250000E-0001 
 4.10000000000000E+0001  1.52450561523438E+0000  2.17132568359375E-0001 
 4.15000000000000E+0001  1.55953979492188E+0000  2.28027343750000E-0001 
 4.20000000000000E+0001  1.58816528320313E+0000  2.28210449218750E-0001 
 4.25000000000000E+0001  1.60818481445313E+0000  2.21679687500000E-0001 
 4.30000000000000E+0001  1.62268066406250E+0000  2.07458496093750E-0001 
 4.35000000000000E+0001  1.63232421875000E+0000  1.88903808593750E-0001 
 4.40000000000000E+0001  1.63604736328125E+0000  1.72210693359375E-0001 
 4.45000000000000E+0001  1.63870239257813E+0000  1.58172607421875E-0001 
 4.50000000000000E+0001  1.64434814453125E+0000  1.44775390625000E-0001 
 4.55000000000000E+0001  1.65106201171875E+0000  1.30706787109375E-0001 
 4.60000000000000E+0001  1.65658569335938E+0000  1.19232177734375E-0001 
 4.65000000000000E+0001  1.65866088867188E+0000  1.08764648437500E-0001 
 4.70000000000000E+0001  1.65554809570313E+0000  9.70764160156250E-0002 
 4.75000000000000E+0001  1.64773559570313E+0000  8.71582031250000E-0002 
 4.80000000000000E+0001  1.63699340820313E+0000  8.15734863281250E-0002 
 4.85000000000000E+0001  1.62515258789063E+0000  7.72399902343750E-0002 
 4.90000000000000E+0001  1.61239624023438E+0000  7.23571777343750E-0002 
 4.95000000000000E+0001  1.60354614257813E+0000  6.77490234375000E-0002 
 5.00000000000000E+0001  1.60031127929688E+0000  6.58874511718750E-0002 
 5.05000000000000E+0001  1.59802246093750E+0000  7.04956054687500E-0002 
 5.10000000000000E+0001  1.59704589843750E+0000  8.28857421875000E-0002 
 5.15000000000000E+0001  1.59832763671875E+0000  1.00280761718750E-0001 
 5.20000000000000E+0001  1.59924316406250E+0000  1.18560791015625E-0001 
 5.25000000000000E+0001  1.59707641601563E+0000  1.32476806640625E-0001 
 5.30000000000000E+0001  1.59561157226563E+0000  1.40655517578125E-0001 
 5.35000000000000E+0001  1.59835815429688E+0000  1.43341064453125E-0001 
 5.40000000000000E+0001  1.60281372070313E+0000  1.41723632812500E-0001 
 5.45000000000000E+0001  1.60562133789063E+0000  1.37329101562500E-0001 
 5.50000000000000E+0001  1.61038208007813E+0000  1.31134033203125E-0001 
 5.55000000000000E+0001  1.61648559570313E+0000  1.27716064453125E-0001 
 5.60000000000000E+0001  1.62030029296875E+0000  1.25732421875000E-0001 
 5.65000000000000E+0001  1.61779785156250E+0000  1.15142822265625E-0001 
 5.70000000000000E+0001  1.61001586914063E+0000  9.58251953125000E-0002 
 5.75000000000000E+0001  1.59942626953125E+0000  7.58361816406250E-0002 
 5.80000000000000E+0001  1.58459472656250E+0000  5.78308105468750E-0002 
 5.85000000000000E+0001  1.56475830078125E+0000  4.26635742187500E-0002 
 5.90000000000000E+0001  1.54180908203125E+0000  3.23181152343750E-0002 
 5.95000000000000E+0001  1.51889038085938E+0000  3.16162109375000E-0002 
 6.00000000000000E+0001  1.49670410156250E+0000  4.07104492187500E-0002 
 6.05000000000000E+0001  1.47457885742188E+0000  5.51452636718750E-0002 
 6.10000000000000E+0001  1.45809936523438E+0000  7.08618164062500E-0002 
 6.15000000000000E+0001  1.45202636718750E+0000  8.28247070312500E-0002 
 6.20000000000000E+0001  1.45239257812500E+0000  9.29260253906250E-0002 
 6.25000000000000E+0001  1.45498657226563E+0000  1.04370117187500E-0001 
 6.30000000000000E+0001  1.45819091796875E+0000  1.11755371093750E-0001 
 6.35000000000000E+0001  1.45843505859375E+0000  1.14227294921875E-0001 
 6.40000000000000E+0001  1.45523071289063E+0000  1.18957519531250E-0001 
 6.45000000000000E+0001  1.45004272460938E+0000  1.28387451171875E-0001 
 6.50000000000000E+0001  1.44415283203125E+0000  1.37207031250000E-0001 
 6.55000000000000E+0001  1.43753051757813E+0000  1.39251708984375E-0001 
 6.60000000000000E+0001  1.42953491210938E+0000  1.35284423828125E-0001 
 6.65000000000000E+0001  1.42364501953125E+0000  1.28387451171875E-0001 
 6.70000000000000E+0001  1.41766357421875E+0000  1.14837646484375E-0001 
 6.75000000000000E+0001  1.40505981445313E+0000  9.52453613281250E-0002 
 6.80000000000000E+0001  1.38903808593750E+0000  7.71789550781250E-0002 
 6.85000000000000E+0001  1.37313842773438E+0000  6.70471191406250E-0002 
 6.90000000000000E+0001  1.36215209960938E+0000  6.67419433593750E-0002 
 6.95000000000000E+0001  1.35549926757813E+0000  7.04650878906250E-0002 
 7.00000000000000E+0001  1.34979248046875E+0000  8.03527832031250E-0002 
 7.05000000000000E+0001  1.34884643554688E+0000  9.71984863281250E-0002 
 7.10000000000000E+0001  1.35198974609375E+0000  1.14044189453125E-0001 
 7.15000000000000E+0001  1.35195922851563E+0000  1.24938964843750E-0001 
 7.20000000000000E+0001  1.34719848632813E+0000  1.33270263671875E-0001 
 7.25000000000000E+0001  1.34356689453125E+0000  1.41418457031250E-0001 
 7.30000000000000E+0001  1.34667968750000E+0000  1.45385742187500E-0001 
 7.35000000000000E+0001  1.35061645507813E+0000  1.44500732421875E-0001 
 7.40000000000000E+0001  1.35089111328125E+0000  1.43829345703125E-0001 
 7.45000000000000E+0001  1.34939575195313E+0000  1.44165039062500E-0001 
 7.50000000000000E+0001  1.34884643554688E+0000  1.40991210937500E-0001 
 7.55000000000000E+0001  1.34640502929688E+0000  1.35589599609375E-0001 
 7.60000000000000E+0001  1.33633422851563E+0000  1.31408691406250E-0001 
 7.65000000000000E+0001  1.32077026367188E+0000  1.27197265625000E-0001 
 7.70000000000000E+0001  1.30697631835938E+0000  1.22436523437500E-0001 
 7.75000000000000E+0001  1.29956054687500E+0000  1.17797851562500E-0001 
 7.80000000000000E+0001  1.29843139648438E+0000  1.14959716796875E-0001 
 7.85000000000000E+0001  1.30157470703125E+0000  1.11572265625000E-0001 
 7.90000000000000E+0001  1.30816650390625E+0000  1.05651855468750E-0001 
 7.95000000000000E+0001  1.31726074218750E+0000  1.00036621093750E-0001 
 8.00000000000000E+0001  1.32632446289063E+0000  9.95178222656250E-0002 
 8.05000000000000E+0001  1.33163452148438E+0000  1.04309082031250E-0001 
 8.10000000000000E+0001  1.32742309570313E+0000  1.10748291015625E-0001 
 8.15000000000000E+0001  1.31555175781250E+0000  1.15997314453125E-0001 
 8.20000000000000E+0001  1.30310058593750E+0000  1.18530273437500E-0001 
 8.25000000000000E+0001  1.29415893554688E+0000  1.19354248046875E-0001 
 8.30000000000000E+0001  1.28787231445313E+0000  1.18103027343750E-0001 
 8.35000000000000E+0001  1.28366088867188E+0000  1.13189697265625E-0001 
 8.40000000000000E+0001  1.28433227539063E+0000  1.09466552734375E-0001 
 8.45000000000000E+0001  1.29074096679688E+0000  1.12701416015625E-0001 
 8.50000000000000E+0001  1.29983520507813E+0000  1.22741699218750E-0001 
 8.55000000000000E+0001  1.30541992187500E+0000  1.30706787109375E-0001 
 8.60000000000000E+0001  1.30355834960938E+0000  1.29241943359375E-0001 
 8.65000000000000E+0001  1.29418945312500E+0000  1.23199462890625E-0001 
 8.70000000000000E+0001  1.27969360351563E+0000  1.17858886718750E-0001 
 8.75000000000000E+0001  1.26226806640625E+0000  1.12091064453125E-0001 
 8.80000000000000E+0001  1.24560546875000E+0000  1.06353759765625E-0001 
 8.85000000000000E+0001  1.23678588867188E+0000  1.04492187500000E-0001 
 8.90000000000000E+0001  1.24148559570313E+0000  1.05895996093750E-0001 
 8.95000000000000E+0001  1.25341796875000E+0000  1.03790283203125E-0001 
 9.00000000000000E+0001  1.26345825195313E+0000  9.91821289062500E-0002 
 9.05000000000000E+0001  1.26757812500000E+0000  9.71374511718750E-0002 
 9.10000000000000E+0001  1.26583862304688E+0000  9.84191894531250E-0002 
 9.15000000000000E+0001  1.25738525390625E+0000  1.05041503906250E-0001 
 9.20000000000000E+0001  1.24462890625000E+0000  1.23046875000000E-0001 
 9.25000000000000E+0001  1.23559570312500E+0000  1.48254394531250E-0001 
 9.30000000000000E+0001  1.23071289062500E+0000  1.66381835937500E-0001 
 9.35000000000000E+0001  1.22769165039063E+0000  1.73645019531250E-0001 
 9.40000000000000E+0001  1.22650146484375E+0000  1.72149658203125E-0001 
 9.45000000000000E+0001  1.22479248046875E+0000  1.60858154296875E-0001 
 9.50000000000000E+0001  1.22048950195313E+0000  1.41113281250000E-0001 
 9.55000000000000E+0001  1.21530151367188E+0000  1.21276855468750E-0001 
 9.60000000000000E+0001  1.21279907226563E+0000  1.10168457031250E-0001 
 9.65000000000000E+0001  1.21191406250000E+0000  1.06903076171875E-0001 
 9.70000000000000E+0001  1.20736694335938E+0000  1.09649658203125E-0001 
 9.75000000000000E+0001  1.19927978515625E+0000  1.18377685546875E-0001 
 9.80000000000000E+0001  1.19015502929688E+0000  1.32110595703125E-0001 
 9.85000000000000E+0001  1.17956542968750E+0000  1.48193359375000E-0001 
 9.90000000000000E+0001  1.17108154296875E+0000  1.61895751953125E-0001 
 9.95000000000000E+0001  1.16787719726563E+0000  1.69189453125000E-0001 
 1.00000000000000E+0002  1.16970825195313E+0000  1.69921875000000E-0001 
 1.00500000000000E+0002  1.17129516601563E+0000  1.63543701171875E-0001 
 1.01000000000000E+0002  1.17010498046875E+0000  1.52740478515625E-0001 
 1.01500000000000E+0002  1.16415405273438E+0000  1.41967773437500E-0001 
 1.02000000000000E+0002  1.15496826171875E+0000  1.32751464843750E-0001 
 1.02500000000000E+0002  1.14447021484375E+0000  1.24511718750000E-0001 
 1.03000000000000E+0002  1.13821411132813E+0000  1.20513916015625E-0001 
 1.03500000000000E+0002  1.13671875000000E+0000  1.18682861328125E-0001 
 1.04000000000000E+0002  1.13537597656250E+0000  1.16363525390625E-0001 
 1.04500000000000E+0002  1.13525390625000E+0000  1.15661621093750E-0001 
 1.05000000000000E+0002  1.13562011718750E+0000  1.18896484375000E-0001 
 1.05500000000000E+0002  1.13494873046875E+0000  1.24786376953125E-0001 
 1.06000000000000E+0002  1.13134765625000E+0000  1.28814697265625E-0001 
 1.06500000000000E+0002  1.12817382812500E+0000  1.32751464843750E-0001 
 1.07000000000000E+0002  1.12652587890625E+0000  1.36352539062500E-0001 
 1.07500000000000E+0002  1.12124633789063E+0000  1.39953613281250E-0001 
 1.08000000000000E+0002  1.11474609375000E+0000  1.48376464843750E-0001 
 1.08500000000000E+0002  1.10983276367188E+0000  1.61743164062500E-0001 
 1.09000000000000E+0002  1.10443115234375E+0000  1.75781250000000E-0001 
 1.09500000000000E+0002  1.09783935546875E+0000  1.86279296875000E-0001 
 1.10000000000000E+0002  1.09640502929688E+0000  1.93206787109375E-0001 
 1.10500000000000E+0002  1.10250854492188E+0000  1.93939208984375E-0001 
 1.11000000000000E+0002  1.10952758789063E+0000  1.85791015625000E-0001 
 1.11500000000000E+0002  1.11465454101563E+0000  1.70806884765625E-0001 
 1.12000000000000E+0002  1.11801147460938E+0000  1.56738281250000E-0001 
 1.12500000000000E+0002  1.12191772460938E+0000  1.48468017578125E-0001 
 1.13000000000000E+0002  1.12603759765625E+0000  1.42456054687500E-0001 
 1.13500000000000E+0002  1.12814331054688E+0000  1.35192871093750E-0001 
 1.14000000000000E+0002  1.12573242187500E+0000  1.29150390625000E-0001 
 1.14500000000000E+0002  1.12054443359375E+0000  1.26159667968750E-0001 
 1.15000000000000E+0002  1.11386108398438E+0000  1.26953125000000E-0001 
 1.15500000000000E+0002  1.10513305664063E+0000  1.28997802734375E-0001 
 1.16000000000000E+0002  1.09396362304688E+0000  1.32385253906250E-0001 
 1.16500000000000E+0002  1.08239746093750E+0000  1.35559082031250E-0001 
 1.17000000000000E+0002  1.06988525390625E+0000  1.37298583984375E-0001 
 1.17500000000000E+0002  1.05804443359375E+0000  1.39068603515625E-0001 
 1.18000000000000E+0002  1.04849243164063E+0000  1.44134521484375E-0001 
 1.18500000000000E+0002  1.04199218750000E+0000  1.48406982421875E-0001 
 1.19000000000000E+0002  1.03338623046875E+0000  1.50451660156250E-0001 
 1.19500000000000E+0002  1.02224731445313E+0000  1.51275634765625E-0001 
 1.20000000000000E+0002  1.01440429687500E+0000  1.55700683593750E-0001 
 1.20500000000000E+0002  1.01531982421875E+0000  1.59027099609375E-0001 
 1.21000000000000E+0002  1.02145385742188E+0000  1.55364990234375E-0001 
 1.21500000000000E+0002  1.02731323242188E+0000  1.49810791015625E-0001 
 1.22000000000000E+0002  1.03280639648438E+0000  1.46545410156250E-0001 
 1.22500000000000E+0002  1.03979492187500E+0000  1.44073486328125E-0001 
 1.23000000000000E+0002  1.04495239257813E+0000  1.38305664062500E-0001 
 1.23500000000000E+0002  1.04214477539063E+0000  1.33148193359375E-0001 
 1.24000000000000E+0002  1.03659057617188E+0000  1.33728027343750E-0001 
 1.24500000000000E+0002  1.03564453125000E+0000  1.37115478515625E-0001 
 1.25000000000000E+0002  1.03860473632813E+0000  1.40045166015625E-0001 
 1.25500000000000E+0002  1.04357910156250E+0000  1.43249511718750E-0001 
 1.26000000000000E+0002  1.05108642578125E+0000  1.45538330078125E-0001 
 1.26500000000000E+0002  1.05917358398438E+0000  1.45294189453125E-0001 
 1.27000000000000E+0002  1.06335449218750E+0000  1.45019531250000E-0001 
 1.27500000000000E+0002  1.06286621093750E+0000  1.46911621093750E-0001 
 1.28000000000000E+0002  1.05776977539063E+0000  1.49505615234375E-0001 
 1.28500000000000E+0002  1.04547119140625E+0000  1.51916503906250E-0001 
 1.29000000000000E+0002  1.02972412109375E+0000  1.57348632812500E-0001 
 1.29500000000000E+0002  1.01660156250000E+0000  1.61804199218750E-0001 
 1.30000000000000E+0002  1.00436401367188E+0000  1.58355712890625E-0001 
 1.30500000000000E+0002  9.89715576171875E-0001  1.49230957031250E-0001 
 1.31000000000000E+0002  9.76165771484375E-0001  1.40808105468750E-0001 
 1.31500000000000E+0002  9.65515136718750E-0001  1.32476806640625E-0001 
 1.32000000000000E+0002  9.55902099609375E-0001  1.25976562500000E-0001 
 1.32500000000000E+0002  9.49859619140625E-0001  1.24145507812500E-0001 
 1.33000000000000E+0002  9.52362060546875E-0001  1.27075195312500E-0001 
 1.33500000000000E+0002  9.59808349609375E-0001  1.33636474609375E-0001 
 1.34000000000000E+0002  9.69146728515625E-0001  1.40808105468750E-0001 
 1.34500000000000E+0002  9.81658935546875E-0001  1.47125244140625E-0001 
 1.35000000000000E+0002  9.92340087890625E-0001  1.50573730468750E-0001 
 1.35500000000000E+0002  9.94049072265625E-0001  1.48529052734375E-0001 
 1.36000000000000E+0002  9.87823486328125E-0001  1.44165039062500E-0001 
 1.36500000000000E+0002  9.81964111328125E-0001  1.41876220703125E-0001 
 1.37000000000000E+0002  9.77020263671875E-0001  1.42883300781250E-0001 
 1.37500000000000E+0002  9.73358154296875E-0001  1.46911621093750E-0001 
 1.38000000000000E+0002  9.75830078125000E-0001  1.49475097656250E-0001 
 1.38500000000000E+0002  9.83642578125000E-0001  1.50207519531250E-0001 
 1.39000000000000E+0002  9.88281250000000E-0001  1.50665283203125E-0001 
 1.39500000000000E+0002  9.86816406250000E-0001  1.49017333984375E-0001 
 1.40000000000000E+0002  9.84069824218750E-0001  1.46545410156250E-0001 
 1.40500000000000E+0002  9.80987548828125E-0001  1.44073486328125E-0001 
 1.41000000000000E+0002  9.71160888671875E-0001  1.41845703125000E-0001 
 1.41500000000000E+0002  9.57000732421875E-0001  1.43310546875000E-0001 
 1.42000000000000E+0002  9.48303222656250E-0001  1.44256591796875E-0001 
 1.42500000000000E+0002  9.46289062500000E-0001  1.43157958984375E-0001 
 1.43000000000000E+0002  9.44610595703125E-0001  1.38946533203125E-0001 
 1.43500000000000E+0002  9.40277099609375E-0001  1.31317138671875E-0001 
 1.44000000000000E+0002  9.35180664062500E-0001  1.23962402343750E-0001 
 1.44500000000000E+0002  9.32067871093750E-0001  1.17279052734375E-0001 
 1.45000000000000E+0002  9.24804687500000E-0001  1.12609863281250E-0001 
 1.45500000000000E+0002  9.12048339843750E-0001  1.16363525390625E-0001 
 1.46000000000000E+0002  8.99749755859375E-0001  1.27197265625000E-0001 
 1.46500000000000E+0002  8.89587402343750E-0001  1.39831542968750E-0001 
 1.47000000000000E+0002  8.80889892578125E-0001  1.53259277343750E-0001 
 1.47500000000000E+0002  8.75823974609375E-0001  1.67999267578125E-0001 
 1.48000000000000E+0002  8.78875732421875E-0001  1.80755615234375E-0001 
 1.48500000000000E+0002  8.90991210937500E-0001  1.78405761718750E-0001 
 1.49000000000000E+0002  9.02465820312500E-0001  1.62872314453125E-0001 
 1.49500000000000E+0002  9.12109375000000E-0001  1.46575927734375E-0001 
 1.50000000000000E+0002  9.18914794921875E-0001  1.32110595703125E-0001 
 1.50500000000000E+0002  9.21081542968750E-0001  1.20483398437500E-0001 
 1.51000000000000E+0002  9.23187255859375E-0001  1.14257812500000E-0001 
 1.51500000000000E+0002  9.24530029296875E-0001  1.14837646484375E-0001 
 1.52000000000000E+0002  9.23309326171875E-0001  1.20788574218750E-0001 
 1.52500000000000E+0002  9.19799804687500E-0001  1.29241943359375E-0001 
 1.53000000000000E+0002  9.12628173828125E-0001  1.38580322265625E-0001 
 1.53500000000000E+0002  8.99261474609375E-0001  1.44897460937500E-0001 
 1.54000000000000E+0002  8.78173828125000E-0001  1.47247314453125E-0001 
 1.54500000000000E+0002  8.57086181640625E-0001  1.48101806640625E-0001 
 1.55000000000000E+0002  8.43536376953125E-0001  1.46820068359375E-0001 
 1.55500000000000E+0002  8.37280273437500E-0001  1.41540527343750E-0001 
 1.56000000000000E+0002  8.36669921875000E-0001  1.31469726562500E-0001 
 1.56500000000000E+0002  8.39782714843750E-0001  1.19445800781250E-0001 
 1.57000000000000E+0002  8.42773437500000E-0001  1.09619140625000E-0001 
 1.57500000000000E+0002  8.44360351562500E-0001  1.03698730468750E-0001 
 1.58000000000000E+0002  8.43231201171875E-0001  1.05346679687500E-0001 
 1.58500000000000E+0002  8.42651367187500E-0001  1.16668701171875E-0001 
 1.59000000000000E+0002  8.45642089843750E-0001  1.33636474609375E-0001 
 1.59500000000000E+0002  8.47961425781250E-0001  1.51214599609375E-0001 
 1.60000000000000E+0002  8.45275878906250E-0001  1.68090820312500E-0001 
 1.60500000000000E+0002  8.40911865234375E-0001  1.81915283203125E-0001 
 1.61000000000000E+0002  8.37402343750000E-0001  1.87408447265625E-0001 
 1.61500000000000E+0002  8.32611083984375E-0001  1.82159423828125E-0001 
 1.62000000000000E+0002  8.25683593750000E-0001  1.71478271484375E-0001 
 1.62500000000000E+0002  8.24981689453125E-0001  1.64306640625000E-0001 
 1.63000000000000E+0002  8.32794189453125E-0001  1.59179687500000E-0001 
 1.63500000000000E+0002  8.43139648437500E-0001  1.54846191406250E-0001 
 1.64000000000000E+0002  8.51684570312500E-0001  1.51184082031250E-0001 
 1.64500000000000E+0002  8.55987548828125E-0001  1.50634765625000E-0001 
 1.65000000000000E+0002  8.55621337890625E-0001  1.54266357421875E-0001 
 1.65500000000000E+0002  8.49029541015625E-0001  1.54602050781250E-0001 
 1.66000000000000E+0002  8.33526611328125E-0001  1.50970458984375E-0001 
 1.66500000000000E+0002  8.11553955078125E-0001  1.49261474609375E-0001 
 1.67000000000000E+0002  7.90740966796875E-0001  1.50512695312500E-0001 
 1.67500000000000E+0002  7.74780273437500E-0001  1.48864746093750E-0001 
 1.68000000000000E+0002  7.65258789062500E-0001  1.42761230468750E-0001 
 1.68500000000000E+0002  7.65808105468750E-0001  1.37084960937500E-0001 
 1.69000000000000E+0002  7.76184082031250E-0001  1.32568359375000E-0001 
 1.69500000000000E+0002  7.88238525390625E-0001  1.27075195312500E-0001 
 1.70000000000000E+0002  7.96630859375000E-0001  1.24145507812500E-0001 
 1.70500000000000E+0002  8.03497314453125E-0001  1.25762939453125E-0001 
 1.71000000000000E+0002  8.09997558593750E-0001  1.27929687500000E-0001 
 1.71500000000000E+0002  8.14025878906250E-0001  1.27380371093750E-0001 
 1.72000000000000E+0002  8.13110351562500E-0001  1.24084472656250E-0001 
 1.72500000000000E+0002  8.08380126953125E-0001  1.22650146484375E-0001 
 1.73000000000000E+0002  8.02642822265625E-0001  1.27502441406250E-0001 
 1.73500000000000E+0002  7.97790527343750E-0001  1.35192871093750E-0001 
 1.74000000000000E+0002  7.89520263671875E-0001  1.41326904296875E-0001 
 1.74500000000000E+0002  7.76458740234375E-0001  1.48834228515625E-0001 
 1.75000000000000E+0002  7.67333984375000E-0001  1.58569335937500E-0001 
 1.75500000000000E+0002  7.66357421875000E-0001  1.65130615234375E-0001 
 1.76000000000000E+0002  7.68463134765625E-0001  1.64367675781250E-0001 
 1.76500000000000E+0002  7.68188476562500E-0001  1.59271240234375E-0001 
 1.77000000000000E+0002  7.65472412109375E-0001  1.55639648437500E-0001 
 1.77500000000000E+0002  7.63763427734375E-0001  1.54235839843750E-0001 
 1.78000000000000E+0002  7.61840820312500E-0001  1.51428222656250E-0001 
 1.78500000000000E+0002  7.57293701171875E-0001  1.45660400390625E-0001 
 1.79000000000000E+0002  7.51678466796875E-0001  1.36291503906250E-0001 
 1.79500000000000E+0002  7.47375488281250E-0001  1.27655029296875E-0001 
 1.80000000000000E+0002  7.45208740234375E-0001  1.21948242187500E-0001 
 1.80500000000000E+0002  7.44628906250000E-0001  1.18072509765625E-0001 
 1.81000000000000E+0002  7.45147705078125E-0001  1.15692138671875E-0001 
 1.81500000000000E+0002  7.45971679687500E-0001  1.14410400390625E-0001 
 1.82000000000000E+0002  7.46276855468750E-0001  1.15386962890625E-0001 
 1.82500000000000E+0002  7.46093750000000E-0001  1.17279052734375E-0001 
 1.83000000000000E+0002  7.45697021484375E-0001  1.18804931640625E-0001 
 1.83500000000000E+0002  7.44201660156250E-0001  1.22314453125000E-0001 
 1.84000000000000E+0002  7.43682861328125E-0001  1.26983642578125E-0001 
 1.84500000000000E+0002  7.42828369140625E-0001  1.30828857421875E-0001 
 1.85000000000000E+0002  7.38189697265625E-0001  1.29425048828125E-0001 
 1.85500000000000E+0002  7.30285644531250E-0001  1.26037597656250E-0001 
 1.86000000000000E+0002  7.22869873046875E-0001  1.25305175781250E-0001 
 1.86500000000000E+0002  7.13684082031250E-0001  1.25915527343750E-0001 
 1.87000000000000E+0002  7.00897216796875E-0001  1.25946044921875E-0001 
 1.87500000000000E+0002  6.88659667968750E-0001  1.25335693359375E-0001 
 1.88000000000000E+0002  6.81427001953125E-0001  1.26068115234375E-0001 
 1.88500000000000E+0002  6.78802490234375E-0001  1.31164550781250E-0001 
 1.89000000000000E+0002  6.79016113281250E-0001  1.37847900390625E-0001 
 1.89500000000000E+0002  6.80908203125000E-0001  1.46545410156250E-0001 
 1.90000000000000E+0002  6.86798095703125E-0001  1.57318115234375E-0001 
 1.90500000000000E+0002  6.94213867187500E-0001  1.68182373046875E-0001 
 1.91000000000000E+0002  7.00378417968750E-0001  1.75201416015625E-0001 
 1.91500000000000E+0002  7.00866699218750E-0001  1.73278808593750E-0001 
 1.92000000000000E+0002  6.96655273437500E-0001  1.67633056640625E-0001 
 1.92500000000000E+0002  6.94793701171875E-0001  1.61224365234375E-0001 
 1.93000000000000E+0002  6.97296142578125E-0001  1.54907226562500E-0001 
 1.93500000000000E+0002  6.99645996093750E-0001  1.48925781250000E-0001 
 1.94000000000000E+0002  6.97387695312500E-0001  1.46942138671875E-0001 
 1.94500000000000E+0002  6.92962646484375E-0001  1.48590087890625E-0001 
 1.95000000000000E+0002  6.89056396484375E-0001  1.48010253906250E-0001 
 1.95500000000000E+0002  6.78710937500000E-0001  1.44134521484375E-0001 
 1.96000000000000E+0002  6.62719726562500E-0001  1.41235351562500E-0001 
 1.96500000000000E+0002  6.49139404296875E-0001  1.40808105468750E-0001 
 1.97000000000000E+0002  6.46423339843750E-0001  1.41998291015625E-0001 
 1.97500000000000E+0002  6.51428222656250E-0001  1.41693115234375E-0001 
 1.98000000000000E+0002  6.57562255859375E-0001  1.41998291015625E-0001 
 1.98500000000000E+0002  6.60797119140625E-0001  1.42761230468750E-0001 
 1.99000000000000E+0002  6.62353515625000E-0001  1.44592285156250E-0001 
 1.99500000000000E+0002  6.61132812500000E-0001  1.46697998046875E-0001 
 2.00000000000000E+0002  6.57684326171875E-0001  1.46728515625000E-0001 
 2.00500000000000E+0002  6.54022216796875E-0001  1.46148681640625E-0001 
 2.01000000000000E+0002  6.52343750000000E-0001  1.45660400390625E-0001 
 2.01500000000000E+0002  6.55914306640625E-0001  1.46942138671875E-0001 
 2.02000000000000E+0002  6.64001464843750E-0001  1.50421142578125E-0001 
 2.02500000000000E+0002  6.72790527343750E-0001  1.56585693359375E-0001 
 2.03000000000000E+0002  6.78833007812500E-0001  1.65069580078125E-0001 
 2.03500000000000E+0002  6.80694580078125E-0001  1.70989990234375E-0001 
 2.04000000000000E+0002  6.78741455078125E-0001  1.72485351562500E-0001 
 2.04500000000000E+0002  6.74835205078125E-0001  1.69982910156250E-0001 
 2.05000000000000E+0002  6.69647216796875E-0001  1.65039062500000E-0001 
 2.05500000000000E+0002  6.64672851562500E-0001  1.56921386718750E-0001 
 2.06000000000000E+0002  6.55120849609375E-0001  1.46667480468750E-0001 
 2.06500000000000E+0002  6.43463134765625E-0001  1.36169433593750E-0001 
 2.07000000000000E+0002  6.35009765625000E-0001  1.25244140625000E-0001 
 2.07500000000000E+0002  6.27380371093750E-0001  1.17187500000000E-0001 
 2.08000000000000E+0002  6.19903564453125E-0001  1.15692138671875E-0001 
 2.08500000000000E+0002  6.16424560546875E-0001  1.20330810546875E-0001 
 2.09000000000000E+0002  6.20330810546875E-0001  1.27319335937500E-0001 
 2.09500000000000E+0002  6.27502441406250E-0001  1.30554199218750E-0001 
 2.10000000000000E+0002  6.33972167968750E-0001  1.31286621093750E-0001 
 2.10500000000000E+0002  6.38549804687500E-0001  1.27685546875000E-0001 
 2.11000000000000E+0002  6.38488769531250E-0001  1.21276855468750E-0001 
 2.11500000000000E+0002  6.36718750000000E-0001  1.15295410156250E-0001 
 2.12000000000000E+0002  6.36749267578125E-0001  1.10809326171875E-0001 
 2.12500000000000E+0002  6.35437011718750E-0001  1.11968994140625E-0001 
 2.13000000000000E+0002  6.32537841796875E-0001  1.17248535156250E-0001 
 2.13500000000000E+0002  6.31408691406250E-0001  1.21093750000000E-0001 
 2.14000000000000E+0002  6.35650634765625E-0001  1.17614746093750E-0001 
 2.14500000000000E+0002  6.38275146484375E-0001  1.07421875000000E-0001 
 2.15000000000000E+0002  6.33636474609375E-0001  1.00952148437500E-0001 
 2.15500000000000E+0002  6.26007080078125E-0001  1.00921630859375E-0001 
 2.16000000000000E+0002  6.18286132812500E-0001  1.05163574218750E-0001 
 2.16500000000000E+0002  6.09863281250000E-0001  1.13769531250000E-0001 
 2.17000000000000E+0002  6.01745605468750E-0001  1.28417968750000E-0001 
 2.17500000000000E+0002  5.97259521484375E-0001  1.41326904296875E-0001 
 2.18000000000000E+0002  5.94787597656250E-0001  1.46850585937500E-0001 
 2.18500000000000E+0002  5.94879150390625E-0001  1.46240234375000E-0001 
 2.19000000000000E+0002  5.95764160156250E-0001  1.41448974609375E-0001 
 2.19500000000000E+0002  5.91369628906250E-0001  1.31988525390625E-0001 
 2.20000000000000E+0002  5.80871582031250E-0001  1.22314453125000E-0001 
 2.20500000000000E+0002  5.70739746093750E-0001  1.14624023437500E-0001 
 2.21000000000000E+0002  5.66406250000000E-0001  1.06231689453125E-0001 
 2.21500000000000E+0002  5.64788818359375E-0001  9.86938476562500E-0002 
 2.22000000000000E+0002  5.66680908203125E-0001  9.69238281250000E-0002 
 2.22500000000000E+0002  5.75805664062500E-0001  1.01440429687500E-0001 
 2.23000000000000E+0002  5.85510253906250E-0001  1.06018066406250E-0001 
 2.23500000000000E+0002  5.88409423828125E-0001  1.06140136718750E-0001 
 2.24000000000000E+0002  5.84686279296875E-0001  1.04125976562500E-0001 
 2.24500000000000E+0002  5.81146240234375E-0001  1.02783203125000E-0001 
 2.25000000000000E+0002  5.79376220703125E-0001  9.75952148437500E-0002 
 2.25500000000000E+0002  5.75195312500000E-0001  8.63952636718750E-0002 
 2.26000000000000E+0002  5.68878173828125E-0001  7.69653320312500E-0002 
 2.26500000000000E+0002  5.68298339843750E-0001  7.62329101562500E-0002 
 2.27000000000000E+0002  5.73699951171875E-0001  8.29772949218750E-0002 
 2.27500000000000E+0002  5.76171875000000E-0001  9.48486328125000E-0002 
 2.28000000000000E+0002  5.75469970703125E-0001  1.13189697265625E-0001 
 2.28500000000000E+0002  5.78002929687500E-0001  1.32995605468750E-0001 
 2.29000000000000E+0002  5.82336425781250E-0001  1.46118164062500E-0001 
 2.29500000000000E+0002  5.80505371093750E-0001  1.52191162109375E-0001 
 2.30000000000000E+0002  5.74310302734375E-0001  1.53839111328125E-0001 
 2.30500000000000E+0002  5.72814941406250E-0001  1.49383544921875E-0001 
 2.31000000000000E+0002  5.73181152343750E-0001  1.38031005859375E-0001 
 2.31500000000000E+0002  5.69244384765625E-0001  1.24725341796875E-0001 
 2.32000000000000E+0002  5.63598632812500E-0001  1.11816406250000E-0001 
 2.32500000000000E+0002  5.60028076171875E-0001  9.83886718750000E-0002 
 2.33000000000000E+0002  5.55511474609375E-0001  8.90502929687500E-0002 
 2.33500000000000E+0002  5.45623779296875E-0001  8.56628417968750E-0002 
 2.34000000000000E+0002  5.37567138671875E-0001  8.56018066406250E-0002 
 2.34500000000000E+0002  5.34820556640625E-0001  8.62121582031250E-0002 
 2.35000000000000E+0002  5.34301757812500E-0001  9.19189453125000E-0002 
 2.35500000000000E+0002  5.38269042968750E-0001  1.03851318359375E-0001 
 2.36000000000000E+0002  5.46112060546875E-0001  1.09466552734375E-0001 
 2.36500000000000E+0002  5.50292968750000E-0001  1.07421875000000E-0001 
 2.37000000000000E+0002  5.50079345703125E-0001  1.06628417968750E-0001 
 2.37500000000000E+0002  5.48278808593750E-0001  1.10900878906250E-0001 
 2.38000000000000E+0002  5.44464111328125E-0001  1.13250732421875E-0001 
 2.38500000000000E+0002  5.38360595703125E-0001  1.10107421875000E-0001 
 2.39000000000000E+0002  5.33569335937500E-0001  1.06292724609375E-0001 
 2.39500000000000E+0002  5.35552978515625E-0001  1.03424072265625E-0001 
 2.40000000000000E+0002  5.44464111328125E-0001  9.93957519531250E-0002 
 2.40500000000000E+0002  5.56427001953125E-0001  9.54589843750000E-0002 
 2.41000000000000E+0002  5.70770263671875E-0001  9.21325683593750E-0002 
 2.41500000000000E+0002  5.82153320312500E-0001  9.14306640625000E-0002 
 2.42000000000000E+0002  5.85968017578125E-0001  9.33227539062500E-0002 
 2.42500000000000E+0002  5.82305908203125E-0001  9.55810546875000E-0002 
 2.43000000000000E+0002  5.70495605468750E-0001  9.68627929687500E-0002 
 2.43500000000000E+0002  5.53253173828125E-0001  9.64660644531250E-0002 
 2.44000000000000E+0002  5.38330078125000E-0001  9.67407226562500E-0002 
 2.44500000000000E+0002  5.27740478515625E-0001  9.81140136718750E-0002 
 2.45000000000000E+0002  5.20782470703125E-0001  9.84802246093750E-0002 
 2.45500000000000E+0002  5.15747070312500E-0001  1.00830078125000E-0001 
 2.46000000000000E+0002  5.16174316406250E-0001  1.06170654296875E-0001 
 2.46500000000000E+0002  5.19653320312500E-0001  1.11328125000000E-0001 
 2.47000000000000E+0002  5.18707275390625E-0001  1.17736816406250E-0001 
 2.47500000000000E+0002  5.14892578125000E-0001  1.26800537109375E-0001 
 2.48000000000000E+0002  5.11627197265625E-0001  1.34643554687500E-0001 
 2.48500000000000E+0002  5.10894775390625E-0001  1.35681152343750E-0001 
 2.49000000000000E+0002  5.10833740234375E-0001  1.28723144531250E-0001 
 2.49500000000000E+0002  5.08728027343750E-0001  1.20056152343750E-0001 
 2.50000000000000E+0002  5.09490966796875E-0001  1.13464355468750E-0001 
 2.50500000000000E+0002  5.11810302734375E-0001  1.04888916015625E-0001 
 2.51000000000000E+0002  5.11627197265625E-0001  9.87243652343750E-0002 
 2.51500000000000E+0002  5.07507324218750E-0001  9.94262695312500E-0002 
 2.52000000000000E+0002  5.01495361328125E-0001  1.03454589843750E-0001 
 2.52500000000000E+0002  4.92675781250000E-0001  1.04003906250000E-0001 
 2.53000000000000E+0002  4.81475830078125E-0001  1.01470947265625E-0001 
 2.53500000000000E+0002  4.74365234375000E-0001  1.02508544921875E-0001 
 2.54000000000000E+0002  4.75189208984375E-0001  1.04064941406250E-0001 
 2.54500000000000E+0002  4.82147216796875E-0001  1.00616455078125E-0001 
 2.55000000000000E+0002  4.92004394531250E-0001  9.70458984375000E-0002 
 2.55500000000000E+0002  5.04058837890625E-0001  1.01348876953125E-0001 
 2.56000000000000E+0002  5.17120361328125E-0001  1.09039306640625E-0001 
 2.56500000000000E+0002  5.26916503906250E-0001  1.09497070312500E-0001 
 2.57000000000000E+0002  5.29937744140625E-0001  1.05590820312500E-0001 
 2.57500000000000E+0002  5.25543212890625E-0001  1.05682373046875E-0001 
 2.58000000000000E+0002  5.18066406250000E-0001  1.12365722656250E-0001 
 2.58500000000000E+0002  5.10772705078125E-0001  1.16516113281250E-0001 
 2.59000000000000E+0002  5.02593994140625E-0001  1.18255615234375E-0001 
 2.59500000000000E+0002  4.93377685546875E-0001  1.24877929687500E-0001 
 2.60000000000000E+0002  4.84893798828125E-0001  1.32293701171875E-0001 
 2.60500000000000E+0002  4.75830078125000E-0001  1.33911132812500E-0001 
 2.61000000000000E+0002  4.65301513671875E-0001  1.30889892578125E-0001 
 2.61500000000000E+0002  4.55505371093750E-0001  1.25518798828125E-0001 
 2.62000000000000E+0002  4.46929931640625E-0001  1.15264892578125E-0001 
 2.62500000000000E+0002  4.39178466796875E-0001  1.01409912109375E-0001 
 2.63000000000000E+0002  4.36614990234375E-0001  9.00573730468750E-0002 
 2.63500000000000E+0002  4.41131591796875E-0001  8.41979980468750E-0002 
 2.64000000000000E+0002  4.49554443359375E-0001  8.31604003906250E-0002 
 2.64500000000000E+0002  4.59594726562500E-0001  8.56018066406250E-0002 
 2.65000000000000E+0002  4.69635009765625E-0001  8.91723632812500E-0002 
 2.65500000000000E+0002  4.76654052734375E-0001  9.34143066406250E-0002 
 2.66000000000000E+0002  4.78424072265625E-0001  9.88159179687500E-0002 
 2.66500000000000E+0002  4.78454589843750E-0001  1.03454589843750E-0001 
 2.67000000000000E+0002  4.79797363281250E-0001  1.00677490234375E-0001 
 2.67500000000000E+0002  4.80987548828125E-0001  9.52758789062500E-0002 
 2.68000000000000E+0002  4.84863281250000E-0001  9.31396484375000E-0002 
 2.68500000000000E+0002  4.93347167968750E-0001  9.13085937500000E-0002 
 2.69000000000000E+0002  5.00701904296875E-0001  8.59375000000000E-0002 
 2.69500000000000E+0002  5.01495361328125E-0001  7.79724121093750E-0002 
 2.70000000000000E+0002  4.96124267578125E-0001  7.12585449218750E-0002 
 2.70500000000000E+0002  4.86083984375000E-0001  6.60705566406250E-0002 
 2.71000000000000E+0002  4.70581054687500E-0001  6.14318847656250E-0002 
 2.71500000000000E+0002  4.51843261718750E-0001  6.28051757812500E-0002 
 2.72000000000000E+0002  4.35699462890625E-0001  7.15637207031250E-0002 
 2.72500000000000E+0002  4.26116943359375E-0001  8.55102539062500E-0002 
 2.73000000000000E+0002  4.21234130859375E-0001  1.00524902343750E-0001 
 2.73500000000000E+0002  4.19189453125000E-0001  1.16851806640625E-0001 
 2.74000000000000E+0002  4.18914794921875E-0001  1.34490966796875E-0001 
 2.74500000000000E+0002  4.21691894531250E-0001  1.46209716796875E-0001 
 2.75000000000000E+0002  4.23461914062500E-0001  1.46972656250000E-0001 
 2.75500000000000E+0002  4.17938232421875E-0001  1.39801025390625E-0001 
 2.76000000000000E+0002  4.06951904296875E-0001  1.32141113281250E-0001 
 2.76500000000000E+0002  3.98742675781250E-0001  1.21063232421875E-0001 
 2.77000000000000E+0002  3.92395019531250E-0001  1.04919433593750E-0001 
 2.77500000000000E+0002  3.83544921875000E-0001  9.35363769531250E-0002 
 2.78000000000000E+0002  3.77624511718750E-0001  9.02404785156250E-0002 
 2.78500000000000E+0002  3.78631591796875E-0001  9.06372070312500E-0002 
 2.79000000000000E+0002  3.83361816406250E-0001  9.27734375000000E-0002 
 2.79500000000000E+0002  3.86291503906250E-0001  9.95788574218750E-0002 
 2.80000000000000E+0002  3.93402099609375E-0001  1.09069824218750E-0001 
 2.80500000000000E+0002  4.06402587890625E-0001  1.14013671875000E-0001 
 2.81000000000000E+0002  4.17053222656250E-0001  1.15417480468750E-0001 
 2.81500000000000E+0002  4.22943115234375E-0001  1.17065429687500E-0001 
 2.82000000000000E+0002  4.24926757812500E-0001  1.13769531250000E-0001 
 2.82500000000000E+0002  4.21722412109375E-0001  1.05316162109375E-0001 
 2.83000000000000E+0002  4.11285400390625E-0001  9.89074707031250E-0002 
 2.83500000000000E+0002  4.00054931640625E-0001  9.39331054687500E-0002 
 2.84000000000000E+0002  3.92852783203125E-0001  8.77685546875000E-0002 
 2.84500000000000E+0002  3.89556884765625E-0001  8.25500488281250E-0002 
 2.85000000000000E+0002  3.91906738281250E-0001  8.34350585937500E-0002 
 2.85500000000000E+0002  3.97888183593750E-0001  8.67004394531250E-0002 
 2.86000000000000E+0002  4.03076171875000E-0001  8.73413085937500E-0002 
 2.86500000000000E+0002  4.03717041015625E-0001  8.69445800781250E-0002 
 2.87000000000000E+0002  4.01733398437500E-0001  8.81042480468750E-0002 
 2.87500000000000E+0002  3.99658203125000E-0001  8.55102539062500E-0002 
 2.88000000000000E+0002  3.94500732421875E-0001  7.63854980468750E-0002 
 2.88500000000000E+0002  3.87969970703125E-0001  6.71386718750000E-0002 
 2.89000000000000E+0002  3.83331298828125E-0001  6.12487792968750E-0002 
 2.89500000000000E+0002  3.79394531250000E-0001  6.05163574218750E-0002 
 2.90000000000000E+0002  3.77258300781250E-0001  6.64367675781250E-0002 
 2.90500000000000E+0002  3.82324218750000E-0001  7.81250000000000E-0002 
 2.91000000000000E+0002  3.95263671875000E-0001  9.29260253906250E-0002 
 2.91500000000000E+0002  4.10247802734375E-0001  1.03027343750000E-0001 
 2.92000000000000E+0002  4.20745849609375E-0001  1.04125976562500E-0001 
 2.92500000000000E+0002  4.26025390625000E-0001  1.00311279296875E-0001 
 2.93000000000000E+0002  4.27917480468750E-0001  9.49096679687500E-0002 
 2.93500000000000E+0002  4.22088623046875E-0001  8.74328613281250E-0002 
 2.94000000000000E+0002  4.09027099609375E-0001  7.91320800781250E-0002 
 2.94500000000000E+0002  3.96057128906250E-0001  7.29675292968750E-0002 
 2.95000000000000E+0002  3.88610839843750E-0001  7.07397460937500E-0002 
 2.95500000000000E+0002  3.83544921875000E-0001  7.10449218750000E-0002 
 2.96000000000000E+0002  3.78906250000000E-0001  7.38525390625000E-0002 
 2.96500000000000E+0002  3.77899169921875E-0001  7.74536132812500E-0002 
 2.97000000000000E+0002  3.80798339843750E-0001  7.83386230468750E-0002 
 2.97500000000000E+0002  3.81744384765625E-0001  7.55615234375000E-0002 
 2.98000000000000E+0002  3.80615234375000E-0001  7.20520019531250E-0002 
 2.98500000000000E+0002  3.79913330078125E-0001  6.81152343750000E-0002 
 2.99000000000000E+0002  3.77441406250000E-0001  6.02111816406250E-0002 
 2.99500000000000E+0002  3.73718261718750E-0001  5.23071289062500E-0002 
 3.00000000000000E+0002  3.70544433593750E-0001  5.01098632812500E-0002 
 3.00500000000000E+0002  3.68011474609375E-0001  5.52673339843750E-0002 
 3.01000000000000E+0002  3.66210937500000E-0001  6.22863769531250E-0002 
 3.01500000000000E+0002  3.67065429687500E-0001  6.69250488281250E-0002 
 3.02000000000000E+0002  3.71337890625000E-0001  7.19909667968750E-0002 
 3.02500000000000E+0002  3.77258300781250E-0001  7.91320800781250E-0002 
 3.03000000000000E+0002  3.80340576171875E-0001  8.23059082031250E-0002 
 3.03500000000000E+0002  3.80523681640625E-0001  8.48083496093750E-0002 
 3.04000000000000E+0002  3.82446289062500E-0001  9.02099609375000E-0002 
 3.04500000000000E+0002  3.83544921875000E-0001  9.82360839843750E-0002 
 3.05000000000000E+0002  3.81378173828125E-0001  1.03881835937500E-0001 
 3.05500000000000E+0002  3.76434326171875E-0001  1.08306884765625E-0001 
 3.06000000000000E+0002  3.72619628906250E-0001  1.14105224609375E-0001 
 3.06500000000000E+0002  3.70452880859375E-0001  1.18713378906250E-0001 
 3.07000000000000E+0002  3.65966796875000E-0001  1.19567871093750E-0001 
 3.07500000000000E+0002  3.59863281250000E-0001  1.17645263671875E-0001 
 3.08000000000000E+0002  3.55438232421875E-0001  1.11602783203125E-0001 
 3.08500000000000E+0002  3.53363037109375E-0001  1.04736328125000E-0001 
 3.09000000000000E+0002  3.53729248046875E-0001  1.01287841796875E-0001 
 3.09500000000000E+0002  3.58032226562500E-0001  9.88769531250000E-0002 
 3.10000000000000E+0002  3.64410400390625E-0001  9.18273925781250E-0002 
 3.10500000000000E+0002  3.66149902343750E-0001  8.21228027343750E-0002 
 3.11000000000000E+0002  3.63983154296875E-0001  7.50122070312500E-0002 
 3.11500000000000E+0002  3.60107421875000E-0001  6.88476562500000E-0002 
 3.12000000000000E+0002  3.50891113281250E-0001  6.15539550781250E-0002 
 3.12500000000000E+0002  3.38836669921875E-0001  5.80444335937500E-0002 
 3.13000000000000E+0002  3.32580566406250E-0001  6.49414062500000E-0002 
 3.13500000000000E+0002  3.37097167968750E-0001  7.97424316406250E-0002 
 3.14000000000000E+0002  3.46984863281250E-0001  9.38110351562500E-0002 
 3.14500000000000E+0002  3.55255126953125E-0001  1.05957031250000E-0001 
 3.15000000000000E+0002  3.64501953125000E-0001  1.16149902343750E-0001 
 3.15500000000000E+0002  3.72283935546875E-0001  1.21002197265625E-0001 
 3.16000000000000E+0002  3.74359130859375E-0001  1.19049072265625E-0001 
 3.16500000000000E+0002  3.70086669921875E-0001  1.12030029296875E-0001 
 3.17000000000000E+0002  3.62579345703125E-0001  1.05560302734375E-0001 
 3.17500000000000E+0002  3.58367919921875E-0001  1.00372314453125E-0001 
 3.18000000000000E+0002  3.60565185546875E-0001  9.05151367187500E-0002 
 3.18500000000000E+0002  3.62213134765625E-0001  7.38525390625000E-0002 
 3.19000000000000E+0002  3.58520507812500E-0001  5.93872070312500E-0002 
 3.19500000000000E+0002  3.50952148437500E-0001  5.49316406250000E-0002 
 3.20000000000000E+0002  3.48022460937500E-0001  5.92041015625000E-0002 
 3.20500000000000E+0002  3.48510742187500E-0001  6.43920898437500E-0002 
 3.21000000000000E+0002  3.45245361328125E-0001  6.88476562500000E-0002 
 3.21500000000000E+0002  3.38195800781250E-0001  7.64160156250000E-0002 
 3.22000000000000E+0002  3.34869384765625E-0001  8.47778320312500E-0002 
 3.22500000000000E+0002  3.34411621093750E-0001  8.87451171875000E-0002 
 3.23000000000000E+0002  3.33587646484375E-0001  8.86230468750000E-0002 
 3.23500000000000E+0002  3.34014892578125E-0001  8.95385742187500E-0002 
 3.24000000000000E+0002  3.38775634765625E-0001  9.46044921875000E-0002 
 3.24500000000000E+0002  3.46954345703125E-0001  1.00433349609375E-0001 
 3.25000000000000E+0002  3.51501464843750E-0001  1.06201171875000E-0001 
 3.25500000000000E+0002  3.52600097656250E-0001  1.10260009765625E-0001 
 3.26000000000000E+0002  3.50830078125000E-0001  1.10137939453125E-0001 
 3.26500000000000E+0002  3.42529296875000E-0001  1.04125976562500E-0001 
 3.27000000000000E+0002  3.30169677734375E-0001  9.84802246093750E-0002 
 3.27500000000000E+0002  3.22937011718750E-0001  9.29260253906250E-0002 
 3.28000000000000E+0002  3.25225830078125E-0001  8.38623046875000E-0002 
 3.28500000000000E+0002  3.29071044921875E-0001  7.14416503906250E-0002 
 3.29000000000000E+0002  3.27117919921875E-0001  6.20422363281250E-0002 
 3.29500000000000E+0002  3.23577880859375E-0001  6.03027343750000E-0002 
 3.30000000000000E+0002  3.24951171875000E-0001  6.58874511718750E-0002 
 3.30500000000000E+0002  3.27270507812500E-0001  7.48291015625000E-0002 
 3.31000000000000E+0002  3.24127197265625E-0001  8.50524902343750E-0002 
 3.31500000000000E+0002  3.20678710937500E-0001  9.48486328125000E-0002 
 3.32000000000000E+0002  3.23486328125000E-0001  1.01013183593750E-0001 
 3.32500000000000E+0002  3.27728271484375E-0001  9.86938476562500E-0002 
 3.33000000000000E+0002  3.27880859375000E-0001  8.75854492187500E-0002 
 3.33500000000000E+0002  3.23089599609375E-0001  7.35473632812500E-0002 
 3.34000000000000E+0002  3.17138671875000E-0001  6.21948242187500E-0002 
 3.34500000000000E+0002  3.12255859375000E-0001  5.81359863281250E-0002 
 3.35000000000000E+0002  3.12530517578125E-0001  6.22253417968750E-0002 
 3.35500000000000E+0002  3.17382812500000E-0001  7.18688964843750E-0002 
 3.36000000000000E+0002  3.26629638671875E-0001  8.09936523437500E-0002 
 3.36500000000000E+0002  3.41125488281250E-0001  8.37707519531250E-0002 
 3.37000000000000E+0002  3.55804443359375E-0001  8.24584960937500E-0002 
 3.37500000000000E+0002  3.62762451171875E-0001  7.87963867187500E-0002 
 3.38000000000000E+0002  3.58489990234375E-0001  7.09228515625000E-0002 
 3.38500000000000E+0002  3.47198486328125E-0001  5.85021972656250E-0002 
 3.39000000000000E+0002  3.34991455078125E-0001  4.95300292968750E-0002 
 3.39500000000000E+0002  3.21685791015625E-0001  4.62646484375000E-0002 
 3.40000000000000E+0002  3.09783935546875E-0001  4.51049804687500E-0002 
 3.40500000000000E+0002  3.05938720703125E-0001  4.51660156250000E-0002 
 3.41000000000000E+0002  3.08471679687500E-0001  4.67529296875000E-0002 
 3.41500000000000E+0002  3.11004638671875E-0001  5.29174804687500E-0002 
 3.42000000000000E+0002  3.14453125000000E-0001  6.09741210937500E-0002 
 3.42500000000000E+0002  3.19976806640625E-0001  6.75048828125000E-0002 
 3.43000000000000E+0002  3.24737548828125E-0001  7.26013183593750E-0002 
 3.43500000000000E+0002  3.27239990234375E-0001  7.86132812500000E-0002 
 3.44000000000000E+0002  3.29711914062500E-0001  8.59375000000000E-0002 
 3.44500000000000E+0002  3.31268310546875E-0001  8.89587402343750E-0002 
 3.45000000000000E+0002  3.25653076171875E-0001  8.61511230468750E-0002 
 3.45500000000000E+0002  3.13690185546875E-0001  8.12072753906250E-0002 
 3.46000000000000E+0002  3.02642822265625E-0001  7.74536132812500E-0002 
 3.46500000000000E+0002  2.94708251953125E-0001  7.30895996093750E-0002 
 3.47000000000000E+0002  2.90863037109375E-0001  6.77490234375000E-0002 
 3.47500000000000E+0002  2.93670654296875E-0001  6.42700195312500E-0002 
 3.48000000000000E+0002  2.98492431640625E-0001  6.21032714843750E-0002 
 3.48500000000000E+0002  2.98156738281250E-0001  6.09436035156250E-0002 
 3.49000000000000E+0002  2.93640136718750E-0001  6.26220703125000E-0002 
 3.49500000000000E+0002  2.90039062500000E-0001  6.45751953125000E-0002 
 3.50000000000000E+0002  2.86468505859375E-0001  6.55822753906250E-0002 
 3.50500000000000E+0002  2.80609130859375E-0001  6.87561035156250E-0002 
 3.51000000000000E+0002  2.79144287109375E-0001  7.61108398437500E-0002 
 3.51500000000000E+0002  2.88269042968750E-0001  8.24890136718750E-0002 
 3.52000000000000E+0002  2.97943115234375E-0001  8.42590332031250E-0002 
 3.52500000000000E+0002  3.00109863281250E-0001  8.74328613281250E-0002 
 3.53000000000000E+0002  2.97454833984375E-0001  9.19799804687500E-0002 
 3.53500000000000E+0002  2.91046142578125E-0001  9.20715332031250E-0002 
 3.54000000000000E+0002  2.83050537109375E-0001  8.70666503906250E-0002 
 3.54500000000000E+0002  2.77557373046875E-0001  7.80944824218750E-0002 
 3.55000000000000E+0002  2.76824951171875E-0001  6.64062500000000E-0002 
 3.55500000000000E+0002  2.79907226562500E-0001  5.38024902343750E-0002 
 3.56000000000000E+0002  2.85003662109375E-0001  4.64782714843750E-0002 
 3.56500000000000E+0002  2.90924072265625E-0001  4.65393066406250E-0002 
 3.57000000000000E+0002  2.93884277343750E-0001  5.01098632812500E-0002 
 3.57500000000000E+0002  2.92419433593750E-0001  5.38024902343750E-0002 
 3.58000000000000E+0002  2.89398193359375E-0001  5.50231933593750E-0002 
 3.58500000000000E+0002  2.85491943359375E-0001  5.29785156250000E-0002 
 3.59000000000000E+0002  2.78472900390625E-0001  4.70886230468750E-0002 
 3.59500000000000E+0002  2.72735595703125E-0001  3.94287109375000E-0002 
 3.60000000000000E+0002  2.72094726562500E-0001  3.51867675781250E-0002 
 3.60500000000000E+0002  2.73834228515625E-0001  3.75366210937500E-0002 
 3.61000000000000E+0002  2.77160644531250E-0001  4.80346679687500E-0002 
 3.61500000000000E+0002  2.83569335937500E-0001  6.16455078125000E-0002 
 3.62000000000000E+0002  2.93487548828125E-0001  7.23571777343750E-0002 
 3.62500000000000E+0002  3.02337646484375E-0001  7.76062011718750E-0002 
 3.63000000000000E+0002  3.04626464843750E-0001  8.10241699218750E-0002 
 3.63500000000000E+0002  3.00231933593750E-0001  8.19091796875000E-0002 
 3.64000000000000E+0002  2.91229248046875E-0001  7.99255371093750E-0002 
 3.64500000000000E+0002  2.80395507812500E-0001  7.58666992187500E-0002 
 3.65000000000000E+0002  2.66510009765625E-0001  7.37304687500000E-0002 
 3.65500000000000E+0002  2.50396728515625E-0001  7.41577148437500E-0002 
 3.66000000000000E+0002  2.37335205078125E-0001  7.30285644531250E-0002 
 3.66500000000000E+0002  2.31079101562500E-0001  7.10144042968750E-0002 
 3.67000000000000E+0002  2.30529785156250E-0001  6.83593750000000E-0002 
 3.67500000000000E+0002  2.32543945312500E-0001  6.45751953125000E-0002 
 3.68000000000000E+0002  2.36541748046875E-0001  5.84106445312500E-0002 
 3.68500000000000E+0002  2.42706298828125E-0001  5.12695312500000E-0002 
 3.69000000000000E+0002  2.48626708984375E-0001  4.55932617187500E-0002 
 3.69500000000000E+0002  2.52777099609375E-0001  4.18395996093750E-0002 
 3.70000000000000E+0002  2.56439208984375E-0001  3.69567871093750E-0002 
 3.70500000000000E+0002  2.57751464843750E-0001  3.28369140625000E-0002 
 3.71000000000000E+0002  2.55432128906250E-0001  3.20129394531250E-0002 
 3.71500000000000E+0002  2.51373291015625E-0001  3.51867675781250E-0002 
 3.72000000000000E+0002  2.45452880859375E-0001  4.34265136718750E-0002 
 3.72500000000000E+0002  2.38250732421875E-0001  5.61523437500000E-0002 
 3.73000000000000E+0002  2.34252929687500E-0001  7.05566406250000E-0002 
 3.73500000000000E+0002  2.37518310546875E-0001  8.02917480468750E-0002 
 3.74000000000000E+0002  2.45605468750000E-0001  8.44726562500000E-0002 
 3.74500000000000E+0002  2.55523681640625E-0001  8.67919921875000E-0002 
 3.75000000000000E+0002  2.66265869140625E-0001  8.25500488281250E-0002 
 3.75500000000000E+0002  2.72155761718750E-0001  6.96411132812500E-0002 
 3.76000000000000E+0002  2.70965576171875E-0001  5.50842285156250E-0002 
 3.76500000000000E+0002  2.63946533203125E-0001  4.76989746093750E-0002 
 3.77000000000000E+0002  2.57171630859375E-0001  4.22668457031250E-0002 
 3.77500000000000E+0002  2.48107910156250E-0001  3.43627929687500E-0002 
 3.78000000000000E+0002  2.39624023437500E-0001  3.23791503906250E-0002 
 3.78500000000000E+0002  2.38555908203125E-0001  3.73840332031250E-0002 
 3.79000000000000E+0002  2.43041992187500E-0001  4.21142578125000E-0002 
 3.79500000000000E+0002  2.45513916015625E-0001  4.57153320312500E-0002 
 3.80000000000000E+0002  2.47863769531250E-0001  5.17272949218750E-0002 
 3.80500000000000E+0002  2.54760742187500E-0001  5.68237304687500E-0002 
 3.81000000000000E+0002  2.61413574218750E-0001  5.52978515625000E-0002 
 3.81500000000000E+0002  2.61108398437500E-0001  5.12390136718750E-0002 
 3.82000000000000E+0002  2.57019042968750E-0001  5.19409179687500E-0002 
 3.82500000000000E+0002  2.54394531250000E-0001  5.73425292968750E-0002 
 3.83000000000000E+0002  2.53387451171875E-0001  6.34155273437500E-0002 
 3.83500000000000E+0002  2.52105712890625E-0001  6.92443847656250E-0002 
 3.84000000000000E+0002  2.52441406250000E-0001  7.57751464843750E-0002 
 3.84500000000000E+0002  2.54394531250000E-0001  7.91625976562500E-0002 
 3.85000000000000E+0002  2.52929687500000E-0001  8.04443359375000E-0002 
 3.85500000000000E+0002  2.46917724609375E-0001  8.13598632812500E-0002 
 3.86000000000000E+0002  2.36358642578125E-0001  8.13293457031250E-0002 
 3.86500000000000E+0002  2.25189208984375E-0001  8.15734863281250E-0002 
 3.87000000000000E+0002  2.20520019531250E-0001  8.19702148437500E-0002 
 3.87500000000000E+0002  2.21221923828125E-0001  7.98034667968750E-0002 
 3.88000000000000E+0002  2.24822998046875E-0001  7.14721679687500E-0002 
 3.88500000000000E+0002  2.27844238281250E-0001  5.80749511718750E-0002 
 3.89000000000000E+0002  2.34130859375000E-0001  4.55627441406250E-0002 
 3.89500000000000E+0002  2.41027832031250E-0001  3.35693359375000E-0002 
 3.90000000000000E+0002  2.40264892578125E-0001  2.50244140625000E-0002 
 3.90500000000000E+0002  2.35717773437500E-0001  2.20031738281250E-0002 
 3.91000000000000E+0002  2.33795166015625E-0001  2.04772949218750E-0002 
 3.91500000000000E+0002  2.33459472656250E-0001  1.58996582031250E-0002 
 3.92000000000000E+0002  2.27996826171875E-0001  1.14135742187500E-0002 
 3.92500000000000E+0002  2.16949462890625E-0001  1.14135742187500E-0002 
 3.93000000000000E+0002  2.08953857421875E-0001  1.33056640625000E-0002 
 3.93500000000000E+0002  2.02911376953125E-0001  1.43432617187500E-0002 
 3.94000000000000E+0002  1.97570800781250E-0001  1.85241699218750E-0002 
 3.94500000000000E+0002  1.97875976562500E-0001  2.92968750000000E-0002 
 3.95000000000000E+0002  2.05535888671875E-0001  4.06799316406250E-0002 
 3.95500000000000E+0002  2.13745117187500E-0001  4.82482910156250E-0002 
 3.96000000000000E+0002  2.17956542968750E-0001  5.44738769531250E-0002 
 3.96500000000000E+0002  2.22412109375000E-0001  6.17065429687500E-0002 
 3.97000000000000E+0002  2.30102539062500E-0001  6.62536621093750E-0002 
 3.97500000000000E+0002  2.35473632812500E-0001  6.35986328125000E-0002 
 3.98000000000000E+0002  2.33276367187500E-0001  5.43823242187500E-0002 
 3.98500000000000E+0002  2.14721679687500E-0001  4.15039062500000E-0002 
 3.99000000000000E+0002  1.81243896484375E-0001  2.79235839843750E-0002 
 3.99500000000000E+0002  1.40136718750000E-0001  1.50756835937500E-0002 
