 0.00000000000000E+0000  2.12947692871094E+0001 -2.01672363281250E+0000 
 5.00000000000000E-0001  2.52373046875000E+0001 -2.53405761718750E+0000 
 1.00000000000000E+0000  2.70893249511719E+0001 -2.90353393554688E+0000 
 1.50000000000000E+0000  2.70341491699219E+0001 -3.10272216796875E+0000 
 2.00000000000000E+0000  2.65515136718750E+0001 -3.24356079101563E+0000 
 2.50000000000000E+0000  2.60325622558594E+0001 -3.36529541015625E+0000 
 3.00000000000000E+0000  2.54836120605469E+0001 -3.46362304687500E+0000 
 3.50000000000000E+0000  2.48942565917969E+0001 -3.54162597656250E+0000 
 4.00000000000000E+0000  2.42444458007813E+0001 -3.61337280273438E+0000 
 4.50000000000000E+0000  2.35230102539063E+0001 -3.67568969726563E+0000 
 5.00000000000000E+0000  2.27538757324219E+0001 -3.70721435546875E+0000 
 5.50000000000000E+0000  2.19771118164063E+0001 -3.70162963867188E+0000 
 6.00000000000000E+0000  2.12171325683594E+0001 -3.66442871093750E+0000 
 6.50000000000000E+0000  2.04990844726563E+0001 -3.60229492187500E+0000 
 7.00000000000000E+0000  1.98385314941406E+0001 -3.52301025390625E+0000 
 7.50000000000000E+0000  1.92230224609375E+0001 -3.43316650390625E+0000 
 8.00000000000000E+0000  1.86210937500000E+0001 -3.34130859375000E+0000 
 8.50000000000000E+0000  1.80066528320313E+0001 -3.25726318359375E+0000 
 9.00000000000000E+0000  1.73713378906250E+0001 -3.18234252929688E+0000 
 9.50000000000000E+0000  1.67150573730469E+0001 -3.11233520507813E+0000 
 1.00000000000000E+0001  1.60438537597656E+0001 -3.05557250976563E+0000 
 1.05000000000000E+0001  1.53606872558593E+0001 -3.01901245117188E+0000 
 1.10000000000000E+0001  1.46651611328125E+0001 -2.98434448242188E+0000 
 1.15000000000000E+0001  1.39621887207031E+0001 -2.92987060546875E+0000 
 1.20000000000000E+0001  1.32553710937500E+0001 -2.85580444335938E+0000 
 1.25000000000000E+0001  1.25377807617187E+0001 -2.77029418945313E+0000 
 1.30000000000000E+0001  1.17946166992187E+0001 -2.66036987304688E+0000 
 1.35000000000000E+0001  1.10319824218750E+0001 -2.51751708984375E+0000 
 1.40000000000000E+0001  1.02749938964843E+0001 -2.36386108398438E+0000 
 1.45000000000000E+0001  9.53826904296875E+0000 -2.21505737304688E+0000 
 1.50000000000000E+0001  8.83169555664063E+0000 -2.06356811523438E+0000 
 1.55000000000000E+0001  8.17849731445313E+0000 -1.90710449218750E+0000 
 1.60000000000000E+0001  7.60028076171875E+0000 -1.75207519531250E+0000 
 1.65000000000000E+0001  7.09405517578125E+0000 -1.59643554687500E+0000 
 1.70000000000000E+0001  6.64184570312500E+0000 -1.43249511718750E+0000 
 1.75000000000000E+0001  6.23544311523438E+0000 -1.26715087890625E+0000 
 1.80000000000000E+0001  5.86666870117188E+0000 -1.11636352539063E+0000 
 1.85000000000000E+0001  5.51995849609375E+0000 -9.83703613281250E-0001 
 1.90000000000000E+0001  5.18240356445313E+0000 -8.77777099609375E-0001 
 1.95000000000000E+0001  4.84930419921875E+0000 -8.08685302734375E-0001 
 2.00000000000000E+0001  4.52279663085938E+0000 -7.69531250000000E-0001 
 2.05000000000000E+0001  4.20446777343750E+0000 -7.46704101562500E-0001 
 2.10000000000000E+0001  3.89688110351563E+0000 -7.29522705078125E-0001 
 2.15000000000000E+0001  3.60580444335938E+0000 -7.07855224609375E-0001 
 2.20000000000000E+0001  3.33139038085938E+0000 -6.72943115234375E-0001 
 2.25000000000000E+0001  3.07189941406250E+0000 -6.22680664062500E-0001 
 2.30000000000000E+0001  2.83001708984375E+0000 -5.70281982421875E-0001 
 2.35000000000000E+0001  2.60556030273438E+0000 -5.26855468750000E-0001 
 2.40000000000000E+0001  2.39385986328125E+0000 -4.86663818359375E-0001 
 2.45000000000000E+0001  2.19073486328125E+0000 -4.45617675781250E-0001 
 2.50000000000000E+0001  2.00094604492188E+0000 -4.00177001953125E-0001 
 2.55000000000000E+0001  1.83380126953125E+0000 -3.39782714843750E-0001 
 2.60000000000000E+0001  1.69607543945313E+0000 -2.63336181640625E-0001 
 2.65000000000000E+0001  1.58377075195313E+0000 -1.77947998046875E-0001 
 2.70000000000000E+0001  1.49594116210938E+0000 -8.89282226562500E-0002 
 2.75000000000000E+0001  1.43267822265625E+0000 -2.22778320312500E-0003 
 2.80000000000000E+0001  1.38909912109375E+0000  7.21740722656250E-0002 
 2.85000000000000E+0001  1.35485839843750E+0000  1.25274658203125E-0001 
 2.90000000000000E+0001  1.32641601562500E+0000  1.62567138671875E-0001 
 2.95000000000000E+0001  1.30419921875000E+0000  1.91436767578125E-0001 
 3.00000000000000E+0001  1.28747558593750E+0000  2.08831787109375E-0001 
 3.05000000000000E+0001  1.27563476562500E+0000  2.11547851562500E-0001 
 3.10000000000000E+0001  1.27029418945313E+0000  2.05871582031250E-0001 
 3.15000000000000E+0001  1.26983642578125E+0000  1.96716308593750E-0001 
 3.20000000000000E+0001  1.26776123046875E+0000  1.87561035156250E-0001 
 3.25000000000000E+0001  1.25912475585938E+0000  1.79138183593750E-0001 
 3.30000000000000E+0001  1.24896240234375E+0000  1.73461914062500E-0001 
 3.35000000000000E+0001  1.23910522460938E+0000  1.71112060546875E-0001 
 3.40000000000000E+0001  1.22671508789063E+0000  1.70135498046875E-0001 
 3.45000000000000E+0001  1.21112060546875E+0000  1.70227050781250E-0001 
 3.50000000000000E+0001  1.20123291015625E+0000  1.68273925781250E-0001 
 3.55000000000000E+0001  1.20153808593750E+0000  1.61254882812500E-0001 
 3.60000000000000E+0001  1.20697021484375E+0000  1.52526855468750E-0001 
 3.65000000000000E+0001  1.21960449218750E+0000  1.46911621093750E-0001 
 3.70000000000000E+0001  1.24502563476563E+0000  1.43157958984375E-0001 
 3.75000000000000E+0001  1.27966308593750E+0000  1.39160156250000E-0001 
 3.80000000000000E+0001  1.31640625000000E+0000  1.36993408203125E-0001 
 3.85000000000000E+0001  1.35235595703125E+0000  1.40380859375000E-0001 
 3.90000000000000E+0001  1.38430786132813E+0000  1.51275634765625E-0001 
 3.95000000000000E+0001  1.40798950195313E+0000  1.69006347656250E-0001 
 4.00000000000000E+0001  1.42483520507813E+0000  1.86523437500000E-0001 
 4.05000000000000E+0001  1.43908691406250E+0000  1.98547363281250E-0001 
 4.10000000000000E+0001  1.45437622070313E+0000  2.08740234375000E-0001 
 4.15000000000000E+0001  1.47372436523438E+0000  2.18566894531250E-0001 
 4.20000000000000E+0001  1.50079345703125E+0000  2.21405029296875E-0001 
 4.25000000000000E+0001  1.53363037109375E+0000  2.13958740234375E-0001 
 4.30000000000000E+0001  1.56698608398438E+0000  2.02941894531250E-0001 
 4.35000000000000E+0001  1.59606933593750E+0000  1.96777343750000E-0001 
 4.40000000000000E+0001  1.61965942382813E+0000  1.91406250000000E-0001 
 4.45000000000000E+0001  1.63790893554688E+0000  1.81335449218750E-0001 
 4.50000000000000E+0001  1.65176391601563E+0000  1.66503906250000E-0001 
 4.55000000000000E+0001  1.66339111328125E+0000  1.50970458984375E-0001 
 4.60000000000000E+0001  1.67480468750000E+0000  1.36810302734375E-0001 
 4.65000000000000E+0001  1.68679809570313E+0000  1.24023437500000E-0001 
 4.70000000000000E+0001  1.69601440429688E+0000  1.10565185546875E-0001 
 4.75000000000000E+0001  1.69839477539063E+0000  9.93041992187500E-0002 
 4.80000000000000E+0001  1.68972778320313E+0000  9.14916992187500E-0002 
 4.85000000000000E+0001  1.67105102539063E+0000  8.63037109375000E-0002 
 4.90000000000000E+0001  1.65002441406250E+0000  8.42895507812500E-0002 
 4.95000000000000E+0001  1.63351440429688E+0000  8.76464843750000E-0002 
 5.00000000000000E+0001  1.62374877929688E+0000  9.40856933593750E-0002 
 5.05000000000000E+0001  1.62005615234375E+0000  9.94873046875000E-0002 
 5.10000000000000E+0001  1.62301635742188E+0000  1.06109619140625E-0001 
 5.15000000000000E+0001  1.62969970703125E+0000  1.13311767578125E-0001 
 5.20000000000000E+0001  1.63259887695313E+0000  1.16088867187500E-0001 
 5.25000000000000E+0001  1.62506103515625E+0000  1.12670898437500E-0001 
 5.30000000000000E+0001  1.61004638671875E+0000  1.09954833984375E-0001 
 5.35000000000000E+0001  1.59793090820313E+0000  1.11450195312500E-0001 
 5.40000000000000E+0001  1.59356689453125E+0000  1.08612060546875E-0001 
 5.45000000000000E+0001  1.59317016601563E+0000  1.02447509765625E-0001 
 5.50000000000000E+0001  1.59460449218750E+0000  9.88159179687500E-0002 
 5.55000000000000E+0001  1.60144042968750E+0000  9.71374511718750E-0002 
 5.60000000000000E+0001  1.61318969726563E+0000  9.24987792968750E-0002 
 5.65000000000000E+0001  1.62109375000000E+0000  8.34350585937500E-0002 
 5.70000000000000E+0001  1.61791992187500E+0000  7.31811523437500E-0002 
 5.75000000000000E+0001  1.60552978515625E+0000  6.31103515625000E-0002 
 5.80000000000000E+0001  1.59024047851563E+0000  5.04455566406250E-0002 
 5.85000000000000E+0001  1.57455444335938E+0000  3.58276367187500E-0002 
 5.90000000000000E+0001  1.55569458007813E+0000  2.41699218750000E-0002 
 5.95000000000000E+0001  1.53387451171875E+0000  2.20336914062500E-0002 
 6.00000000000000E+0001  1.51690673828125E+0000  3.31726074218750E-0002 
 6.05000000000000E+0001  1.50836181640625E+0000  4.97436523437500E-0002 
 6.10000000000000E+0001  1.50341796875000E+0000  6.36291503906250E-0002 
 6.15000000000000E+0001  1.49560546875000E+0000  7.29980468750000E-0002 
 6.20000000000000E+0001  1.48739624023438E+0000  7.83996582031250E-0002 
 6.25000000000000E+0001  1.48321533203125E+0000  7.70263671875000E-0002 
 6.30000000000000E+0001  1.47677612304688E+0000  7.33032226562500E-0002 
 6.35000000000000E+0001  1.46975708007813E+0000  7.55310058593750E-0002 
 6.40000000000000E+0001  1.46408081054688E+0000  8.55712890625000E-0002 
 6.45000000000000E+0001  1.45806884765625E+0000  9.93957519531250E-0002 
 6.50000000000000E+0001  1.44671630859375E+0000  1.14288330078125E-0001 
 6.55000000000000E+0001  1.43386840820313E+0000  1.29577636718750E-0001 
 6.60000000000000E+0001  1.42276000976563E+0000  1.38427734375000E-0001 
 6.65000000000000E+0001  1.40866088867188E+0000  1.40441894531250E-0001 
 6.70000000000000E+0001  1.39535522460938E+0000  1.39373779296875E-0001 
 6.75000000000000E+0001  1.38662719726563E+0000  1.32843017578125E-0001 
 6.80000000000000E+0001  1.37930297851563E+0000  1.24359130859375E-0001 
 6.85000000000000E+0001  1.37152099609375E+0000  1.20086669921875E-0001 
 6.90000000000000E+0001  1.36633300781250E+0000  1.19567871093750E-0001 
 6.95000000000000E+0001  1.36795043945313E+0000  1.18041992187500E-0001 
 7.00000000000000E+0001  1.37316894531250E+0000  1.11663818359375E-0001 
 7.05000000000000E+0001  1.37646484375000E+0000  1.04888916015625E-0001 
 7.10000000000000E+0001  1.38055419921875E+0000  1.00738525390625E-0001 
 7.15000000000000E+0001  1.38690185546875E+0000  9.55810546875000E-0002 
 7.20000000000000E+0001  1.39205932617188E+0000  8.87451171875000E-0002 
 7.25000000000000E+0001  1.39089965820313E+0000  8.43200683593750E-0002 
 7.30000000000000E+0001  1.38391113281250E+0000  8.54492187500000E-0002 
 7.35000000000000E+0001  1.37637329101563E+0000  9.16137695312500E-0002 
 7.40000000000000E+0001  1.36581420898438E+0000  9.68627929687500E-0002 
 7.45000000000000E+0001  1.35015869140625E+0000  1.02020263671875E-0001 
 7.50000000000000E+0001  1.33465576171875E+0000  1.07299804687500E-0001 
 7.55000000000000E+0001  1.32327270507813E+0000  1.08398437500000E-0001 
 7.60000000000000E+0001  1.31729125976563E+0000  1.06048583984375E-0001 
 7.65000000000000E+0001  1.31942749023438E+0000  1.03668212890625E-0001 
 7.70000000000000E+0001  1.32809448242188E+0000  1.04095458984375E-0001 
 7.75000000000000E+0001  1.34103393554688E+0000  1.05529785156250E-0001 
 7.80000000000000E+0001  1.35079956054688E+0000  1.06292724609375E-0001 
 7.85000000000000E+0001  1.35842895507813E+0000  1.11694335937500E-0001 
 7.90000000000000E+0001  1.36514282226563E+0000  1.17797851562500E-0001 
 7.95000000000000E+0001  1.36532592773438E+0000  1.20971679687500E-0001 
 8.00000000000000E+0001  1.36245727539063E+0000  1.23931884765625E-0001 
 8.05000000000000E+0001  1.36297607421875E+0000  1.27136230468750E-0001 
 8.10000000000000E+0001  1.36410522460938E+0000  1.23870849609375E-0001 
 8.15000000000000E+0001  1.35421752929688E+0000  1.15936279296875E-0001 
 8.20000000000000E+0001  1.33517456054688E+0000  1.11145019531250E-0001 
 8.25000000000000E+0001  1.31936645507813E+0000  1.08551025390625E-0001 
 8.30000000000000E+0001  1.30404663085938E+0000  9.93652343750000E-0002 
 8.35000000000000E+0001  1.28125000000000E+0000  8.90808105468750E-0002 
 8.40000000000000E+0001  1.25964355468750E+0000  8.77075195312500E-0002 
 8.45000000000000E+0001  1.25106811523438E+0000  9.19189453125000E-0002 
 8.50000000000000E+0001  1.25350952148438E+0000  9.55810546875000E-0002 
 8.55000000000000E+0001  1.25994873046875E+0000  1.00646972656250E-0001 
 8.60000000000000E+0001  1.26605224609375E+0000  1.06872558593750E-0001 
 8.65000000000000E+0001  1.27325439453125E+0000  1.13952636718750E-0001 
 8.70000000000000E+0001  1.28005981445313E+0000  1.21704101562500E-0001 
 8.75000000000000E+0001  1.28134155273438E+0000  1.29730224609375E-0001 
 8.80000000000000E+0001  1.27255249023438E+0000  1.34582519531250E-0001 
 8.85000000000000E+0001  1.25698852539063E+0000  1.35864257812500E-0001 
 8.90000000000000E+0001  1.24191284179688E+0000  1.37817382812500E-0001 
 8.95000000000000E+0001  1.22894287109375E+0000  1.37969970703125E-0001 
 9.00000000000000E+0001  1.21722412109375E+0000  1.33544921875000E-0001 
 9.05000000000000E+0001  1.21081542968750E+0000  1.23565673828125E-0001 
 9.10000000000000E+0001  1.21130371093750E+0000  1.13861083984375E-0001 
 9.15000000000000E+0001  1.21728515625000E+0000  1.07482910156250E-0001 
 9.20000000000000E+0001  1.22274780273438E+0000  1.02996826171875E-0001 
 9.25000000000000E+0001  1.22650146484375E+0000  9.95483398437500E-0002 
 9.30000000000000E+0001  1.22994995117188E+0000  9.86328125000000E-0002 
 9.35000000000000E+0001  1.23284912109375E+0000  1.03118896484375E-0001 
 9.40000000000000E+0001  1.23504638671875E+0000  1.12640380859375E-0001 
 9.45000000000000E+0001  1.23730468750000E+0000  1.21246337890625E-0001 
 9.50000000000000E+0001  1.24041748046875E+0000  1.26708984375000E-0001 
 9.55000000000000E+0001  1.24414062500000E+0000  1.30859375000000E-0001 
 9.60000000000000E+0001  1.24523925781250E+0000  1.33453369140625E-0001 
 9.65000000000000E+0001  1.24002075195313E+0000  1.32507324218750E-0001 
 9.70000000000000E+0001  1.23059082031250E+0000  1.31072998046875E-0001 
 9.75000000000000E+0001  1.22207641601563E+0000  1.30371093750000E-0001 
 9.80000000000000E+0001  1.21566772460938E+0000  1.27716064453125E-0001 
 9.85000000000000E+0001  1.21078491210938E+0000  1.25549316406250E-0001 
 9.90000000000000E+0001  1.20944213867188E+0000  1.23870849609375E-0001 
 9.95000000000000E+0001  1.21185302734375E+0000  1.18652343750000E-0001 
 1.00000000000000E+0002  1.21121215820313E+0000  1.11572265625000E-0001 
 1.00500000000000E+0002  1.20703125000000E+0000  1.10137939453125E-0001 
 1.01000000000000E+0002  1.20303344726563E+0000  1.14288330078125E-0001 
 1.01500000000000E+0002  1.20150756835938E+0000  1.17126464843750E-0001 
 1.02000000000000E+0002  1.20141601562500E+0000  1.16821289062500E-0001 
 1.02500000000000E+0002  1.20404052734375E+0000  1.16607666015625E-0001 
 1.03000000000000E+0002  1.20800781250000E+0000  1.17309570312500E-0001 
 1.03500000000000E+0002  1.20953369140625E+0000  1.19262695312500E-0001 
 1.04000000000000E+0002  1.20504760742188E+0000  1.23962402343750E-0001 
 1.04500000000000E+0002  1.19494628906250E+0000  1.31408691406250E-0001 
 1.05000000000000E+0002  1.18328857421875E+0000  1.38793945312500E-0001 
 1.05500000000000E+0002  1.17053222656250E+0000  1.44805908203125E-0001 
 1.06000000000000E+0002  1.16180419921875E+0000  1.48406982421875E-0001 
 1.06500000000000E+0002  1.16043090820313E+0000  1.46697998046875E-0001 
 1.07000000000000E+0002  1.16424560546875E+0000  1.41418457031250E-0001 
 1.07500000000000E+0002  1.16552734375000E+0000  1.39678955078125E-0001 
 1.08000000000000E+0002  1.16162109375000E+0000  1.45599365234375E-0001 
 1.08500000000000E+0002  1.15652465820313E+0000  1.53656005859375E-0001 
 1.09000000000000E+0002  1.15127563476563E+0000  1.54724121093750E-0001 
 1.09500000000000E+0002  1.14233398437500E+0000  1.51062011718750E-0001 
 1.10000000000000E+0002  1.13449096679688E+0000  1.49658203125000E-0001 
 1.10500000000000E+0002  1.13427734375000E+0000  1.48406982421875E-0001 
 1.11000000000000E+0002  1.13732910156250E+0000  1.43951416015625E-0001 
 1.11500000000000E+0002  1.13723754882813E+0000  1.37542724609375E-0001 
 1.12000000000000E+0002  1.12927246093750E+0000  1.33819580078125E-0001 
 1.12500000000000E+0002  1.11697387695313E+0000  1.33148193359375E-0001 
 1.13000000000000E+0002  1.10601806640625E+0000  1.31317138671875E-0001 
 1.13500000000000E+0002  1.09631347656250E+0000  1.27441406250000E-0001 
 1.14000000000000E+0002  1.08871459960938E+0000  1.25793457031250E-0001 
 1.14500000000000E+0002  1.08520507812500E+0000  1.28448486328125E-0001 
 1.15000000000000E+0002  1.08651733398438E+0000  1.31500244140625E-0001 
 1.15500000000000E+0002  1.08953857421875E+0000  1.34338378906250E-0001 
 1.16000000000000E+0002  1.08770751953125E+0000  1.39099121093750E-0001 
 1.16500000000000E+0002  1.08169555664063E+0000  1.43249511718750E-0001 
 1.17000000000000E+0002  1.07269287109375E+0000  1.43951416015625E-0001 
 1.17500000000000E+0002  1.06115722656250E+0000  1.45019531250000E-0001 
 1.18000000000000E+0002  1.04971313476563E+0000  1.46759033203125E-0001 
 1.18500000000000E+0002  1.03894042968750E+0000  1.44836425781250E-0001 
 1.19000000000000E+0002  1.03173828125000E+0000  1.39007568359375E-0001 
 1.19500000000000E+0002  1.03033447265625E+0000  1.32171630859375E-0001 
 1.20000000000000E+0002  1.03469848632813E+0000  1.27044677734375E-0001 
 1.20500000000000E+0002  1.03970336914063E+0000  1.22131347656250E-0001 
 1.21000000000000E+0002  1.04174804687500E+0000  1.19110107421875E-0001 
 1.21500000000000E+0002  1.04254150390625E+0000  1.18743896484375E-0001 
 1.22000000000000E+0002  1.04003906250000E+0000  1.18286132812500E-0001 
 1.22500000000000E+0002  1.03414916992188E+0000  1.17126464843750E-0001 
 1.23000000000000E+0002  1.02792358398438E+0000  1.14746093750000E-0001 
 1.23500000000000E+0002  1.02359008789063E+0000  1.10992431640625E-0001 
 1.24000000000000E+0002  1.02084350585938E+0000  1.07208251953125E-0001 
 1.24500000000000E+0002  1.01785278320313E+0000  1.07086181640625E-0001 
 1.25000000000000E+0002  1.01565551757813E+0000  1.11297607421875E-0001 
 1.25500000000000E+0002  1.01254272460938E+0000  1.18652343750000E-0001 
 1.26000000000000E+0002  1.00659179687500E+0000  1.28356933593750E-0001 
 1.26500000000000E+0002  1.00045776367188E+0000  1.38916015625000E-0001 
 1.27000000000000E+0002  9.97131347656250E-0001  1.47857666015625E-0001 
 1.27500000000000E+0002  9.96887207031250E-0001  1.54541015625000E-0001 
 1.28000000000000E+0002  9.99053955078125E-0001  1.56433105468750E-0001 
 1.28500000000000E+0002  1.00259399414063E+0000  1.48986816406250E-0001 
 1.29000000000000E+0002  1.00579833984375E+0000  1.34155273437500E-0001 
 1.29500000000000E+0002  1.00784301757813E+0000  1.19445800781250E-0001 
 1.30000000000000E+0002  1.00927734375000E+0000  1.07788085937500E-0001 
 1.30500000000000E+0002  1.00650024414063E+0000  9.93652343750000E-0002 
 1.31000000000000E+0002  9.97650146484375E-0001  9.69238281250000E-0002 
 1.31500000000000E+0002  9.85748291015625E-0001  1.04034423828125E-0001 
 1.32000000000000E+0002  9.75433349609375E-0001  1.16302490234375E-0001 
 1.32500000000000E+0002  9.70184326171875E-0001  1.26281738281250E-0001 
 1.33000000000000E+0002  9.68444824218750E-0001  1.28753662109375E-0001 
 1.33500000000000E+0002  9.70611572265625E-0001  1.24328613281250E-0001 
 1.34000000000000E+0002  9.74426269531250E-0001  1.17492675781250E-0001 
 1.34500000000000E+0002  9.79064941406250E-0001  1.13433837890625E-0001 
 1.35000000000000E+0002  9.81842041015625E-0001  1.09832763671875E-0001 
 1.35500000000000E+0002  9.76531982421875E-0001  1.06262207031250E-0001 
 1.36000000000000E+0002  9.64538574218750E-0001  1.09710693359375E-0001 
 1.36500000000000E+0002  9.53552246093750E-0001  1.18041992187500E-0001 
 1.37000000000000E+0002  9.45190429687500E-0001  1.21246337890625E-0001 
 1.37500000000000E+0002  9.35028076171875E-0001  1.22131347656250E-0001 
 1.38000000000000E+0002  9.25476074218750E-0001  1.29150390625000E-0001 
 1.38500000000000E+0002  9.22668457031250E-0001  1.40197753906250E-0001 
 1.39000000000000E+0002  9.20806884765625E-0001  1.46240234375000E-0001 
 1.39500000000000E+0002  9.16412353515625E-0001  1.47796630859375E-0001 
 1.40000000000000E+0002  9.14337158203125E-0001  1.48834228515625E-0001 
 1.40500000000000E+0002  9.20776367187500E-0001  1.47705078125000E-0001 
 1.41000000000000E+0002  9.30236816406250E-0001  1.41418457031250E-0001 
 1.41500000000000E+0002  9.37530517578125E-0001  1.33605957031250E-0001 
 1.42000000000000E+0002  9.44183349609375E-0001  1.28112792968750E-0001 
 1.42500000000000E+0002  9.51477050781250E-0001  1.25701904296875E-0001 
 1.43000000000000E+0002  9.57214355468750E-0001  1.25946044921875E-0001 
 1.43500000000000E+0002  9.58526611328125E-0001  1.26800537109375E-0001 
 1.44000000000000E+0002  9.53765869140625E-0001  1.27990722656250E-0001 
 1.44500000000000E+0002  9.44519042968750E-0001  1.30828857421875E-0001 
 1.45000000000000E+0002  9.33959960937500E-0001  1.38275146484375E-0001 
 1.45500000000000E+0002  9.26116943359375E-0001  1.50665283203125E-0001 
 1.46000000000000E+0002  9.21539306640625E-0001  1.64306640625000E-0001 
 1.46500000000000E+0002  9.17999267578125E-0001  1.74377441406250E-0001 
 1.47000000000000E+0002  9.17663574218750E-0001  1.80633544921875E-0001 
 1.47500000000000E+0002  9.23187255859375E-0001  1.81610107421875E-0001 
 1.48000000000000E+0002  9.29901123046875E-0001  1.77551269531250E-0001 
 1.48500000000000E+0002  9.31030273437500E-0001  1.68823242187500E-0001 
 1.49000000000000E+0002  9.28070068359375E-0001  1.57501220703125E-0001 
 1.49500000000000E+0002  9.24560546875000E-0001  1.45477294921875E-0001 
 1.50000000000000E+0002  9.22973632812500E-0001  1.36138916015625E-0001 
 1.50500000000000E+0002  9.22180175781250E-0001  1.29943847656250E-0001 
 1.51000000000000E+0002  9.21264648437500E-0001  1.26922607421875E-0001 
 1.51500000000000E+0002  9.20532226562500E-0001  1.25732421875000E-0001 
 1.52000000000000E+0002  9.18121337890625E-0001  1.28143310546875E-0001 
 1.52500000000000E+0002  9.14428710937500E-0001  1.36901855468750E-0001 
 1.53000000000000E+0002  9.09942626953125E-0001  1.47583007812500E-0001 
 1.53500000000000E+0002  9.02282714843750E-0001  1.59545898437500E-0001 
 1.54000000000000E+0002  8.94958496093750E-0001  1.72760009765625E-0001 
 1.54500000000000E+0002  8.89953613281250E-0001  1.82495117187500E-0001 
 1.55000000000000E+0002  8.87542724609375E-0001  1.81884765625000E-0001 
 1.55500000000000E+0002  8.83575439453125E-0001  1.73065185546875E-0001 
 1.56000000000000E+0002  8.76953125000000E-0001  1.64886474609375E-0001 
 1.56500000000000E+0002  8.72955322265625E-0001  1.55517578125000E-0001 
 1.57000000000000E+0002  8.72283935546875E-0001  1.38427734375000E-0001 
 1.57500000000000E+0002  8.70758056640625E-0001  1.18591308593750E-0001 
 1.58000000000000E+0002  8.65020751953125E-0001  1.05285644531250E-0001 
 1.58500000000000E+0002  8.57513427734375E-0001  9.95178222656250E-0002 
 1.59000000000000E+0002  8.55041503906250E-0001  9.75036621093750E-0002 
 1.59500000000000E+0002  8.58001708984375E-0001  9.71374511718750E-0002 
 1.60000000000000E+0002  8.64196777343750E-0001  1.02050781250000E-0001 
 1.60500000000000E+0002  8.71093750000000E-0001  1.13189697265625E-0001 
 1.61000000000000E+0002  8.78753662109375E-0001  1.25000000000000E-0001 
 1.61500000000000E+0002  8.87786865234375E-0001  1.33483886718750E-0001 
 1.62000000000000E+0002  8.92303466796875E-0001  1.37115478515625E-0001 
 1.62500000000000E+0002  8.86688232421875E-0001  1.39465332031250E-0001 
 1.63000000000000E+0002  8.73504638671875E-0001  1.41723632812500E-0001 
 1.63500000000000E+0002  8.60198974609375E-0001  1.43707275390625E-0001 
 1.64000000000000E+0002  8.53851318359375E-0001  1.45507812500000E-0001 
 1.64500000000000E+0002  8.52539062500000E-0001  1.40625000000000E-0001 
 1.65000000000000E+0002  8.52813720703125E-0001  1.31042480468750E-0001 
 1.65500000000000E+0002  8.53881835937500E-0001  1.22283935546875E-0001 
 1.66000000000000E+0002  8.53240966796875E-0001  1.19812011718750E-0001 
 1.66500000000000E+0002  8.47595214843750E-0001  1.22619628906250E-0001 
 1.67000000000000E+0002  8.33282470703125E-0001  1.27868652343750E-0001 
 1.67500000000000E+0002  8.13049316406250E-0001  1.35986328125000E-0001 
 1.68000000000000E+0002  7.93975830078125E-0001  1.47460937500000E-0001 
 1.68500000000000E+0002  7.82226562500000E-0001  1.58386230468750E-0001 
 1.69000000000000E+0002  7.78930664062500E-0001  1.63208007812500E-0001 
 1.69500000000000E+0002  7.83538818359375E-0001  1.62963867187500E-0001 
 1.70000000000000E+0002  7.95471191406250E-0001  1.61315917968750E-0001 
 1.70500000000000E+0002  8.08715820312500E-0001  1.58050537109375E-0001 
 1.71000000000000E+0002  8.17291259765625E-0001  1.50878906250000E-0001 
 1.71500000000000E+0002  8.16070556640625E-0001  1.40197753906250E-0001 
 1.72000000000000E+0002  8.06915283203125E-0001  1.33605957031250E-0001 
 1.72500000000000E+0002  7.96752929687500E-0001  1.33209228515625E-0001 
 1.73000000000000E+0002  7.92449951171875E-0001  1.35711669921875E-0001 
 1.73500000000000E+0002  7.95196533203125E-0001  1.39953613281250E-0001 
 1.74000000000000E+0002  8.01025390625000E-0001  1.47918701171875E-0001 
 1.74500000000000E+0002  8.07434082031250E-0001  1.58996582031250E-0001 
 1.75000000000000E+0002  8.13079833984375E-0001  1.66656494140625E-0001 
 1.75500000000000E+0002  8.13934326171875E-0001  1.67022705078125E-0001 
 1.76000000000000E+0002  8.06854248046875E-0001  1.58813476562500E-0001 
 1.76500000000000E+0002  7.91290283203125E-0001  1.48345947265625E-0001 
 1.77000000000000E+0002  7.73132324218750E-0001  1.37451171875000E-0001 
 1.77500000000000E+0002  7.55340576171875E-0001  1.27014160156250E-0001 
 1.78000000000000E+0002  7.41058349609375E-0001  1.19750976562500E-0001 
 1.78500000000000E+0002  7.33551025390625E-0001  1.16333007812500E-0001 
 1.79000000000000E+0002  7.29248046875000E-0001  1.17309570312500E-0001 
 1.79500000000000E+0002  7.28759765625000E-0001  1.19445800781250E-0001 
 1.80000000000000E+0002  7.33612060546875E-0001  1.20391845703125E-0001 
 1.80500000000000E+0002  7.44842529296875E-0001  1.21520996093750E-0001 
 1.81000000000000E+0002  7.59704589843750E-0001  1.21917724609375E-0001 
 1.81500000000000E+0002  7.74475097656250E-0001  1.22009277343750E-0001 
 1.82000000000000E+0002  7.87628173828125E-0001  1.23718261718750E-0001 
 1.82500000000000E+0002  7.99011230468750E-0001  1.31378173828125E-0001 
 1.83000000000000E+0002  8.08013916015625E-0001  1.43096923828125E-0001 
 1.83500000000000E+0002  8.08227539062500E-0001  1.49536132812500E-0001 
 1.84000000000000E+0002  7.98217773437500E-0001  1.49841308593750E-0001 
 1.84500000000000E+0002  7.82684326171875E-0001  1.50573730468750E-0001 
 1.85000000000000E+0002  7.68096923828125E-0001  1.53564453125000E-0001 
 1.85500000000000E+0002  7.51678466796875E-0001  1.53472900390625E-0001 
 1.86000000000000E+0002  7.34558105468750E-0001  1.51489257812500E-0001 
 1.86500000000000E+0002  7.23022460937500E-0001  1.53228759765625E-0001 
 1.87000000000000E+0002  7.16796875000000E-0001  1.57867431640625E-0001 
 1.87500000000000E+0002  7.09930419921875E-0001  1.59973144531250E-0001 
 1.88000000000000E+0002  7.02575683593750E-0001  1.57287597656250E-0001 
 1.88500000000000E+0002  6.99218750000000E-0001  1.49902343750000E-0001 
 1.89000000000000E+0002  7.02331542968750E-0001  1.37786865234375E-0001 
 1.89500000000000E+0002  7.08312988281250E-0001  1.23382568359375E-0001 
 1.90000000000000E+0002  7.13226318359375E-0001  1.10412597656250E-0001 
 1.90500000000000E+0002  7.16033935546875E-0001  1.01867675781250E-0001 
 1.91000000000000E+0002  7.21588134765625E-0001  9.54589843750000E-0002 
 1.91500000000000E+0002  7.24945068359375E-0001  9.03320312500000E-0002 
 1.92000000000000E+0002  7.19879150390625E-0001  9.06982421875000E-0002 
 1.92500000000000E+0002  7.13256835937500E-0001  9.59167480468750E-0002 
 1.93000000000000E+0002  7.10937500000000E-0001  9.89074707031250E-0002 
 1.93500000000000E+0002  7.11181640625000E-0001  9.72900390625000E-0002 
 1.94000000000000E+0002  7.08618164062500E-0001  9.51538085937500E-0002 
 1.94500000000000E+0002  7.05535888671875E-0001  9.69238281250000E-0002 
 1.95000000000000E+0002  7.04864501953125E-0001  9.74426269531250E-0002 
 1.95500000000000E+0002  7.00317382812500E-0001  9.33837890625000E-0002 
 1.96000000000000E+0002  6.94061279296875E-0001  9.15832519531250E-0002 
 1.96500000000000E+0002  6.89666748046875E-0001  9.34753417968750E-0002 
 1.97000000000000E+0002  6.85272216796875E-0001  1.01562500000000E-0001 
 1.97500000000000E+0002  6.82861328125000E-0001  1.15112304687500E-0001 
 1.98000000000000E+0002  6.85821533203125E-0001  1.30462646484375E-0001 
 1.98500000000000E+0002  6.92016601562500E-0001  1.44805908203125E-0001 
 1.99000000000000E+0002  6.97204589843750E-0001  1.59851074218750E-0001 
 1.99500000000000E+0002  7.01110839843750E-0001  1.71203613281250E-0001 
 2.00000000000000E+0002  7.04223632812500E-0001  1.71173095703125E-0001 
 2.00500000000000E+0002  7.06146240234375E-0001  1.62445068359375E-0001 
 2.01000000000000E+0002  7.05902099609375E-0001  1.56097412109375E-0001 
 2.01500000000000E+0002  7.03796386718750E-0001  1.53808593750000E-0001 
 2.02000000000000E+0002  7.00408935546875E-0001  1.47796630859375E-0001 
 2.02500000000000E+0002  6.95648193359375E-0001  1.36627197265625E-0001 
 2.03000000000000E+0002  6.89636230468750E-0001  1.28021240234375E-0001 
 2.03500000000000E+0002  6.81182861328125E-0001  1.19720458984375E-0001 
 2.04000000000000E+0002  6.69860839843750E-0001  1.08581542968750E-0001 
 2.04500000000000E+0002  6.59790039062500E-0001  9.82971191406250E-0002 
 2.05000000000000E+0002  6.54846191406250E-0001  9.46960449218750E-0002 
 2.05500000000000E+0002  6.57104492187500E-0001  9.80834960937500E-0002 
 2.06000000000000E+0002  6.62811279296875E-0001  1.04278564453125E-0001 
 2.06500000000000E+0002  6.67785644531250E-0001  1.13037109375000E-0001 
 2.07000000000000E+0002  6.72790527343750E-0001  1.23779296875000E-0001 
 2.07500000000000E+0002  6.75628662109375E-0001  1.31591796875000E-0001 
 2.08000000000000E+0002  6.71264648437500E-0001  1.37054443359375E-0001 
 2.08500000000000E+0002  6.59606933593750E-0001  1.42486572265625E-0001 
 2.09000000000000E+0002  6.44287109375000E-0001  1.48162841796875E-0001 
 2.09500000000000E+0002  6.28875732421875E-0001  1.49169921875000E-0001 
 2.10000000000000E+0002  6.13067626953125E-0001  1.43615722656250E-0001 
 2.10500000000000E+0002  5.99456787109375E-0001  1.36840820312500E-0001 
 2.11000000000000E+0002  5.93872070312500E-0001  1.32965087890625E-0001 
 2.11500000000000E+0002  5.98022460937500E-0001  1.28875732421875E-0001 
 2.12000000000000E+0002  6.05804443359375E-0001  1.21185302734375E-0001 
 2.12500000000000E+0002  6.14379882812500E-0001  1.15753173828125E-0001 
 2.13000000000000E+0002  6.24816894531250E-0001  1.15661621093750E-0001 
 2.13500000000000E+0002  6.33666992187500E-0001  1.15997314453125E-0001 
 2.14000000000000E+0002  6.38519287109375E-0001  1.13098144531250E-0001 
 2.14500000000000E+0002  6.39465332031250E-0001  1.08917236328125E-0001 
 2.15000000000000E+0002  6.39404296875000E-0001  1.06994628906250E-0001 
 2.15500000000000E+0002  6.38702392578125E-0001  1.04217529296875E-0001 
 2.16000000000000E+0002  6.34094238281250E-0001  1.01989746093750E-0001 
 2.16500000000000E+0002  6.26953125000000E-0001  1.04553222656250E-0001 
 2.17000000000000E+0002  6.17736816406250E-0001  1.11328125000000E-0001 
 2.17500000000000E+0002  6.06292724609375E-0001  1.18194580078125E-0001 
 2.18000000000000E+0002  5.97167968750000E-0001  1.18133544921875E-0001 
 2.18500000000000E+0002  5.89569091796875E-0001  1.12609863281250E-0001 
 2.19000000000000E+0002  5.83770751953125E-0001  1.05010986328125E-0001 
 2.19500000000000E+0002  5.77514648437500E-0001  9.71679687500000E-0002 
 2.20000000000000E+0002  5.71533203125000E-0001  9.38720703125000E-0002 
 2.20500000000000E+0002  5.67199707031250E-0001  9.52758789062500E-0002 
 2.21000000000000E+0002  5.65155029296875E-0001  1.00738525390625E-0001 
 2.21500000000000E+0002  5.68328857421875E-0001  1.10809326171875E-0001 
 2.22000000000000E+0002  5.76965332031250E-0001  1.20422363281250E-0001 
 2.22500000000000E+0002  5.88745117187500E-0001  1.25671386718750E-0001 
 2.23000000000000E+0002  5.98052978515625E-0001  1.25335693359375E-0001 
 2.23500000000000E+0002  6.05316162109375E-0001  1.23931884765625E-0001 
 2.24000000000000E+0002  6.11297607421875E-0001  1.25183105468750E-0001 
 2.24500000000000E+0002  6.13250732421875E-0001  1.28021240234375E-0001 
 2.25000000000000E+0002  6.09283447265625E-0001  1.30889892578125E-0001 
 2.25500000000000E+0002  6.06018066406250E-0001  1.33453369140625E-0001 
 2.26000000000000E+0002  6.07757568359375E-0001  1.30676269531250E-0001 
 2.26500000000000E+0002  6.08184814453125E-0001  1.20391845703125E-0001 
 2.27000000000000E+0002  6.05194091796875E-0001  1.07177734375000E-0001 
 2.27500000000000E+0002  6.02050781250000E-0001  9.76867675781250E-0002 
 2.28000000000000E+0002  5.99731445312500E-0001  9.24987792968750E-0002 
 2.28500000000000E+0002  5.92742919921875E-0001  9.16442871093750E-0002 
 2.29000000000000E+0002  5.83160400390625E-0001  1.03027343750000E-0001 
 2.29500000000000E+0002  5.78155517578125E-0001  1.24938964843750E-0001 
 2.30000000000000E+0002  5.75988769531250E-0001  1.47247314453125E-0001 
 2.30500000000000E+0002  5.71502685546875E-0001  1.62719726562500E-0001 
 2.31000000000000E+0002  5.66253662109375E-0001  1.73126220703125E-0001 
 2.31500000000000E+0002  5.67993164062500E-0001  1.79290771484375E-0001 
 2.32000000000000E+0002  5.73822021484375E-0001  1.72698974609375E-0001 
 2.32500000000000E+0002  5.75469970703125E-0001  1.55914306640625E-0001 
 2.33000000000000E+0002  5.73547363281250E-0001  1.39068603515625E-0001 
 2.33500000000000E+0002  5.71868896484375E-0001  1.26770019531250E-0001 
 2.34000000000000E+0002  5.67474365234375E-0001  1.17034912109375E-0001 
 2.34500000000000E+0002  5.55267333984375E-0001  1.08062744140625E-0001 
 2.35000000000000E+0002  5.36682128906250E-0001  1.04400634765625E-0001 
 2.35500000000000E+0002  5.21789550781250E-0001  1.07818603515625E-0001 
 2.36000000000000E+0002  5.18035888671875E-0001  1.12243652343750E-0001 
 2.36500000000000E+0002  5.23681640625000E-0001  1.13098144531250E-0001 
 2.37000000000000E+0002  5.35308837890625E-0001  1.10809326171875E-0001 
 2.37500000000000E+0002  5.49591064453125E-0001  1.09527587890625E-0001 
 2.38000000000000E+0002  5.63598632812500E-0001  1.10107421875000E-0001 
 2.38500000000000E+0002  5.72235107421875E-0001  1.07666015625000E-0001 
 2.39000000000000E+0002  5.70281982421875E-0001  1.04492187500000E-0001 
 2.39500000000000E+0002  5.63385009765625E-0001  1.05468750000000E-0001 
 2.40000000000000E+0002  5.57769775390625E-0001  1.11968994140625E-0001 
 2.40500000000000E+0002  5.55725097656250E-0001  1.18682861328125E-0001 
 2.41000000000000E+0002  5.54077148437500E-0001  1.23016357421875E-0001 
 2.41500000000000E+0002  5.50354003906250E-0001  1.28326416015625E-0001 
 2.42000000000000E+0002  5.47271728515625E-0001  1.34033203125000E-0001 
 2.42500000000000E+0002  5.42449951171875E-0001  1.34521484375000E-0001 
 2.43000000000000E+0002  5.34332275390625E-0001  1.30981445312500E-0001 
 2.43500000000000E+0002  5.25543212890625E-0001  1.28814697265625E-0001 
 2.44000000000000E+0002  5.22033691406250E-0001  1.30157470703125E-0001 
 2.44500000000000E+0002  5.28045654296875E-0001  1.29852294921875E-0001 
 2.45000000000000E+0002  5.35766601562500E-0001  1.23291015625000E-0001 
 2.45500000000000E+0002  5.38909912109375E-0001  1.12854003906250E-0001 
 2.46000000000000E+0002  5.37994384765625E-0001  1.02111816406250E-0001 
 2.46500000000000E+0002  5.37017822265625E-0001  9.52148437500000E-0002 
 2.47000000000000E+0002  5.35827636718750E-0001  9.35974121093750E-0002 
 2.47500000000000E+0002  5.29846191406250E-0001  9.57031250000000E-0002 
 2.48000000000000E+0002  5.21667480468750E-0001  1.01654052734375E-0001 
 2.48500000000000E+0002  5.17883300781250E-0001  1.10290527343750E-0001 
 2.49000000000000E+0002  5.17944335937500E-0001  1.14807128906250E-0001 
 2.49500000000000E+0002  5.14434814453125E-0001  1.12579345703125E-0001 
 2.50000000000000E+0002  5.07354736328125E-0001  1.09924316406250E-0001 
 2.50500000000000E+0002  5.03967285156250E-0001  1.12121582031250E-0001 
 2.51000000000000E+0002  5.03326416015625E-0001  1.13739013671875E-0001 
 2.51500000000000E+0002  5.01708984375000E-0001  1.13616943359375E-0001 
 2.52000000000000E+0002  5.01739501953125E-0001  1.16119384765625E-0001 
 2.52500000000000E+0002  5.04669189453125E-0001  1.17889404296875E-0001 
 2.53000000000000E+0002  5.04730224609375E-0001  1.13098144531250E-0001 
 2.53500000000000E+0002  5.01037597656250E-0001  1.06811523437500E-0001 
 2.54000000000000E+0002  5.02563476562500E-0001  1.07147216796875E-0001 
 2.54500000000000E+0002  5.09063720703125E-0001  1.11419677734375E-0001 
 2.55000000000000E+0002  5.10894775390625E-0001  1.15722656250000E-0001 
 2.55500000000000E+0002  5.05828857421875E-0001  1.21124267578125E-0001 
 2.56000000000000E+0002  4.98992919921875E-0001  1.29852294921875E-0001 
 2.56500000000000E+0002  4.93011474609375E-0001  1.38549804687500E-0001 
 2.57000000000000E+0002  4.83886718750000E-0001  1.42303466796875E-0001 
 2.57500000000000E+0002  4.73297119140625E-0001  1.41052246093750E-0001 
 2.58000000000000E+0002  4.67437744140625E-0001  1.35345458984375E-0001 
 2.58500000000000E+0002  4.67712402343750E-0001  1.26647949218750E-0001 
 2.59000000000000E+0002  4.68963623046875E-0001  1.17218017578125E-0001 
 2.59500000000000E+0002  4.69116210937500E-0001  1.08215332031250E-0001 
 2.60000000000000E+0002  4.70062255859375E-0001  1.02539062500000E-0001 
 2.60500000000000E+0002  4.70092773437500E-0001  1.02020263671875E-0001 
 2.61000000000000E+0002  4.67346191406250E-0001  1.05987548828125E-0001 
 2.61500000000000E+0002  4.65270996093750E-0001  1.13403320312500E-0001 
 2.62000000000000E+0002  4.64080810546875E-0001  1.21582031250000E-0001 
 2.62500000000000E+0002  4.63256835937500E-0001  1.27746582031250E-0001 
 2.63000000000000E+0002  4.64141845703125E-0001  1.28051757812500E-0001 
 2.63500000000000E+0002  4.69543457031250E-0001  1.23779296875000E-0001 
 2.64000000000000E+0002  4.77569580078125E-0001  1.17370605468750E-0001 
 2.64500000000000E+0002  4.83276367187500E-0001  1.08398437500000E-0001 
 2.65000000000000E+0002  4.87548828125000E-0001  9.89074707031250E-0002 
 2.65500000000000E+0002  4.90234375000000E-0001  9.06066894531250E-0002 
 2.66000000000000E+0002  4.88891601562500E-0001  8.90502929687500E-0002 
 2.66500000000000E+0002  4.84649658203125E-0001  9.36279296875000E-0002 
 2.67000000000000E+0002  4.81903076171875E-0001  9.89685058593750E-0002 
 2.67500000000000E+0002  4.81628417968750E-0001  1.04492187500000E-0001 
 2.68000000000000E+0002  4.82177734375000E-0001  1.12091064453125E-0001 
 2.68500000000000E+0002  4.83642578125000E-0001  1.20086669921875E-0001 
 2.69000000000000E+0002  4.86816406250000E-0001  1.23138427734375E-0001 
 2.69500000000000E+0002  4.87487792968750E-0001  1.19110107421875E-0001 
 2.70000000000000E+0002  4.83581542968750E-0001  1.13891601562500E-0001 
 2.70500000000000E+0002  4.77600097656250E-0001  1.08184814453125E-0001 
 2.71000000000000E+0002  4.69512939453125E-0001  1.00219726562500E-0001 
 2.71500000000000E+0002  4.59014892578125E-0001  9.24987792968750E-0002 
 2.72000000000000E+0002  4.48791503906250E-0001  8.88366699218750E-0002 
 2.72500000000000E+0002  4.40979003906250E-0001  8.74633789062500E-0002 
 2.73000000000000E+0002  4.34783935546875E-0001  8.77075195312500E-0002 
 2.73500000000000E+0002  4.29626464843750E-0001  9.06982421875000E-0002 
 2.74000000000000E+0002  4.27520751953125E-0001  9.92736816406250E-0002 
 2.74500000000000E+0002  4.31976318359375E-0001  1.11022949218750E-0001 
 2.75000000000000E+0002  4.39483642578125E-0001  1.19934082031250E-0001 
 2.75500000000000E+0002  4.47906494140625E-0001  1.23107910156250E-0001 
 2.76000000000000E+0002  4.55383300781250E-0001  1.24267578125000E-0001 
 2.76500000000000E+0002  4.58068847656250E-0001  1.24511718750000E-0001 
 2.77000000000000E+0002  4.51538085937500E-0001  1.21002197265625E-0001 
 2.77500000000000E+0002  4.36553955078125E-0001  1.18316650390625E-0001 
 2.78000000000000E+0002  4.24407958984375E-0001  1.21307373046875E-0001 
 2.78500000000000E+0002  4.17785644531250E-0001  1.28082275390625E-0001 
 2.79000000000000E+0002  4.15832519531250E-0001  1.32995605468750E-0001 
 2.79500000000000E+0002  4.19769287109375E-0001  1.31378173828125E-0001 
 2.80000000000000E+0002  4.30450439453125E-0001  1.24298095703125E-0001 
 2.80500000000000E+0002  4.44152832031250E-0001  1.14685058593750E-0001 
 2.81000000000000E+0002  4.53491210937500E-0001  1.05133056640625E-0001 
 2.81500000000000E+0002  4.55963134765625E-0001  9.79614257812500E-0002 
 2.82000000000000E+0002  4.52362060546875E-0001  9.24377441406250E-0002 
 2.82500000000000E+0002  4.43115234375000E-0001  9.12780761718750E-0002 
 2.83000000000000E+0002  4.30389404296875E-0001  9.42687988281250E-0002 
 2.83500000000000E+0002  4.14978027343750E-0001  9.54895019531250E-0002 
 2.84000000000000E+0002  3.99017333984375E-0001  9.30175781250000E-0002 
 2.84500000000000E+0002  3.87390136718750E-0001  9.24682617187500E-0002 
 2.85000000000000E+0002  3.82263183593750E-0001  9.45739746093750E-0002 
 2.85500000000000E+0002  3.83850097656250E-0001  9.50317382812500E-0002 
 2.86000000000000E+0002  3.90228271484375E-0001  9.27734375000000E-0002 
 2.86500000000000E+0002  4.00268554687500E-0001  9.03320312500000E-0002 
 2.87000000000000E+0002  4.08599853515625E-0001  8.92639160156250E-0002 
 2.87500000000000E+0002  4.12750244140625E-0001  8.67004394531250E-0002 
 2.88000000000000E+0002  4.14245605468750E-0001  8.43200683593750E-0002 
 2.88500000000000E+0002  4.13757324218750E-0001  8.52966308593750E-0002 
 2.89000000000000E+0002  4.11315917968750E-0001  9.10949707031250E-0002 
 2.89500000000000E+0002  4.07592773437500E-0001  9.82666015625000E-0002 
 2.90000000000000E+0002  4.05303955078125E-0001  1.04187011718750E-0001 
 2.90500000000000E+0002  4.07073974609375E-0001  1.09283447265625E-0001 
 2.91000000000000E+0002  4.10858154296875E-0001  1.10595703125000E-0001 
 2.91500000000000E+0002  4.13848876953125E-0001  1.07604980468750E-0001 
 2.92000000000000E+0002  4.15130615234375E-0001  1.02996826171875E-0001 
 2.92500000000000E+0002  4.14398193359375E-0001  9.98840332031250E-0002 
 2.93000000000000E+0002  4.13879394531250E-0001  9.58557128906250E-0002 
 2.93500000000000E+0002  4.13757324218750E-0001  8.90808105468750E-0002 
 2.94000000000000E+0002  4.11071777343750E-0001  8.54797363281250E-0002 
 2.94500000000000E+0002  4.07653808593750E-0001  8.70056152343750E-0002 
 2.95000000000000E+0002  4.07135009765625E-0001  8.96606445312500E-0002 
 2.95500000000000E+0002  4.08630371093750E-0001  8.94775390625000E-0002 
 2.96000000000000E+0002  4.11041259765625E-0001  8.99353027343750E-0002 
 2.96500000000000E+0002  4.15069580078125E-0001  8.92944335937500E-0002 
 2.97000000000000E+0002  4.16900634765625E-0001  8.20617675781250E-0002 
 2.97500000000000E+0002  4.11193847656250E-0001  7.04650878906250E-0002 
 2.98000000000000E+0002  4.05731201171875E-0001  6.38732910156250E-0002 
 2.98500000000000E+0002  4.07257080078125E-0001  6.41784667968750E-0002 
 2.99000000000000E+0002  4.09698486328125E-0001  6.71386718750000E-0002 
 2.99500000000000E+0002  4.06280517578125E-0001  7.29675292968750E-0002 
 3.00000000000000E+0002  4.04418945312500E-0001  8.13903808593750E-0002 
 3.00500000000000E+0002  4.07867431640625E-0001  8.68530273437500E-0002 
 3.01000000000000E+0002  4.07318115234375E-0001  8.67309570312500E-0002 
 3.01500000000000E+0002  3.98681640625000E-0001  8.31298828125000E-0002 
 3.02000000000000E+0002  3.86077880859375E-0001  7.73925781250000E-0002 
 3.02500000000000E+0002  3.74359130859375E-0001  6.93054199218750E-0002 
 3.03000000000000E+0002  3.65020751953125E-0001  5.89599609375000E-0002 
 3.03500000000000E+0002  3.55468750000000E-0001  5.05981445312500E-0002 
 3.04000000000000E+0002  3.44573974609375E-0001  4.86450195312500E-0002 
 3.04500000000000E+0002  3.32977294921875E-0001  5.17883300781250E-0002 
 3.05000000000000E+0002  3.25134277343750E-0001  6.01501464843750E-0002 
 3.05500000000000E+0002  3.25408935546875E-0001  7.18078613281250E-0002 
 3.06000000000000E+0002  3.28247070312500E-0001  8.61816406250000E-0002 
 3.06500000000000E+0002  3.30566406250000E-0001  1.02996826171875E-0001 
 3.07000000000000E+0002  3.37127685546875E-0001  1.15966796875000E-0001 
 3.07500000000000E+0002  3.52691650390625E-0001  1.19323730468750E-0001 
 3.08000000000000E+0002  3.70422363281250E-0001  1.15814208984375E-0001 
 3.08500000000000E+0002  3.83270263671875E-0001  1.12945556640625E-0001 
 3.09000000000000E+0002  3.95721435546875E-0001  1.08673095703125E-0001 
 3.09500000000000E+0002  4.06311035156250E-0001  9.71984863281250E-0002 
 3.10000000000000E+0002  4.09271240234375E-0001  8.12683105468750E-0002 
 3.10500000000000E+0002  4.03564453125000E-0001  6.96105957031250E-0002 
 3.11000000000000E+0002  3.95751953125000E-0001  6.17675781250000E-0002 
 3.11500000000000E+0002  3.86718750000000E-0001  5.45349121093750E-0002 
 3.12000000000000E+0002  3.76953125000000E-0001  4.97131347656250E-0002 
 3.12500000000000E+0002  3.69812011718750E-0001  4.94689941406250E-0002 
 3.13000000000000E+0002  3.63342285156250E-0001  5.37109375000000E-0002 
 3.13500000000000E+0002  3.56384277343750E-0001  6.24084472656250E-0002 
 3.14000000000000E+0002  3.51501464843750E-0001  7.41271972656250E-0002 
 3.14500000000000E+0002  3.48815917968750E-0001  8.64257812500000E-0002 
 3.15000000000000E+0002  3.43811035156250E-0001  9.82360839843750E-0002 
 3.15500000000000E+0002  3.34716796875000E-0001  1.06964111328125E-0001 
 3.16000000000000E+0002  3.28491210937500E-0001  1.13006591796875E-0001 
 3.16500000000000E+0002  3.28155517578125E-0001  1.12670898437500E-0001 
 3.17000000000000E+0002  3.28979492187500E-0001  1.06903076171875E-0001 
 3.17500000000000E+0002  3.32061767578125E-0001  9.94262695312500E-0002 
 3.18000000000000E+0002  3.40362548828125E-0001  9.11865234375000E-0002 
 3.18500000000000E+0002  3.52600097656250E-0001  8.23669433593750E-0002 
 3.19000000000000E+0002  3.62182617187500E-0001  7.44934082031250E-0002 
 3.19500000000000E+0002  3.65509033203125E-0001  7.02819824218750E-0002 
 3.20000000000000E+0002  3.64715576171875E-0001  6.64978027343750E-0002 
 3.20500000000000E+0002  3.60687255859375E-0001  5.99365234375000E-0002 
 3.21000000000000E+0002  3.56964111328125E-0001  5.59387207031250E-0002 
 3.21500000000000E+0002  3.54827880859375E-0001  5.67321777343750E-0002 
 3.22000000000000E+0002  3.51928710937500E-0001  5.81359863281250E-0002 
 3.22500000000000E+0002  3.45611572265625E-0001  6.02416992187500E-0002 
 3.23000000000000E+0002  3.39233398437500E-0001  6.63452148437500E-0002 
 3.23500000000000E+0002  3.36700439453125E-0001  7.20520019531250E-0002 
 3.24000000000000E+0002  3.33923339843750E-0001  7.20520019531250E-0002 
 3.24500000000000E+0002  3.27575683593750E-0001  6.90612792968750E-0002 
 3.25000000000000E+0002  3.20770263671875E-0001  6.61315917968750E-0002 
 3.25500000000000E+0002  3.17504882812500E-0001  6.53991699218750E-0002 
 3.26000000000000E+0002  3.17871093750000E-0001  6.43615722656250E-0002 
 3.26500000000000E+0002  3.18572998046875E-0001  6.44836425781250E-0002 
 3.27000000000000E+0002  3.21075439453125E-0001  6.68945312500000E-0002 
 3.27500000000000E+0002  3.27026367187500E-0001  7.00378417968750E-0002 
 3.28000000000000E+0002  3.34808349609375E-0001  7.15637207031250E-0002 
 3.28500000000000E+0002  3.41033935546875E-0001  6.87866210937500E-0002 
 3.29000000000000E+0002  3.40332031250000E-0001  6.35375976562500E-0002 
 3.29500000000000E+0002  3.33557128906250E-0001  5.79223632812500E-0002 
 3.30000000000000E+0002  3.25927734375000E-0001  5.20629882812500E-0002 
 3.30500000000000E+0002  3.20617675781250E-0001  4.55017089843750E-0002 
 3.31000000000000E+0002  3.14086914062500E-0001  4.03747558593750E-0002 
 3.31500000000000E+0002  3.04870605468750E-0001  4.14733886718750E-0002 
 3.32000000000000E+0002  3.00811767578125E-0001  4.78820800781250E-0002 
 3.32500000000000E+0002  3.02886962890625E-0001  5.30090332031250E-0002 
 3.33000000000000E+0002  3.02246093750000E-0001  5.50537109375000E-0002 
 3.33500000000000E+0002  2.94403076171875E-0001  5.48706054687500E-0002 
 3.34000000000000E+0002  2.87628173828125E-0001  5.48706054687500E-0002 
 3.34500000000000E+0002  2.85156250000000E-0001  5.54199218750000E-0002 
 3.35000000000000E+0002  2.83721923828125E-0001  5.51757812500000E-0002 
 3.35500000000000E+0002  2.79266357421875E-0001  5.35888671875000E-0002 
 3.36000000000000E+0002  2.74932861328125E-0001  5.60607910156250E-0002 
 3.36500000000000E+0002  2.77160644531250E-0001  6.16760253906250E-0002 
 3.37000000000000E+0002  2.84301757812500E-0001  6.31713867187500E-0002 
 3.37500000000000E+0002  2.91229248046875E-0001  5.77392578125000E-0002 
 3.38000000000000E+0002  2.97149658203125E-0001  5.11474609375000E-0002 
 3.38500000000000E+0002  3.03985595703125E-0001  4.84619140625000E-0002 
 3.39000000000000E+0002  3.11462402343750E-0001  4.62036132812500E-0002 
 3.39500000000000E+0002  3.12164306640625E-0001  4.55932617187500E-0002 
 3.40000000000000E+0002  3.05725097656250E-0001  5.09948730468750E-0002 
 3.40500000000000E+0002  2.95532226562500E-0001  6.12487792968750E-0002 
 3.41000000000000E+0002  2.83966064453125E-0001  7.22045898437500E-0002 
 3.41500000000000E+0002  2.73712158203125E-0001  8.35266113281250E-0002 
 3.42000000000000E+0002  2.68493652343750E-0001  9.37194824218750E-0002 
 3.42500000000000E+0002  2.68585205078125E-0001  9.88159179687500E-0002 
 3.43000000000000E+0002  2.74780273437500E-0001  9.39331054687500E-0002 
 3.43500000000000E+0002  2.83599853515625E-0001  8.46557617187500E-0002 
 3.44000000000000E+0002  2.94189453125000E-0001  7.70874023437500E-0002 
 3.44500000000000E+0002  3.02368164062500E-0001  6.71081542968750E-0002 
 3.45000000000000E+0002  3.06335449218750E-0001  5.45043945312500E-0002 
 3.45500000000000E+0002  3.05175781250000E-0001  4.50744628906250E-0002 
 3.46000000000000E+0002  2.99377441406250E-0001  4.34570312500000E-0002 
 3.46500000000000E+0002  2.95623779296875E-0001  4.73327636718750E-0002 
 3.47000000000000E+0002  2.97515869140625E-0001  4.76379394531250E-0002 
 3.47500000000000E+0002  2.98065185546875E-0001  4.65087890625000E-0002 
 3.48000000000000E+0002  2.95379638671875E-0001  5.00793457031250E-0002 
 3.48500000000000E+0002  2.94708251953125E-0001  5.75866699218750E-0002 
 3.49000000000000E+0002  2.98675537109375E-0001  6.39038085937500E-0002 
 3.49500000000000E+0002  3.02642822265625E-0001  6.79016113281250E-0002 
 3.50000000000000E+0002  2.98828125000000E-0001  7.37915039062500E-0002 
 3.50500000000000E+0002  2.91259765625000E-0001  8.13293457031250E-0002 
 3.51000000000000E+0002  2.83477783203125E-0001  8.45031738281250E-0002 
 3.51500000000000E+0002  2.75299072265625E-0001  8.48693847656250E-0002 
 3.52000000000000E+0002  2.66113281250000E-0001  8.22448730468750E-0002 
 3.52500000000000E+0002  2.55401611328125E-0001  7.53479003906250E-0002 
 3.53000000000000E+0002  2.48504638671875E-0001  6.65283203125000E-0002 
 3.53500000000000E+0002  2.51312255859375E-0001  6.10046386718750E-0002 
 3.54000000000000E+0002  2.63336181640625E-0001  5.92956542968750E-0002 
 3.54500000000000E+0002  2.77832031250000E-0001  5.84411621093750E-0002 
 3.55000000000000E+0002  2.91107177734375E-0001  5.84106445312500E-0002 
 3.55500000000000E+0002  3.03894042968750E-0001  6.26831054687500E-0002 
 3.56000000000000E+0002  3.14880371093750E-0001  7.23876953125000E-0002 
 3.56500000000000E+0002  3.22845458984375E-0001  8.03222656250000E-0002 
 3.57000000000000E+0002  3.28369140625000E-0001  7.99255371093750E-0002 
 3.57500000000000E+0002  3.33007812500000E-0001  7.31506347656250E-0002 
 3.58000000000000E+0002  3.31298828125000E-0001  6.32934570312500E-0002 
 3.58500000000000E+0002  3.22570800781250E-0001  5.37414550781250E-0002 
 3.59000000000000E+0002  3.10913085937500E-0001  4.20532226562500E-0002 
 3.59500000000000E+0002  2.97241210937500E-0001  3.22570800781250E-0002 
 3.60000000000000E+0002  2.82165527343750E-0001  3.16162109375000E-0002 
 3.60500000000000E+0002  2.68951416015625E-0001  3.82080078125000E-0002 
 3.61000000000000E+0002  2.60467529296875E-0001  4.59289550781250E-0002 
 3.61500000000000E+0002  2.56958007812500E-0001  5.24291992187500E-0002 
 3.62000000000000E+0002  2.57690429687500E-0001  5.90515136718750E-0002 
 3.62500000000000E+0002  2.60040283203125E-0001  6.17370605468750E-0002 
 3.63000000000000E+0002  2.58087158203125E-0001  5.94787597656250E-0002 
 3.63500000000000E+0002  2.55187988281250E-0001  5.93261718750000E-0002 
 3.64000000000000E+0002  2.58026123046875E-0001  6.15539550781250E-0002 
 3.64500000000000E+0002  2.66448974609375E-0001  6.00891113281250E-0002 
 3.65000000000000E+0002  2.73376464843750E-0001  5.60607910156250E-0002 
 3.65500000000000E+0002  2.81433105468750E-0001  5.57861328125000E-0002 
 3.66000000000000E+0002  2.91992187500000E-0001  5.57250976562500E-0002 
 3.66500000000000E+0002  2.96020507812500E-0001  5.47180175781250E-0002 
 3.67000000000000E+0002  2.91381835937500E-0001  5.95397949218750E-0002 
 3.67500000000000E+0002  2.84942626953125E-0001  6.63757324218750E-0002 
 3.68000000000000E+0002  2.79632568359375E-0001  6.84204101562500E-0002 
 3.68500000000000E+0002  2.72399902343750E-0001  6.85729980468750E-0002 
 3.69000000000000E+0002  2.64282226562500E-0001  7.11975097656250E-0002 
 3.69500000000000E+0002  2.60742187500000E-0001  7.08923339843750E-0002 
 3.70000000000000E+0002  2.59735107421875E-0001  6.20727539062500E-0002 
 3.70500000000000E+0002  2.53540039062500E-0001  5.39245605468750E-0002 
 3.71000000000000E+0002  2.42767333984375E-0001  5.29785156250000E-0002 
 3.71500000000000E+0002  2.35046386718750E-0001  5.42907714843750E-0002 
 3.72000000000000E+0002  2.33459472656250E-0001  5.23986816406250E-0002 
 3.72500000000000E+0002  2.33612060546875E-0001  4.99267578125000E-0002 
 3.73000000000000E+0002  2.33734130859375E-0001  4.98657226562500E-0002 
 3.73500000000000E+0002  2.33978271484375E-0001  5.13610839843750E-0002 
 3.74000000000000E+0002  2.34710693359375E-0001  5.25207519531250E-0002 
 3.74500000000000E+0002  2.34100341796875E-0001  5.31616210937500E-0002 
 3.75000000000000E+0002  2.33428955078125E-0001  5.02929687500000E-0002 
 3.75500000000000E+0002  2.33856201171875E-0001  4.40979003906250E-0002 
 3.76000000000000E+0002  2.34344482421875E-0001  3.76586914062500E-0002 
 3.76500000000000E+0002  2.38098144531250E-0001  3.24707031250000E-0002 
 3.77000000000000E+0002  2.47650146484375E-0001  2.74353027343750E-0002 
 3.77500000000000E+0002  2.59002685546875E-0001  2.41394042968750E-0002 
 3.78000000000000E+0002  2.61932373046875E-0001  2.72827148437500E-0002 
 3.78500000000000E+0002  2.60894775390625E-0001  3.66210937500000E-0002 
 3.79000000000000E+0002  2.59307861328125E-0001  4.33044433593750E-0002 
 3.79500000000000E+0002  2.55249023437500E-0001  4.58984375000000E-0002 
 3.80000000000000E+0002  2.49114990234375E-0001  4.47387695312500E-0002 
 3.80500000000000E+0002  2.45117187500000E-0001  3.98254394531250E-0002 
 3.81000000000000E+0002  2.48291015625000E-0001  3.38439941406250E-0002 
 3.81500000000000E+0002  2.57781982421875E-0001  2.82287597656250E-0002 
 3.82000000000000E+0002  2.67700195312500E-0001  2.61840820312500E-0002 
 3.82500000000000E+0002  2.75054931640625E-0001  2.65197753906250E-0002 
 3.83000000000000E+0002  2.77496337890625E-0001  2.77709960937500E-0002 
 3.83500000000000E+0002  2.74658203125000E-0001  3.07006835937500E-0002 
 3.84000000000000E+0002  2.65838623046875E-0001  3.58581542968750E-0002 
 3.84500000000000E+0002  2.54730224609375E-0001  4.14123535156250E-0002 
 3.85000000000000E+0002  2.46612548828125E-0001  4.44641113281250E-0002 
 3.85500000000000E+0002  2.43255615234375E-0001  4.64782714843750E-0002 
 3.86000000000000E+0002  2.42584228515625E-0001  4.86450195312500E-0002 
 3.86500000000000E+0002  2.41943359375000E-0001  4.91333007812500E-0002 
 3.87000000000000E+0002  2.41394042968750E-0001  4.53186035156250E-0002 
 3.87500000000000E+0002  2.41851806640625E-0001  3.93066406250000E-0002 
 3.88000000000000E+0002  2.43041992187500E-0001  3.57360839843750E-0002 
 3.88500000000000E+0002  2.42218017578125E-0001  3.54614257812500E-0002 
 3.89000000000000E+0002  2.40081787109375E-0001  3.84216308593750E-0002 
 3.89500000000000E+0002  2.37976074218750E-0001  4.47998046875000E-0002 
 3.90000000000000E+0002  2.36907958984375E-0001  5.41381835937500E-0002 
 3.90500000000000E+0002  2.36511230468750E-0001  6.25915527343750E-0002 
 3.91000000000000E+0002  2.34832763671875E-0001  6.55822753906250E-0002 
 3.91500000000000E+0002  2.28576660156250E-0001  5.91430664062500E-0002 
 3.92000000000000E+0002  2.19787597656250E-0001  4.80651855468750E-0002 
 3.92500000000000E+0002  2.13012695312500E-0001  3.69262695312500E-0002 
 3.93000000000000E+0002  2.07214355468750E-0001  2.64587402343750E-0002 
 3.93500000000000E+0002  1.98974609375000E-0001  1.99890136718750E-0002 
 3.94000000000000E+0002  1.88934326171875E-0001  2.09350585937500E-0002 
 3.94500000000000E+0002  1.84783935546875E-0001  3.01818847656250E-0002 
 3.95000000000000E+0002  1.85241699218750E-0001  4.30908203125000E-0002 
 3.95500000000000E+0002  1.85302734375000E-0001  5.48706054687500E-0002 
 3.96000000000000E+0002  1.84082031250000E-0001  6.18896484375000E-0002 
 3.96500000000000E+0002  1.83380126953125E-0001  6.32934570312500E-0002 
 3.97000000000000E+0002  1.85760498046875E-0001  6.23474121093750E-0002 
 3.97500000000000E+0002  1.91284179687500E-0001  6.15539550781250E-0002 
 3.98000000000000E+0002  1.95373535156250E-0001  5.71594238281250E-0002 
 3.98500000000000E+0002  1.84539794921875E-0001  4.86450195312500E-0002 
 3.99000000000000E+0002  1.57745361328125E-0001  3.97033691406250E-0002 
 3.99500000000000E+0002  1.25427246093750E-0001  3.28063964843750E-0002 
