 0.00000000000000E+0000  2.32055664062500E+0000  2.28393554687500E-0001 
 5.00000000000000E-0001  2.24871826171875E+0000  3.12438964843750E-0001 
 1.00000000000000E+0000  1.69833374023438E+0000  4.37927246093750E-0001 
 1.50000000000000E+0000  1.02807617187500E+0000  5.39642333984375E-0001 
 2.00000000000000E+0000  7.05596923828125E-0001  5.13458251953125E-0001 
 2.50000000000000E+0000  5.36407470703125E-0001  3.86627197265625E-0001 
 3.00000000000000E+0000  3.85437011718750E-0001  2.16308593750000E-0001 
 3.50000000000000E+0000  2.61230468750000E-0001 -2.96020507812500E-0003 
 4.00000000000000E+0000  1.71508789062500E-0001 -2.98767089843750E-0001 
 4.50000000000000E+0000  1.27807617187500E-0001 -6.01196289062500E-0001 
 5.00000000000000E+0000  1.47125244140625E-0001 -7.92144775390625E-0001 
 5.50000000000000E+0000  1.85913085937500E-0001 -8.31726074218750E-0001 
 6.00000000000000E+0000  1.78161621093750E-0001 -7.28363037109375E-0001 
 6.50000000000000E+0000  1.22863769531250E-0001 -5.12847900390625E-0001 
 7.00000000000000E+0000  3.22875976562500E-0002 -2.55554199218750E-0001 
 7.50000000000000E+0000 -9.36584472656250E-0002 -1.67236328125000E-0002 
 8.00000000000000E+0000 -2.10266113281250E-0001  1.63085937500000E-0001 
 8.50000000000000E+0000 -2.60955810546875E-0001  2.52105712890625E-0001 
 9.00000000000000E+0000 -2.43865966796875E-0001  2.46276855468750E-0001 
 9.50000000000000E+0000 -1.92504882812500E-0001  1.86981201171875E-0001 
 1.00000000000000E+0001 -1.20025634765625E-0001  1.17431640625000E-0001 
 1.05000000000000E+0001 -4.56542968750000E-0002  4.21752929687500E-0002 
 1.10000000000000E+0001 -6.07299804687500E-0003 -3.39965820312500E-0002 
 1.15000000000000E+0001  6.25610351562500E-0003 -1.01348876953125E-0001 
 1.20000000000000E+0001  2.20336914062500E-0002 -1.65679931640625E-0001 
 1.25000000000000E+0001  4.41284179687500E-0002 -2.27233886718750E-0001 
 1.30000000000000E+0001  6.26525878906250E-0002 -2.74932861328125E-0001 
 1.35000000000000E+0001  7.59887695312500E-0002 -2.98187255859375E-0001 
 1.40000000000000E+0001  7.99560546875000E-0002 -2.87261962890625E-0001 
 1.45000000000000E+0001  5.23681640625000E-0002 -2.37396240234375E-0001 
 1.50000000000000E+0001 -5.09643554687500E-0003 -1.47430419921875E-0001 
 1.55000000000000E+0001 -5.83801269531250E-0002 -3.79638671875000E-0002 
 1.60000000000000E+0001 -9.63439941406250E-0002  6.34765625000000E-0002 
 1.65000000000000E+0001 -1.15814208984375E-0001  1.44409179687500E-0001 
 1.70000000000000E+0001 -9.39025878906250E-0002  1.95343017578125E-0001 
 1.75000000000000E+0001 -1.96838378906250E-0002  2.15118408203125E-0001 
 1.80000000000000E+0001  8.38623046875000E-0002  2.10815429687500E-0001 
 1.85000000000000E+0001  1.83502197265625E-0001  1.87438964843750E-0001 
 1.90000000000000E+0001  2.74902343750000E-0001  1.51855468750000E-0001 
 1.95000000000000E+0001  3.58673095703125E-0001  1.08184814453125E-0001 
 2.00000000000000E+0001  4.20349121093750E-0001  5.13610839843750E-0002 
 2.05000000000000E+0001  4.49798583984375E-0001 -2.22473144531250E-0002 
 2.10000000000000E+0001  4.50561523437500E-0001 -1.01623535156250E-0001 
 2.15000000000000E+0001  4.27154541015625E-0001 -1.66687011718750E-0001 
 2.20000000000000E+0001  3.83422851562500E-0001 -2.11029052734375E-0001 
 2.25000000000000E+0001  3.18298339843750E-0001 -2.30377197265625E-0001 
 2.30000000000000E+0001  2.25616455078125E-0001 -2.12158203125000E-0001 
 2.35000000000000E+0001  1.00677490234375E-0001 -1.59820556640625E-0001 
 2.40000000000000E+0001 -5.19714355468750E-0002 -9.55505371093750E-0002 
 2.45000000000000E+0001 -2.14874267578125E-0001 -2.68859863281250E-0002 
 2.50000000000000E+0001 -3.62854003906250E-0001  4.53491210937500E-0002 
 2.55000000000000E+0001 -4.71832275390625E-0001  1.08154296875000E-0001 
 2.60000000000000E+0001 -5.24444580078125E-0001  1.53045654296875E-0001 
 2.65000000000000E+0001 -5.13244628906250E-0001  1.90673828125000E-0001 
 2.70000000000000E+0001 -4.44580078125000E-0001  2.27447509765625E-0001 
 2.75000000000000E+0001 -3.32916259765625E-0001  2.48443603515625E-0001 
 2.80000000000000E+0001 -2.06268310546875E-0001  2.51007080078125E-0001 
 2.85000000000000E+0001 -8.84094238281250E-0002  2.47070312500000E-0001 
 2.90000000000000E+0001  1.03759765625000E-0002  2.29309082031250E-0001 
 2.95000000000000E+0001  8.56628417968750E-0002  1.81793212890625E-0001 
 3.00000000000000E+0001  1.38549804687500E-0001  1.11877441406250E-0001 
 3.05000000000000E+0001  1.64428710937500E-0001  3.50952148437500E-0002 
 3.10000000000000E+0001  1.60491943359375E-0001 -4.10461425781250E-0002 
 3.15000000000000E+0001  1.31439208984375E-0001 -1.08673095703125E-0001 
 3.20000000000000E+0001  8.38623046875000E-0002 -1.55151367187500E-0001 
 3.25000000000000E+0001  2.64892578125000E-0002 -1.78009033203125E-0001 
 3.30000000000000E+0001 -3.44543457031250E-0002 -1.88537597656250E-0001 
 3.35000000000000E+0001 -9.35668945312500E-0002 -1.90155029296875E-0001 
 3.40000000000000E+0001 -1.42517089843750E-0001 -1.82220458984375E-0001 
 3.45000000000000E+0001 -1.74011230468750E-0001 -1.68975830078125E-0001 
 3.50000000000000E+0001 -1.87988281250000E-0001 -1.49719238281250E-0001 
 3.55000000000000E+0001 -1.84783935546875E-0001 -1.14013671875000E-0001 
 3.60000000000000E+0001 -1.65039062500000E-0001 -6.07910156250000E-0002 
 3.65000000000000E+0001 -1.31561279296875E-0001 -3.66210937500000E-0004 
 3.70000000000000E+0001 -8.93859863281250E-0002  6.00585937500000E-0002 
 3.75000000000000E+0001 -4.94995117187500E-0002  1.14044189453125E-0001 
 3.80000000000000E+0001 -1.81274414062500E-0002  1.56799316406250E-0001 
 3.85000000000000E+0001  7.23266601562500E-0003  1.79687500000000E-0001 
 3.90000000000000E+0001  2.54211425781250E-0002  1.81518554687500E-0001 
 3.95000000000000E+0001  3.97644042968750E-0002  1.67694091796875E-0001 
 4.00000000000000E+0001  5.42602539062500E-0002  1.39709472656250E-0001 
 4.05000000000000E+0001  6.87561035156250E-0002  1.03607177734375E-0001 
 4.10000000000000E+0001  8.14819335937500E-0002  6.42395019531250E-0002 
 4.15000000000000E+0001  8.84399414062500E-0002  2.52075195312500E-0002 
 4.20000000000000E+0001  8.81347656250000E-0002 -7.75146484375000E-0003 
 4.25000000000000E+0001  8.11462402343750E-0002 -3.22265625000000E-0002 
 4.30000000000000E+0001  6.79626464843750E-0002 -4.67224121093750E-0002 
 4.35000000000000E+0001  5.35583496093750E-0002 -5.67626953125000E-0002 
 4.40000000000000E+0001  3.87573242187500E-0002 -6.65893554687500E-0002 
 4.45000000000000E+0001  2.07824707031250E-0002 -7.37609863281250E-0002 
 4.50000000000000E+0001  7.93457031250000E-0004 -7.15026855468750E-0002 
 4.55000000000000E+0001 -1.86157226562500E-0002 -6.59179687500000E-0002 
 4.60000000000000E+0001 -3.81774902343750E-0002 -6.66503906250000E-0002 
 4.65000000000000E+0001 -5.75866699218750E-0002 -6.97021484375000E-0002 
 4.70000000000000E+0001 -6.98242187500000E-0002 -6.84814453125000E-0002 
 4.75000000000000E+0001 -7.12890625000000E-0002 -6.46362304687500E-0002 
 4.80000000000000E+0001 -6.56433105468750E-0002 -6.64062500000000E-0002 
 4.85000000000000E+0001 -5.44128417968750E-0002 -7.09533691406250E-0002 
 4.90000000000000E+0001 -4.07104492187500E-0002 -6.99462890625000E-0002 
 4.95000000000000E+0001 -2.93884277343750E-0002 -6.19812011718750E-0002 
 5.00000000000000E+0001 -2.49328613281250E-0002 -5.11779785156250E-0002 
 5.05000000000000E+0001 -2.37731933593750E-0002 -3.59497070312500E-0002 
 5.10000000000000E+0001 -2.20642089843750E-0002 -1.66015625000000E-0002 
 5.15000000000000E+0001 -1.96838378906250E-0002  4.11987304687500E-0003 
 5.20000000000000E+0001 -1.32141113281250E-0002  2.13928222656250E-0002 
 5.25000000000000E+0001 -4.57763671875000E-0004  2.86865234375000E-0002 
 5.30000000000000E+0001  1.31835937500000E-0002  2.57568359375000E-0002 
 5.35000000000000E+0001  2.47192382812500E-0002  1.58996582031250E-0002 
 5.40000000000000E+0001  3.46374511718750E-0002 -3.05175781250000E-0005 
 5.45000000000000E+0001  3.86352539062500E-0002 -1.73339843750000E-0002 
 5.50000000000000E+0001  3.80859375000000E-0002 -3.04260253906250E-0002 
 5.55000000000000E+0001  3.97949218750000E-0002 -4.11376953125000E-0002 
 5.60000000000000E+0001  4.34265136718750E-0002 -5.49011230468750E-0002 
 5.65000000000000E+0001  4.26025390625000E-0002 -7.16247558593750E-0002 
 5.70000000000000E+0001  3.65600585937500E-0002 -8.64257812500000E-0002 
 5.75000000000000E+0001  2.95410156250000E-0002 -9.76562500000000E-0002 
 5.80000000000000E+0001  1.59606933593750E-0002 -1.06079101562500E-0001 
 5.85000000000000E+0001 -6.68334960937500E-0003 -1.08520507812500E-0001 
 5.90000000000000E+0001 -2.99987792968750E-0002 -1.01959228515625E-0001 
 5.95000000000000E+0001 -4.83703613281250E-0002 -9.07287597656250E-0002 
 6.00000000000000E+0001 -6.13098144531250E-0002 -7.70263671875000E-0002 
 6.05000000000000E+0001 -6.86645507812500E-0002 -6.58569335937500E-0002 
 6.10000000000000E+0001 -7.59277343750000E-0002 -5.71289062500000E-0002 
 6.15000000000000E+0001 -8.38623046875000E-0002 -4.33044433593750E-0002 
 6.20000000000000E+0001 -8.48388671875000E-0002 -2.28881835937500E-0002 
 6.25000000000000E+0001 -7.69042968750000E-0002 -4.45556640625000E-0003 
 6.30000000000000E+0001 -6.63757324218750E-0002  8.85009765625000E-0003 
 6.35000000000000E+0001 -5.01708984375000E-0002  2.02331542968750E-0002 
 6.40000000000000E+0001 -2.17895507812500E-0002  2.05078125000000E-0002 
 6.45000000000000E+0001  9.24682617187500E-0003  1.70898437500000E-0003 
 6.50000000000000E+0001  3.26232910156250E-0002 -2.46582031250000E-0002 
 6.55000000000000E+0001  5.06896972656250E-0002 -4.52880859375000E-0002 
 6.60000000000000E+0001  6.21032714843750E-0002 -5.82580566406250E-0002 
 6.65000000000000E+0001  6.32019042968750E-0002 -6.32629394531250E-0002 
 6.70000000000000E+0001  5.49621582031250E-0002 -5.99365234375000E-0002 
 6.75000000000000E+0001  4.50744628906250E-0002 -5.09948730468750E-0002 
 6.80000000000000E+0001  3.81469726562500E-0002 -4.70886230468750E-0002 
 6.85000000000000E+0001  2.92968750000000E-0002 -5.21545410156250E-0002 
 6.90000000000000E+0001  2.05078125000000E-0002 -6.17370605468750E-0002 
 6.95000000000000E+0001  1.40991210937500E-0002 -7.15942382812500E-0002 
 7.00000000000000E+0001  1.08032226562500E-0002 -7.43408203125000E-0002 
 7.05000000000000E+0001  8.05664062500000E-0003 -6.79626464843750E-0002 
 7.10000000000000E+0001  4.91333007812500E-0003 -5.52368164062500E-0002 
 7.15000000000000E+0001  1.52587890625000E-0003 -3.83300781250000E-0002 
 7.20000000000000E+0001 -1.49536132812500E-0003 -2.32238769531250E-0002 
 7.25000000000000E+0001 -4.45556640625000E-0003 -1.13830566406250E-0002 
 7.30000000000000E+0001 -3.63159179687500E-0003 -3.32641601562500E-0003 
 7.35000000000000E+0001  1.61743164062500E-0003 -2.10571289062500E-0003 
 7.40000000000000E+0001  5.76782226562500E-0003 -6.25610351562500E-0003 
 7.45000000000000E+0001  5.58471679687500E-0003 -8.30078125000000E-0003 
 7.50000000000000E+0001  6.80541992187500E-0003 -7.29370117187500E-0003 
 7.55000000000000E+0001  9.21630859375000E-0003 -4.15039062500000E-0003 
 7.60000000000000E+0001  8.60595703125000E-0003 -3.35693359375000E-0004 
 7.65000000000000E+0001  2.96020507812500E-0003  9.76562500000000E-0004 
 7.70000000000000E+0001 -1.86157226562500E-0003 -1.58691406250000E-0003 
 7.75000000000000E+0001 -1.92260742187500E-0003 -5.70678710937500E-0003 
 7.80000000000000E+0001 -5.49316406250000E-0004 -1.02844238281250E-0002 
 7.85000000000000E+0001 -3.05175781250000E-0005 -1.71813964843750E-0002 
 7.90000000000000E+0001 -1.40380859375000E-0003 -2.42004394531250E-0002 
 7.95000000000000E+0001 -2.92968750000000E-0003 -2.45361328125000E-0002 
 8.00000000000000E+0001 -4.76074218750000E-0003 -1.87072753906250E-0002 
 8.05000000000000E+0001 -8.39233398437500E-0003 -1.37939453125000E-0002 
 8.10000000000000E+0001 -1.41296386718750E-0002 -1.23291015625000E-0002 
 8.15000000000000E+0001 -1.73339843750000E-0002 -1.18103027343750E-0002 
 8.20000000000000E+0001 -1.60217285156250E-0002 -1.47705078125000E-0002 
 8.25000000000000E+0001 -1.56250000000000E-0002 -2.55126953125000E-0002 
 8.30000000000000E+0001 -1.81579589843750E-0002 -3.72314453125000E-0002 
 8.35000000000000E+0001 -1.70898437500000E-0002 -4.38842773437500E-0002 
 8.40000000000000E+0001 -1.04064941406250E-0002 -4.54711914062500E-0002 
 8.45000000000000E+0001 -4.73022460937500E-0003 -4.44335937500000E-0002 
 8.50000000000000E+0001 -2.59399414062500E-0003 -3.74755859375000E-0002 
 8.55000000000000E+0001 -9.15527343750000E-0004 -2.53906250000000E-0002 
 8.60000000000000E+0001 -6.40869140625000E-0004 -1.57470703125000E-0002 
 8.65000000000000E+0001 -8.51440429687500E-0003 -9.58251953125000E-0003 
 8.70000000000000E+0001 -1.96838378906250E-0002 -5.34057617187500E-0003 
 8.75000000000000E+0001 -2.79541015625000E-0002 -4.45556640625000E-0003 
 8.80000000000000E+0001 -2.83813476562500E-0002 -6.92749023437500E-0003 
 8.85000000000000E+0001 -2.17285156250000E-0002 -1.03149414062500E-0002 
 8.90000000000000E+0001 -1.07421875000000E-0002 -1.21765136718750E-0002 
 8.95000000000000E+0001  9.15527343750000E-0004 -1.60522460937500E-0002 
 9.00000000000000E+0001  8.39233398437500E-0003 -2.31323242187500E-0002 
 9.05000000000000E+0001  1.06506347656250E-0002 -3.00903320312500E-0002 
 9.10000000000000E+0001  7.44628906250000E-0003 -3.41796875000000E-0002 
 9.15000000000000E+0001 -1.25122070312500E-0003 -3.15246582031250E-0002 
 9.20000000000000E+0001 -1.27563476562500E-0002 -2.60009765625000E-0002 
 9.25000000000000E+0001 -2.40478515625000E-0002 -2.06298828125000E-0002 
 9.30000000000000E+0001 -2.98156738281250E-0002 -1.72424316406250E-0002 
 9.35000000000000E+0001 -3.31420898437500E-0002 -1.46179199218750E-0002 
 9.40000000000000E+0001 -3.43933105468750E-0002 -1.14135742187500E-0002 
 9.45000000000000E+0001 -3.47595214843750E-0002 -1.00402832031250E-0002 
 9.50000000000000E+0001 -3.28674316406250E-0002 -9.55200195312500E-0003 
 9.55000000000000E+0001 -3.06701660156250E-0002 -7.11059570312500E-0003 
 9.60000000000000E+0001 -3.15551757812500E-0002 -7.32421875000000E-0004 
 9.65000000000000E+0001 -3.19213867187500E-0002  5.58471679687500E-0003 
 9.70000000000000E+0001 -3.09753417968750E-0002  4.05883789062500E-0003 
 9.75000000000000E+0001 -2.95410156250000E-0002 -3.17382812500000E-0003 
 9.80000000000000E+0001 -2.41394042968750E-0002 -1.42517089843750E-0002 
 9.85000000000000E+0001 -1.63574218750000E-0002 -2.84423828125000E-0002 
 9.90000000000000E+0001 -1.12609863281250E-0002 -4.49218750000000E-0002 
 9.95000000000000E+0001 -1.27868652343750E-0002 -5.88684082031250E-0002 
 1.00000000000000E+0002 -1.73034667968750E-0002 -6.61926269531250E-0002 
 1.00500000000000E+0002 -1.86767578125000E-0002 -6.82983398437500E-0002 
 1.01000000000000E+0002 -1.66625976562500E-0002 -6.75659179687500E-0002 
 1.01500000000000E+0002 -1.76391601562500E-0002 -6.52160644531250E-0002 
 1.02000000000000E+0002 -2.02941894531250E-0002 -6.14929199218750E-0002 
 1.02500000000000E+0002 -2.03857421875000E-0002 -5.60607910156250E-0002 
 1.03000000000000E+0002 -1.98669433593750E-0002 -5.19714355468750E-0002 
 1.03500000000000E+0002 -2.20336914062500E-0002 -4.88891601562500E-0002 
 1.04000000000000E+0002 -2.38647460937500E-0002 -4.63256835937500E-0002 
 1.04500000000000E+0002 -2.23083496093750E-0002 -4.37927246093750E-0002 
 1.05000000000000E+0002 -1.85546875000000E-0002 -3.77502441406250E-0002 
 1.05500000000000E+0002 -1.44348144531250E-0002 -3.19824218750000E-0002 
 1.06000000000000E+0002 -1.07116699218750E-0002 -3.03955078125000E-0002 
 1.06500000000000E+0002 -8.51440429687500E-0003 -3.17993164062500E-0002 
 1.07000000000000E+0002 -9.55200195312500E-0003 -3.22265625000000E-0002 
 1.07500000000000E+0002 -1.10168457031250E-0002 -3.10058593750000E-0002 
 1.08000000000000E+0002 -1.01013183593750E-0002 -3.55529785156250E-0002 
 1.08500000000000E+0002 -9.06372070312500E-0003 -4.29382324218750E-0002 
 1.09000000000000E+0002 -6.56127929687500E-0003 -4.49218750000000E-0002 
 1.09500000000000E+0002 -3.72314453125000E-0003 -4.25720214843750E-0002 
 1.10000000000000E+0002  2.44140625000000E-0004 -4.11376953125000E-0002 
 1.10500000000000E+0002  3.99780273437500E-0003 -4.01000976562500E-0002 
 1.11000000000000E+0002  7.59887695312500E-0003 -3.71093750000000E-0002 
 1.11500000000000E+0002  1.10778808593750E-0002 -3.54919433593750E-0002 
 1.12000000000000E+0002  1.35192871093750E-0002 -3.90014648437500E-0002 
 1.12500000000000E+0002  1.25732421875000E-0002 -4.50134277343750E-0002 
 1.13000000000000E+0002  9.46044921875000E-0003 -4.85229492187500E-0002 
 1.13500000000000E+0002  5.95092773437500E-0003 -4.81567382812500E-0002 
 1.14000000000000E+0002  3.47900390625000E-0003 -4.32739257812500E-0002 
 1.14500000000000E+0002  1.31225585937500E-0003 -3.46069335937500E-0002 
 1.15000000000000E+0002  6.10351562500000E-0005 -2.51770019531250E-0002 
 1.15500000000000E+0002 -7.62939453125000E-0004 -1.78833007812500E-0002 
 1.16000000000000E+0002  4.88281250000000E-0004 -1.33056640625000E-0002 
 1.16500000000000E+0002  5.24902343750000E-0003 -1.39160156250000E-0002 
 1.17000000000000E+0002  1.23596191406250E-0002 -1.78527832031250E-0002 
 1.17500000000000E+0002  1.83715820312500E-0002 -1.93481445312500E-0002 
 1.18000000000000E+0002  2.26745605468750E-0002 -1.98669433593750E-0002 
 1.18500000000000E+0002  1.99279785156250E-0002 -2.29797363281250E-0002 
 1.19000000000000E+0002  7.26318359375000E-0003 -2.56958007812500E-0002 
 1.19500000000000E+0002 -1.04980468750000E-0002 -2.33459472656250E-0002 
 1.20000000000000E+0002 -2.41699218750000E-0002 -2.13012695312500E-0002 
 1.20500000000000E+0002 -3.06091308593750E-0002 -2.64892578125000E-0002 
 1.21000000000000E+0002 -3.40270996093750E-0002 -3.21044921875000E-0002 
 1.21500000000000E+0002 -3.08227539062500E-0002 -3.14331054687500E-0002 
 1.22000000000000E+0002 -2.08740234375000E-0002 -3.03955078125000E-0002 
 1.22500000000000E+0002 -1.01623535156250E-0002 -3.31420898437500E-0002 
 1.23000000000000E+0002 -4.08935546875000E-0003 -3.40270996093750E-0002 
 1.23500000000000E+0002  1.83105468750000E-0004 -2.92358398437500E-0002 
 1.24000000000000E+0002  8.54492187500000E-0003 -2.39562988281250E-0002 
 1.24500000000000E+0002  1.84020996093750E-0002 -2.64892578125000E-0002 
 1.25000000000000E+0002  2.11181640625000E-0002 -3.45458984375000E-0002 
 1.25500000000000E+0002  1.59912109375000E-0002 -4.24499511718750E-0002 
 1.26000000000000E+0002  8.17871093750000E-0003 -4.47082519531250E-0002 
 1.26500000000000E+0002  2.89916992187500E-0003 -4.14428710937500E-0002 
 1.27000000000000E+0002 -1.31225585937500E-0003 -3.50036621093750E-0002 
 1.27500000000000E+0002 -3.93676757812500E-0003 -2.49633789062500E-0002 
 1.28000000000000E+0002 -1.83105468750000E-0004 -1.28784179687500E-0002 
 1.28500000000000E+0002  9.12475585937500E-0003 -3.87573242187500E-0003 
 1.29000000000000E+0002  1.83105468750000E-0002 -5.00488281250000E-0003 
 1.29500000000000E+0002  2.07214355468750E-0002 -1.69982910156250E-0002 
 1.30000000000000E+0002  1.39770507812500E-0002 -3.10363769531250E-0002 
 1.30500000000000E+0002  1.49536132812500E-0003 -3.60107421875000E-0002 
 1.31000000000000E+0002 -1.39160156250000E-0002 -3.55834960937500E-0002 
 1.31500000000000E+0002 -3.19824218750000E-0002 -3.64379882812500E-0002 
 1.32000000000000E+0002 -5.00183105468750E-0002 -3.42102050781250E-0002 
 1.32500000000000E+0002 -6.33544921875000E-0002 -2.26135253906250E-0002 
 1.33000000000000E+0002 -6.58569335937500E-0002 -6.68334960937500E-0003 
 1.33500000000000E+0002 -5.92956542968750E-0002  2.41088867187500E-0003 
 1.34000000000000E+0002 -4.92553710937500E-0002  2.56347656250000E-0003 
 1.34500000000000E+0002 -3.84521484375000E-0002 -9.76562500000000E-0004 
 1.35000000000000E+0002 -2.94494628906250E-0002 -6.16455078125000E-0003 
 1.35500000000000E+0002 -2.45056152343750E-0002 -1.32141113281250E-0002 
 1.36000000000000E+0002 -2.49938964843750E-0002 -2.14843750000000E-0002 
 1.36500000000000E+0002 -2.91748046875000E-0002 -2.70690917968750E-0002 
 1.37000000000000E+0002 -3.61328125000000E-0002 -2.70385742187500E-0002 
 1.37500000000000E+0002 -4.31213378906250E-0002 -2.41088867187500E-0002 
 1.38000000000000E+0002 -5.05371093750000E-0002 -2.43835449218750E-0002 
 1.38500000000000E+0002 -6.01501464843750E-0002 -2.82287597656250E-0002 
 1.39000000000000E+0002 -7.02514648437500E-0002 -3.15246582031250E-0002 
 1.39500000000000E+0002 -7.57141113281250E-0002 -3.37219238281250E-0002 
 1.40000000000000E+0002 -7.65991210937500E-0002 -3.33557128906250E-0002 
 1.40500000000000E+0002 -7.25402832031250E-0002 -2.87170410156250E-0002 
 1.41000000000000E+0002 -6.13403320312500E-0002 -2.37121582031250E-0002 
 1.41500000000000E+0002 -4.45556640625000E-0002 -2.28881835937500E-0002 
 1.42000000000000E+0002 -2.76794433593750E-0002 -2.65808105468750E-0002 
 1.42500000000000E+0002 -1.38244628906250E-0002 -2.97241210937500E-0002 
 1.43000000000000E+0002 -8.85009765625000E-0004 -3.14025878906250E-0002 
 1.43500000000000E+0002  7.29370117187500E-0003 -3.51257324218750E-0002 
 1.44000000000000E+0002  6.46972656250000E-0003 -3.61633300781250E-0002 
 1.44500000000000E+0002 -3.05175781250000E-0004 -3.35083007812500E-0002 
 1.45000000000000E+0002 -5.37109375000000E-0003 -2.96936035156250E-0002 
 1.45500000000000E+0002 -6.68334960937500E-0003 -2.94494628906250E-0002 
 1.46000000000000E+0002 -1.03454589843750E-0002 -3.30810546875000E-0002 
 1.46500000000000E+0002 -1.86462402343750E-0002 -3.47595214843750E-0002 
 1.47000000000000E+0002 -2.32238769531250E-0002 -3.36608886718750E-0002 
 1.47500000000000E+0002 -2.23388671875000E-0002 -3.51257324218750E-0002 
 1.48000000000000E+0002 -2.54516601562500E-0002 -3.82385253906250E-0002 
 1.48500000000000E+0002 -3.61328125000000E-0002 -3.89709472656250E-0002 
 1.49000000000000E+0002 -4.73632812500000E-0002 -3.51257324218750E-0002 
 1.49500000000000E+0002 -5.40161132812500E-0002 -3.21044921875000E-0002 
 1.50000000000000E+0002 -5.98144531250000E-0002 -3.21350097656250E-0002 
 1.50500000000000E+0002 -6.41174316406250E-0002 -3.45153808593750E-0002 
 1.51000000000000E+0002 -6.23779296875000E-0002 -4.16259765625000E-0002 
 1.51500000000000E+0002 -6.02722167968750E-0002 -5.27954101562500E-0002 
 1.52000000000000E+0002 -6.19812011718750E-0002 -6.28051757812500E-0002 
 1.52500000000000E+0002 -6.34765625000000E-0002 -6.89392089843750E-0002 
 1.53000000000000E+0002 -6.16760253906250E-0002 -6.87561035156250E-0002 
 1.53500000000000E+0002 -5.75561523437500E-0002 -5.85021972656250E-0002 
 1.54000000000000E+0002 -4.86450195312500E-0002 -4.20532226562500E-0002 
 1.54500000000000E+0002 -3.39660644531250E-0002 -2.86254882812500E-0002 
 1.55000000000000E+0002 -1.52587890625000E-0002 -2.15148925781250E-0002 
 1.55500000000000E+0002  2.77709960937500E-0003 -1.70288085937500E-0002 
 1.56000000000000E+0002  1.86157226562500E-0002 -1.67541503906250E-0002 
 1.56500000000000E+0002  2.81066894531250E-0002 -2.13928222656250E-0002 
 1.57000000000000E+0002  2.85339355468750E-0002 -2.46887207031250E-0002 
 1.57500000000000E+0002  2.31628417968750E-0002 -2.13012695312500E-0002 
 1.58000000000000E+0002  1.57775878906250E-0002 -1.33361816406250E-0002 
 1.58500000000000E+0002  9.15527343750000E-0003 -6.89697265625000E-0003 
 1.59000000000000E+0002  3.02124023437500E-0003 -4.88281250000000E-0003 
 1.59500000000000E+0002 -1.92260742187500E-0003 -5.00488281250000E-0003 
 1.60000000000000E+0002 -3.05175781250000E-0003 -7.50732421875000E-0003 
 1.60500000000000E+0002 -1.03759765625000E-0003 -1.62658691406250E-0002 
 1.61000000000000E+0002 -1.22070312500000E-0004 -2.95715332031250E-0002 
 1.61500000000000E+0002 -3.38745117187500E-0003 -4.13818359375000E-0002 
 1.62000000000000E+0002 -8.60595703125000E-0003 -4.76074218750000E-0002 
 1.62500000000000E+0002 -1.18103027343750E-0002 -5.09643554687500E-0002 
 1.63000000000000E+0002 -1.40075683593750E-0002 -4.93164062500000E-0002 
 1.63500000000000E+0002 -1.21154785156250E-0002 -4.09240722656250E-0002 
 1.64000000000000E+0002 -8.05664062500000E-0003 -3.20739746093750E-0002 
 1.64500000000000E+0002 -7.65991210937500E-0003 -2.70080566406250E-0002 
 1.65000000000000E+0002 -1.34887695312500E-0002 -2.25219726562500E-0002 
 1.65500000000000E+0002 -2.10571289062500E-0002 -1.77001953125000E-0002 
 1.66000000000000E+0002 -2.71911621093750E-0002 -1.72729492187500E-0002 
 1.66500000000000E+0002 -3.54919433593750E-0002 -2.16979980468750E-0002 
 1.67000000000000E+0002 -4.34875488281250E-0002 -2.47192382812500E-0002 
 1.67500000000000E+0002 -4.55017089843750E-0002 -2.44750976562500E-0002 
 1.68000000000000E+0002 -4.38537597656250E-0002 -2.31933593750000E-0002 
 1.68500000000000E+0002 -4.29382324218750E-0002 -2.17285156250000E-0002 
 1.69000000000000E+0002 -4.23889160156250E-0002 -1.76696777343750E-0002 
 1.69500000000000E+0002 -4.00695800781250E-0002 -1.37939453125000E-0002 
 1.70000000000000E+0002 -3.89709472656250E-0002 -1.37634277343750E-0002 
 1.70500000000000E+0002 -4.11987304687500E-0002 -1.46789550781250E-0002 
 1.71000000000000E+0002 -4.41284179687500E-0002 -1.45263671875000E-0002 
 1.71500000000000E+0002 -4.42504882812500E-0002 -1.61743164062500E-0002 
 1.72000000000000E+0002 -4.35485839843750E-0002 -2.03247070312500E-0002 
 1.72500000000000E+0002 -3.92456054687500E-0002 -2.65808105468750E-0002 
 1.73000000000000E+0002 -3.04870605468750E-0002 -3.07617187500000E-0002 
 1.73500000000000E+0002 -1.79748535156250E-0002 -3.80249023437500E-0002 
 1.74000000000000E+0002 -5.88989257812500E-0003 -4.81567382812500E-0002 
 1.74500000000000E+0002 -2.44140625000000E-0004 -5.60913085937500E-0002 
 1.75000000000000E+0002 -1.55639648437500E-0003 -5.92346191406250E-0002 
 1.75500000000000E+0002 -9.21630859375000E-0003 -5.59387207031250E-0002 
 1.76000000000000E+0002 -1.90429687500000E-0002 -4.78820800781250E-0002 
 1.76500000000000E+0002 -2.73742675781250E-0002 -3.68652343750000E-0002 
 1.77000000000000E+0002 -3.23181152343750E-0002 -2.43530273437500E-0002 
 1.77500000000000E+0002 -3.29895019531250E-0002 -9.64355468750000E-0003 
 1.78000000000000E+0002 -3.06091308593750E-0002  3.84521484375000E-0003 
 1.78500000000000E+0002 -2.86254882812500E-0002  1.12915039062500E-0002 
 1.79000000000000E+0002 -2.87170410156250E-0002  1.27258300781250E-0002 
 1.79500000000000E+0002 -3.10974121093750E-0002  1.41296386718750E-0002 
 1.80000000000000E+0002 -3.28369140625000E-0002  1.84020996093750E-0002 
 1.80500000000000E+0002 -3.52478027343750E-0002  2.45971679687500E-0002 
 1.81000000000000E+0002 -3.88793945312500E-0002  3.46984863281250E-0002 
 1.81500000000000E+0002 -3.92150878906250E-0002  4.77294921875000E-0002 
 1.82000000000000E+0002 -3.78723144531250E-0002  5.39245605468750E-0002 
 1.82500000000000E+0002 -3.71704101562500E-0002  5.17272949218750E-0002 
 1.83000000000000E+0002 -3.52783203125000E-0002  4.22668457031250E-0002 
 1.83500000000000E+0002 -2.97546386718750E-0002  2.75573730468750E-0002 
 1.84000000000000E+0002 -2.25830078125000E-0002  9.88769531250000E-0003 
 1.84500000000000E+0002 -1.84936523437500E-0002 -4.57763671875000E-0003 
 1.85000000000000E+0002 -1.58081054687500E-0002 -1.18103027343750E-0002 
 1.85500000000000E+0002 -1.48620605468750E-0002 -1.54418945312500E-0002 
 1.86000000000000E+0002 -1.83105468750000E-0002 -1.91040039062500E-0002 
 1.86500000000000E+0002 -2.31628417968750E-0002 -2.17590332031250E-0002 
 1.87000000000000E+0002 -2.47802734375000E-0002 -2.59094238281250E-0002 
 1.87500000000000E+0002 -2.54821777343750E-0002 -3.06396484375000E-0002 
 1.88000000000000E+0002 -2.80761718750000E-0002 -3.28369140625000E-0002 
 1.88500000000000E+0002 -2.81677246093750E-0002 -3.04260253906250E-0002 
 1.89000000000000E+0002 -2.37731933593750E-0002 -2.78625488281250E-0002 
 1.89500000000000E+0002 -1.95922851562500E-0002 -2.89916992187500E-0002 
 1.90000000000000E+0002 -1.71508789062500E-0002 -2.87475585937500E-0002 
 1.90500000000000E+0002 -1.46179199218750E-0002 -2.18811035156250E-0002 
 1.91000000000000E+0002 -1.01623535156250E-0002 -1.21459960937500E-0002 
 1.91500000000000E+0002 -7.29370117187500E-0003 -6.31713867187500E-0003 
 1.92000000000000E+0002 -8.97216796875000E-0003 -6.01196289062500E-0003 
 1.92500000000000E+0002 -1.35803222656250E-0002 -8.88061523437500E-0003 
 1.93000000000000E+0002 -1.79748535156250E-0002 -1.25427246093750E-0002 
 1.93500000000000E+0002 -2.14233398437500E-0002 -1.92565917968750E-0002 
 1.94000000000000E+0002 -2.52380371093750E-0002 -2.76184082031250E-0002 
 1.94500000000000E+0002 -3.00292968750000E-0002 -3.14636230468750E-0002 
 1.95000000000000E+0002 -3.33251953125000E-0002 -2.99072265625000E-0002 
 1.95500000000000E+0002 -3.48205566406250E-0002 -2.40478515625000E-0002 
 1.96000000000000E+0002 -3.10974121093750E-0002 -1.86462402343750E-0002 
 1.96500000000000E+0002 -2.32543945312500E-0002 -1.68457031250000E-0002 
 1.97000000000000E+0002 -1.56555175781250E-0002 -1.95617675781250E-0002 
 1.97500000000000E+0002 -1.31835937500000E-0002 -2.15454101562500E-0002 
 1.98000000000000E+0002 -1.30004882812500E-0002 -1.65710449218750E-0002 
 1.98500000000000E+0002 -1.13830566406250E-0002 -8.51440429687500E-0003 
 1.99000000000000E+0002 -1.14440917968750E-0002 -5.12695312500000E-0003 
 1.99500000000000E+0002 -1.15356445312500E-0002 -4.05883789062500E-0003 
 2.00000000000000E+0002 -7.23266601562500E-0003 -2.13623046875000E-0003 
 2.00500000000000E+0002 -1.40380859375000E-0003 -1.03759765625000E-0003 
 2.01000000000000E+0002  3.14331054687500E-0003 -2.99072265625000E-0003 
 2.01500000000000E+0002  5.82885742187500E-0003 -5.37109375000000E-0003 
 2.02000000000000E+0002  5.37109375000000E-0003 -6.37817382812500E-0003 
 2.02500000000000E+0002  2.13623046875000E-0004 -6.65283203125000E-0003 
 2.03000000000000E+0002 -8.05664062500000E-0003 -2.31933593750000E-0003 
 2.03500000000000E+0002 -1.29089355468750E-0002  4.94384765625000E-0003 
 2.04000000000000E+0002 -1.50451660156250E-0002  8.72802734375000E-0003 
 2.04500000000000E+0002 -2.03247070312500E-0002  9.15527343750000E-0003 
 2.05000000000000E+0002 -2.71911621093750E-0002  6.25610351562500E-0003 
 2.05500000000000E+0002 -3.20739746093750E-0002 -3.05175781250000E-0005 
 2.06000000000000E+0002 -3.48205566406250E-0002 -9.30786132812500E-0003 
 2.06500000000000E+0002 -3.63464355468750E-0002 -1.96228027343750E-0002 
 2.07000000000000E+0002 -3.77197265625000E-0002 -2.81066894531250E-0002 
 2.07500000000000E+0002 -3.84521484375000E-0002 -3.24707031250000E-0002 
 2.08000000000000E+0002 -3.77807617187500E-0002 -2.82592773437500E-0002 
 2.08500000000000E+0002 -3.24707031250000E-0002 -1.69677734375000E-0002 
 2.09000000000000E+0002 -2.23083496093750E-0002 -9.15527343750000E-0003 
 2.09500000000000E+0002 -1.48010253906250E-0002 -8.20922851562500E-0003 
 2.10000000000000E+0002 -1.24511718750000E-0002 -1.09252929687500E-0002 
 2.10500000000000E+0002 -1.49230957031250E-0002 -1.26342773437500E-0002 
 2.11000000000000E+0002 -1.73034667968750E-0002 -1.29394531250000E-0002 
 2.11500000000000E+0002 -1.80969238281250E-0002 -1.45874023437500E-0002 
 2.12000000000000E+0002 -1.87683105468750E-0002 -1.61437988281250E-0002 
 2.12500000000000E+0002 -1.55639648437500E-0002 -1.55639648437500E-0002 
 2.13000000000000E+0002 -9.36889648437500E-0003 -1.39160156250000E-0002 
 2.13500000000000E+0002 -1.89208984375000E-0003 -1.53503417968750E-0002 
 2.14000000000000E+0002  4.97436523437500E-0003 -2.40173339843750E-0002 
 2.14500000000000E+0002  5.64575195312500E-0003 -3.69262695312500E-0002 
 2.15000000000000E+0002 -1.83105468750000E-0004 -4.92858886718750E-0002 
 2.15500000000000E+0002 -8.57543945312500E-0003 -5.81054687500000E-0002 
 2.16000000000000E+0002 -1.66931152343750E-0002 -6.28967285156250E-0002 
 2.16500000000000E+0002 -2.21862792968750E-0002 -6.14929199218750E-0002 
 2.17000000000000E+0002 -2.41394042968750E-0002 -5.75256347656250E-0002 
 2.17500000000000E+0002 -2.39868164062500E-0002 -5.46264648437500E-0002 
 2.18000000000000E+0002 -2.25524902343750E-0002 -5.16967773437500E-0002 
 2.18500000000000E+0002 -2.09045410156250E-0002 -4.91638183593750E-0002 
 2.19000000000000E+0002 -1.95007324218750E-0002 -4.70275878906250E-0002 
 2.19500000000000E+0002 -1.86462402343750E-0002 -4.36706542968750E-0002 
 2.20000000000000E+0002 -1.72119140625000E-0002 -3.76892089843750E-0002 
 2.20500000000000E+0002 -1.44653320312500E-0002 -2.85644531250000E-0002 
 2.21000000000000E+0002 -6.40869140625000E-0003 -1.88903808593750E-0002 
 2.21500000000000E+0002  4.05883789062500E-0003 -1.22375488281250E-0002 
 2.22000000000000E+0002  1.18103027343750E-0002 -8.60595703125000E-0003 
 2.22500000000000E+0002  1.26037597656250E-0002 -7.29370117187500E-0003 
 2.23000000000000E+0002  7.11059570312500E-0003 -5.95092773437500E-0003 
 2.23500000000000E+0002 -1.67846679687500E-0003 -5.58471679687500E-0003 
 2.24000000000000E+0002 -1.30310058593750E-0002 -7.81250000000000E-0003 
 2.24500000000000E+0002 -2.16979980468750E-0002 -1.11999511718750E-0002 
 2.25000000000000E+0002 -2.60314941406250E-0002 -1.76086425781250E-0002 
 2.25500000000000E+0002 -2.96630859375000E-0002 -2.85949707031250E-0002 
 2.26000000000000E+0002 -3.33862304687500E-0002 -3.91540527343750E-0002 
 2.26500000000000E+0002 -3.35083007812500E-0002 -4.40368652343750E-0002 
 2.27000000000000E+0002 -2.81066894531250E-0002 -4.04052734375000E-0002 
 2.27500000000000E+0002 -1.87683105468750E-0002 -3.02429199218750E-0002 
 2.28000000000000E+0002 -5.88989257812500E-0003 -2.29187011718750E-0002 
 2.28500000000000E+0002  5.82885742187500E-0003 -2.20642089843750E-0002 
 2.29000000000000E+0002  1.40991210937500E-0002 -2.59094238281250E-0002 
 2.29500000000000E+0002  1.98974609375000E-0002 -3.28674316406250E-0002 
 2.30000000000000E+0002  2.05078125000000E-0002 -4.49523925781250E-0002 
 2.30500000000000E+0002  1.19934082031250E-0002 -5.72509765625000E-0002 
 2.31000000000000E+0002  1.15966796875000E-0003 -5.86242675781250E-0002 
 2.31500000000000E+0002 -3.14331054687500E-0003 -4.86145019531250E-0002 
 2.32000000000000E+0002 -2.62451171875000E-0003 -3.74755859375000E-0002 
 2.32500000000000E+0002 -6.25610351562500E-0003 -3.15856933593750E-0002 
 2.33000000000000E+0002 -1.27258300781250E-0002 -2.89001464843750E-0002 
 2.33500000000000E+0002 -1.76086425781250E-0002 -2.95715332031250E-0002 
 2.34000000000000E+0002 -2.05383300781250E-0002 -3.46679687500000E-0002 
 2.34500000000000E+0002 -2.49023437500000E-0002 -4.20532226562500E-0002 
 2.35000000000000E+0002 -3.02429199218750E-0002 -4.64477539062500E-0002 
 2.35500000000000E+0002 -3.36914062500000E-0002 -4.89196777343750E-0002 
 2.36000000000000E+0002 -3.64990234375000E-0002 -5.14831542968750E-0002 
 2.36500000000000E+0002 -4.13513183593750E-0002 -5.03845214843750E-0002 
 2.37000000000000E+0002 -4.59289550781250E-0002 -4.73327636718750E-0002 
 2.37500000000000E+0002 -4.70581054687500E-0002 -4.68139648437500E-0002 
 2.38000000000000E+0002 -4.77600097656250E-0002 -4.76684570312500E-0002 
 2.38500000000000E+0002 -4.91943359375000E-0002 -4.51354980468750E-0002 
 2.39000000000000E+0002 -4.64477539062500E-0002 -3.94592285156250E-0002 
 2.39500000000000E+0002 -3.71398925781250E-0002 -3.73229980468750E-0002 
 2.40000000000000E+0002 -3.03955078125000E-0002 -3.98254394531250E-0002 
 2.40500000000000E+0002 -2.50854492187500E-0002 -3.83911132812500E-0002 
 2.41000000000000E+0002 -1.62658691406250E-0002 -3.34167480468750E-0002 
 2.41500000000000E+0002 -7.93457031250000E-0003 -3.21044921875000E-0002 
 2.42000000000000E+0002 -4.42504882812500E-0003 -3.43627929687500E-0002 
 2.42500000000000E+0002 -3.41796875000000E-0003 -3.37829589843750E-0002 
 2.43000000000000E+0002 -2.19726562500000E-0003 -2.64892578125000E-0002 
 2.43500000000000E+0002 -2.31933593750000E-0003 -1.65710449218750E-0002 
 2.44000000000000E+0002 -5.67626953125000E-0003 -7.50732421875000E-0003 
 2.44500000000000E+0002 -7.96508789062500E-0003  3.17382812500000E-0003 
 2.45000000000000E+0002 -5.64575195312500E-0003  1.28479003906250E-0002 
 2.45500000000000E+0002 -2.47192382812500E-0003  1.84631347656250E-0002 
 2.46000000000000E+0002 -1.55639648437500E-0003  1.74865722656250E-0002 
 2.46500000000000E+0002 -5.12695312500000E-0003  1.04980468750000E-0002 
 2.47000000000000E+0002 -1.01013183593750E-0002  2.74658203125000E-0003 
 2.47500000000000E+0002 -1.34277343750000E-0002 -4.54711914062500E-0003 
 2.48000000000000E+0002 -2.05078125000000E-0002 -1.12915039062500E-0002 
 2.48500000000000E+0002 -3.42102050781250E-0002 -1.91345214843750E-0002 
 2.49000000000000E+0002 -4.59594726562500E-0002 -2.74047851562500E-0002 
 2.49500000000000E+0002 -4.69055175781250E-0002 -3.58886718750000E-0002 
 2.50000000000000E+0002 -4.24194335937500E-0002 -4.48608398437500E-0002 
 2.50500000000000E+0002 -3.89709472656250E-0002 -5.14831542968750E-0002 
 2.51000000000000E+0002 -3.20129394531250E-0002 -5.34362792968750E-0002 
 2.51500000000000E+0002 -1.78222656250000E-0002 -5.07507324218750E-0002 
 2.52000000000000E+0002 -2.50244140625000E-0003 -4.60815429687500E-0002 
 2.52500000000000E+0002  5.27954101562500E-0003 -4.13818359375000E-0002 
 2.53000000000000E+0002  7.90405273437500E-0003 -3.87268066406250E-0002 
 2.53500000000000E+0002  9.09423828125000E-0003 -3.84826660156250E-0002 
 2.54000000000000E+0002  8.66699218750000E-0003 -4.03442382812500E-0002 
 2.54500000000000E+0002  2.80761718750000E-0003 -4.20837402343750E-0002 
 2.55000000000000E+0002 -5.95092773437500E-0003 -4.18395996093750E-0002 
 2.55500000000000E+0002 -1.40380859375000E-0002 -3.69873046875000E-0002 
 2.56000000000000E+0002 -1.95007324218750E-0002 -2.78320312500000E-0002 
 2.56500000000000E+0002 -2.27355957031250E-0002 -1.79748535156250E-0002 
 2.57000000000000E+0002 -2.42004394531250E-0002 -1.12609863281250E-0002 
 2.57500000000000E+0002 -2.44140625000000E-0002 -8.02612304687500E-0003 
 2.58000000000000E+0002 -2.60620117187500E-0002 -8.60595703125000E-0003 
 2.58500000000000E+0002 -3.06396484375000E-0002 -1.36718750000000E-0002 
 2.59000000000000E+0002 -3.50036621093750E-0002 -1.93176269531250E-0002 
 2.59500000000000E+0002 -3.59191894531250E-0002 -2.19421386718750E-0002 
 2.60000000000000E+0002 -3.16772460937500E-0002 -2.10876464843750E-0002 
 2.60500000000000E+0002 -2.22473144531250E-0002 -2.01721191406250E-0002 
 2.61000000000000E+0002 -7.84301757812500E-0003 -2.29187011718750E-0002 
 2.61500000000000E+0002  6.74438476562500E-0003 -2.44140625000000E-0002 
 2.62000000000000E+0002  1.77001953125000E-0002 -2.31018066406250E-0002 
 2.62500000000000E+0002  2.25830078125000E-0002 -2.41088867187500E-0002 
 2.63000000000000E+0002  2.13623046875000E-0002 -2.89306640625000E-0002 
 2.63500000000000E+0002  1.31225585937500E-0002 -3.57666015625000E-0002 
 2.64000000000000E+0002 -8.54492187500000E-0004 -3.70483398437500E-0002 
 2.64500000000000E+0002 -1.67236328125000E-0002 -3.55834960937500E-0002 
 2.65000000000000E+0002 -3.02429199218750E-0002 -3.48510742187500E-0002 
 2.65500000000000E+0002 -4.03747558593750E-0002 -3.54919433593750E-0002 
 2.66000000000000E+0002 -4.66613769531250E-0002 -3.35083007812500E-0002 
 2.66500000000000E+0002 -4.65087890625000E-0002 -3.09753417968750E-0002 
 2.67000000000000E+0002 -4.22363281250000E-0002 -3.10974121093750E-0002 
 2.67500000000000E+0002 -3.88183593750000E-0002 -3.41186523437500E-0002 
 2.68000000000000E+0002 -3.79943847656250E-0002 -3.58276367187500E-0002 
 2.68500000000000E+0002 -3.80859375000000E-0002 -3.57666015625000E-0002 
 2.69000000000000E+0002 -3.69262695312500E-0002 -3.39965820312500E-0002 
 2.69500000000000E+0002 -3.68652343750000E-0002 -2.91137695312500E-0002 
 2.70000000000000E+0002 -3.75671386718750E-0002 -2.47802734375000E-0002 
 2.70500000000000E+0002 -3.79638671875000E-0002 -2.35595703125000E-0002 
 2.71000000000000E+0002 -3.74450683593750E-0002 -2.49633789062500E-0002 
 2.71500000000000E+0002 -3.95812988281250E-0002 -2.81066894531250E-0002 
 2.72000000000000E+0002 -4.33349609375000E-0002 -3.07312011718750E-0002 
 2.72500000000000E+0002 -4.69055175781250E-0002 -3.23486328125000E-0002 
 2.73000000000000E+0002 -4.85229492187500E-0002 -3.18908691406250E-0002 
 2.73500000000000E+0002 -4.55932617187500E-0002 -2.82592773437500E-0002 
 2.74000000000000E+0002 -3.80859375000000E-0002 -2.51159667968750E-0002 
 2.74500000000000E+0002 -3.15246582031250E-0002 -2.23999023437500E-0002 
 2.75000000000000E+0002 -3.19824218750000E-0002 -1.96228027343750E-0002 
 2.75500000000000E+0002 -3.60412597656250E-0002 -1.25732421875000E-0002 
 2.76000000000000E+0002 -3.82690429687500E-0002 -3.35693359375000E-0003 
 2.76500000000000E+0002 -4.33654785156250E-0002 -1.83105468750000E-0004 
 2.77000000000000E+0002 -5.16662597656250E-0002 -3.20434570312500E-0003 
 2.77500000000000E+0002 -5.48095703125000E-0002 -7.53784179687500E-0003 
 2.78000000000000E+0002 -4.74853515625000E-0002 -1.13830566406250E-0002 
 2.78500000000000E+0002 -3.59497070312500E-0002 -1.80053710937500E-0002 
 2.79000000000000E+0002 -2.75268554687500E-0002 -2.71606445312500E-0002 
 2.79500000000000E+0002 -2.08435058593750E-0002 -3.21655273437500E-0002 
 2.80000000000000E+0002 -1.51062011718750E-0002 -3.06396484375000E-0002 
 2.80500000000000E+0002 -1.35498046875000E-0002 -2.67944335937500E-0002 
 2.81000000000000E+0002 -1.93481445312500E-0002 -2.47497558593750E-0002 
 2.81500000000000E+0002 -2.98461914062500E-0002 -1.98669433593750E-0002 
 2.82000000000000E+0002 -3.66821289062500E-0002 -1.31835937500000E-0002 
 2.82500000000000E+0002 -3.70483398437500E-0002 -9.88769531250000E-0003 
 2.83000000000000E+0002 -3.71093750000000E-0002 -1.19018554687500E-0002 
 2.83500000000000E+0002 -4.06799316406250E-0002 -1.48925781250000E-0002 
 2.84000000000000E+0002 -4.17175292968750E-0002 -1.77307128906250E-0002 
 2.84500000000000E+0002 -3.73535156250000E-0002 -2.28576660156250E-0002 
 2.85000000000000E+0002 -2.84729003906250E-0002 -2.60009765625000E-0002 
 2.85500000000000E+0002 -1.89819335937500E-0002 -2.75573730468750E-0002 
 2.86000000000000E+0002 -1.15356445312500E-0002 -3.01513671875000E-0002 
 2.86500000000000E+0002 -6.74438476562500E-0003 -3.39050292968750E-0002 
 2.87000000000000E+0002 -5.49316406250000E-0003 -3.58276367187500E-0002 
 2.87500000000000E+0002 -1.03759765625000E-0002 -3.75366210937500E-0002 
 2.88000000000000E+0002 -2.29797363281250E-0002 -4.08630371093750E-0002 
 2.88500000000000E+0002 -3.78112792968750E-0002 -3.86352539062500E-0002 
 2.89000000000000E+0002 -4.44030761718750E-0002 -3.13415527343750E-0002 
 2.89500000000000E+0002 -4.18395996093750E-0002 -2.68554687500000E-0002 
 2.90000000000000E+0002 -3.25012207031250E-0002 -2.50244140625000E-0002 
 2.90500000000000E+0002 -1.95312500000000E-0002 -2.59704589843750E-0002 
 2.91000000000000E+0002 -8.94165039062500E-0003 -2.95410156250000E-0002 
 2.91500000000000E+0002 -4.24194335937500E-0003 -3.34167480468750E-0002 
 2.92000000000000E+0002 -5.92041015625000E-0003 -3.23791503906250E-0002 
 2.92500000000000E+0002 -9.36889648437500E-0003 -2.54821777343750E-0002 
 2.93000000000000E+0002 -1.43432617187500E-0002 -1.83715820312500E-0002 
 2.93500000000000E+0002 -1.98669433593750E-0002 -1.38549804687500E-0002 
 2.94000000000000E+0002 -2.48107910156250E-0002 -1.12609863281250E-0002 
 2.94500000000000E+0002 -2.91137695312500E-0002 -1.04980468750000E-0002 
 2.95000000000000E+0002 -2.98767089843750E-0002 -1.20239257812500E-0002 
 2.95500000000000E+0002 -2.90527343750000E-0002 -1.74255371093750E-0002 
 2.96000000000000E+0002 -2.97851562500000E-0002 -2.37731933593750E-0002 
 2.96500000000000E+0002 -3.16162109375000E-0002 -2.61230468750000E-0002 
 2.97000000000000E+0002 -3.30810546875000E-0002 -2.56652832031250E-0002 
 2.97500000000000E+0002 -3.71704101562500E-0002 -2.63061523437500E-0002 
 2.98000000000000E+0002 -4.61120605468750E-0002 -2.67333984375000E-0002 
 2.98500000000000E+0002 -5.37109375000000E-0002 -2.45361328125000E-0002 
 2.99000000000000E+0002 -5.65185546875000E-0002 -2.42309570312500E-0002 
 2.99500000000000E+0002 -5.62744140625000E-0002 -2.87170410156250E-0002 
 3.00000000000000E+0002 -5.66406250000000E-0002 -3.39355468750000E-0002 
 3.00500000000000E+0002 -5.38940429687500E-0002 -3.74450683593750E-0002 
 3.01000000000000E+0002 -4.64782714843750E-0002 -4.43725585937500E-0002 
 3.01500000000000E+0002 -4.09240722656250E-0002 -5.49621582031250E-0002 
 3.02000000000000E+0002 -4.03442382812500E-0002 -6.14624023437500E-0002 
 3.02500000000000E+0002 -4.01916503906250E-0002 -5.63354492187500E-0002 
 3.03000000000000E+0002 -3.57360839843750E-0002 -4.36096191406250E-0002 
 3.03500000000000E+0002 -3.14025878906250E-0002 -3.43017578125000E-0002 
 3.04000000000000E+0002 -3.38134765625000E-0002 -2.71911621093750E-0002 
 3.04500000000000E+0002 -4.06188964843750E-0002 -1.81274414062500E-0002 
 3.05000000000000E+0002 -4.54406738281250E-0002 -1.06811523437500E-0002 
 3.05500000000000E+0002 -4.58679199218750E-0002 -1.06201171875000E-0002 
 3.06000000000000E+0002 -4.50744628906250E-0002 -1.74560546875000E-0002 
 3.06500000000000E+0002 -4.46166992187500E-0002 -2.48718261718750E-0002 
 3.07000000000000E+0002 -4.52270507812500E-0002 -2.87475585937500E-0002 
 3.07500000000000E+0002 -4.87060546875000E-0002 -2.76794433593750E-0002 
 3.08000000000000E+0002 -5.17578125000000E-0002 -2.43225097656250E-0002 
 3.08500000000000E+0002 -5.23376464843750E-0002 -2.51464843750000E-0002 
 3.09000000000000E+0002 -5.36193847656250E-0002 -2.48413085937500E-0002 
 3.09500000000000E+0002 -5.14831542968750E-0002 -1.72729492187500E-0002 
 3.10000000000000E+0002 -4.25109863281250E-0002 -1.01623535156250E-0002 
 3.10500000000000E+0002 -3.18908691406250E-0002 -9.85717773437500E-0003 
 3.11000000000000E+0002 -2.54211425781250E-0002 -1.15966796875000E-0002 
 3.11500000000000E+0002 -2.28271484375000E-0002 -1.22070312500000E-0002 
 3.12000000000000E+0002 -2.41394042968750E-0002 -1.95312500000000E-0002 
 3.12500000000000E+0002 -3.33251953125000E-0002 -3.64379882812500E-0002 
 3.13000000000000E+0002 -4.71191406250000E-0002 -5.16662597656250E-0002 
 3.13500000000000E+0002 -5.63049316406250E-0002 -5.78918457031250E-0002 
 3.14000000000000E+0002 -5.98449707031250E-0002 -5.87768554687500E-0002 
 3.14500000000000E+0002 -6.22558593750000E-0002 -5.56030273437500E-0002 
 3.15000000000000E+0002 -6.25305175781250E-0002 -4.64477539062500E-0002 
 3.15500000000000E+0002 -5.57556152343750E-0002 -3.25317382812500E-0002 
 3.16000000000000E+0002 -4.36706542968750E-0002 -1.93481445312500E-0002 
 3.16500000000000E+0002 -3.47900390625000E-0002 -1.14135742187500E-0002 
 3.17000000000000E+0002 -3.59497070312500E-0002 -6.98852539062500E-0003 
 3.17500000000000E+0002 -4.30297851562500E-0002 -2.80761718750000E-0003 
 3.18000000000000E+0002 -4.97131347656250E-0002 -7.01904296875000E-0004 
 3.18500000000000E+0002 -5.31311035156250E-0002  8.85009765625000E-0004 
 3.19000000000000E+0002 -5.38330078125000E-0002  3.05175781250000E-0003 
 3.19500000000000E+0002 -5.21545410156250E-0002  4.51660156250000E-0003 
 3.20000000000000E+0002 -4.54711914062500E-0002  4.85229492187500E-0003 
 3.20500000000000E+0002 -3.22875976562500E-0002  4.30297851562500E-0003 
 3.21000000000000E+0002 -2.23388671875000E-0002  2.31933593750000E-0003 
 3.21500000000000E+0002 -2.18811035156250E-0002 -3.02124023437500E-0003 
 3.22000000000000E+0002 -2.77404785156250E-0002 -1.22985839843750E-0002 
 3.22500000000000E+0002 -3.22570800781250E-0002 -1.98059082031250E-0002 
 3.23000000000000E+0002 -3.50341796875000E-0002 -2.22473144531250E-0002 
 3.23500000000000E+0002 -3.77502441406250E-0002 -1.84936523437500E-0002 
 3.24000000000000E+0002 -3.36914062500000E-0002 -9.00268554687500E-0003 
 3.24500000000000E+0002 -2.38952636718750E-0002 -2.74658203125000E-0004 
 3.25000000000000E+0002 -1.88293457031250E-0002  3.38745117187500E-0003 
 3.25500000000000E+0002 -2.06298828125000E-0002  4.39453125000000E-0003 
 3.26000000000000E+0002 -2.33459472656250E-0002  3.17382812500000E-0003 
 3.26500000000000E+0002 -2.38342285156250E-0002 -3.29589843750000E-0003 
 3.27000000000000E+0002 -2.72827148437500E-0002 -1.42211914062500E-0002 
 3.27500000000000E+0002 -3.12194824218750E-0002 -2.14233398437500E-0002 
 3.28000000000000E+0002 -3.07006835937500E-0002 -2.47192382812500E-0002 
 3.28500000000000E+0002 -2.78625488281250E-0002 -2.72521972656250E-0002 
 3.29000000000000E+0002 -2.74658203125000E-0002 -2.93273925781250E-0002 
 3.29500000000000E+0002 -2.97241210937500E-0002 -3.10668945312500E-0002 
 3.30000000000000E+0002 -3.40576171875000E-0002 -3.40881347656250E-0002 
 3.30500000000000E+0002 -4.23583984375000E-0002 -3.68652343750000E-0002 
 3.31000000000000E+0002 -5.06591796875000E-0002 -3.63769531250000E-0002 
 3.31500000000000E+0002 -5.28564453125000E-0002 -3.56445312500000E-0002 
 3.32000000000000E+0002 -4.99572753906250E-0002 -3.71398925781250E-0002 
 3.32500000000000E+0002 -4.63867187500000E-0002 -3.75976562500000E-0002 
 3.33000000000000E+0002 -4.22058105468750E-0002 -3.42407226562500E-0002 
 3.33500000000000E+0002 -3.22570800781250E-0002 -2.61840820312500E-0002 
 3.34000000000000E+0002 -2.00195312500000E-0002 -1.72729492187500E-0002 
 3.34500000000000E+0002 -1.47705078125000E-0002 -9.97924804687500E-0003 
 3.35000000000000E+0002 -1.74560546875000E-0002 -3.87573242187500E-0003 
 3.35500000000000E+0002 -2.34680175781250E-0002  2.50244140625000E-0003 
 3.36000000000000E+0002 -2.93579101562500E-0002  7.72094726562500E-0003 
 3.36500000000000E+0002 -3.65905761718750E-0002  5.43212890625000E-0003 
 3.37000000000000E+0002 -4.41894531250000E-0002 -1.52587890625000E-0003 
 3.37500000000000E+0002 -4.99267578125000E-0002 -7.56835937500000E-0003 
 3.38000000000000E+0002 -5.57556152343750E-0002 -7.87353515625000E-0003 
 3.38500000000000E+0002 -5.70068359375000E-0002 -5.37109375000000E-0003 
 3.39000000000000E+0002 -5.53283691406250E-0002 -6.92749023437500E-0003 
 3.39500000000000E+0002 -5.85327148437500E-0002 -1.19018554687500E-0002 
 3.40000000000000E+0002 -6.72302246093750E-0002 -1.43737792968750E-0002 
 3.40500000000000E+0002 -7.28454589843750E-0002 -1.25732421875000E-0002 
 3.41000000000000E+0002 -7.08618164062500E-0002 -1.22375488281250E-0002 
 3.41500000000000E+0002 -6.60705566406250E-0002 -1.54418945312500E-0002 
 3.42000000000000E+0002 -6.08520507812500E-0002 -1.53198242187500E-0002 
 3.42500000000000E+0002 -5.38940429687500E-0002 -1.22985839843750E-0002 
 3.43000000000000E+0002 -4.59594726562500E-0002 -1.17797851562500E-0002 
 3.43500000000000E+0002 -3.78417968750000E-0002 -1.68457031250000E-0002 
 3.44000000000000E+0002 -3.30200195312500E-0002 -2.59399414062500E-0002 
 3.44500000000000E+0002 -3.45458984375000E-0002 -3.28979492187500E-0002 
 3.45000000000000E+0002 -3.88183593750000E-0002 -3.37219238281250E-0002 
 3.45500000000000E+0002 -4.05578613281250E-0002 -3.00903320312500E-0002 
 3.46000000000000E+0002 -3.61633300781250E-0002 -2.40783691406250E-0002 
 3.46500000000000E+0002 -2.83203125000000E-0002 -1.71508789062500E-0002 
 3.47000000000000E+0002 -2.27355957031250E-0002 -1.22070312500000E-0002 
 3.47500000000000E+0002 -2.03857421875000E-0002 -7.99560546875000E-0003 
 3.48000000000000E+0002 -1.80664062500000E-0002 -3.47900390625000E-0003 
 3.48500000000000E+0002 -1.54724121093750E-0002  2.16674804687500E-0003 
 3.49000000000000E+0002 -1.80358886718750E-0002  5.40161132812500E-0003 
 3.49500000000000E+0002 -2.32543945312500E-0002  6.62231445312500E-0003 
 3.50000000000000E+0002 -2.36511230468750E-0002  6.19506835937500E-0003 
 3.50500000000000E+0002 -1.98669433593750E-0002  2.53295898437500E-0003 
 3.51000000000000E+0002 -1.75476074218750E-0002 -3.32641601562500E-0003 
 3.51500000000000E+0002 -1.74255371093750E-0002 -1.08337402343750E-0002 
 3.52000000000000E+0002 -1.97143554687500E-0002 -2.05993652343750E-0002 
 3.52500000000000E+0002 -2.56958007812500E-0002 -2.76184082031250E-0002 
 3.53000000000000E+0002 -3.28979492187500E-0002 -2.76184082031250E-0002 
 3.53500000000000E+0002 -3.65600585937500E-0002 -2.49938964843750E-0002 
 3.54000000000000E+0002 -3.65600585937500E-0002 -2.79541015625000E-0002 
 3.54500000000000E+0002 -3.72314453125000E-0002 -3.01818847656250E-0002 
 3.55000000000000E+0002 -3.73840332031250E-0002 -2.56042480468750E-0002 
 3.55500000000000E+0002 -3.62854003906250E-0002 -2.13012695312500E-0002 
 3.56000000000000E+0002 -3.66516113281250E-0002 -1.93481445312500E-0002 
 3.56500000000000E+0002 -3.62243652343750E-0002 -1.57470703125000E-0002 
 3.57000000000000E+0002 -3.42102050781250E-0002 -8.69750976562500E-0003 
 3.57500000000000E+0002 -3.11584472656250E-0002 -5.18798828125000E-0003 
 3.58000000000000E+0002 -2.74963378906250E-0002 -8.45336914062500E-0003 
 3.58500000000000E+0002 -2.37426757812500E-0002 -1.33972167968750E-0002 
 3.59000000000000E+0002 -1.90734863281250E-0002 -2.08740234375000E-0002 
 3.59500000000000E+0002 -1.84631347656250E-0002 -3.13415527343750E-0002 
 3.60000000000000E+0002 -2.25524902343750E-0002 -4.01000976562500E-0002 
 3.60500000000000E+0002 -2.34680175781250E-0002 -4.23278808593750E-0002 
 3.61000000000000E+0002 -1.98974609375000E-0002 -4.02832031250000E-0002 
 3.61500000000000E+0002 -1.27868652343750E-0002 -3.83911132812500E-0002 
 3.62000000000000E+0002 -5.70678710937500E-0003 -3.68957519531250E-0002 
 3.62500000000000E+0002  2.41088867187500E-0003 -3.53698730468750E-0002 
 3.63000000000000E+0002  1.04980468750000E-0002 -3.71093750000000E-0002 
 3.63500000000000E+0002  1.50146484375000E-0002 -4.00695800781250E-0002 
 3.64000000000000E+0002  1.17492675781250E-0002 -3.99475097656250E-0002 
 3.64500000000000E+0002  2.65502929687500E-0003 -3.52478027343750E-0002 
 3.65000000000000E+0002 -5.58471679687500E-0003 -2.96630859375000E-0002 
 3.65500000000000E+0002 -1.05895996093750E-0002 -2.56958007812500E-0002 
 3.66000000000000E+0002 -1.50451660156250E-0002 -2.11791992187500E-0002 
 3.66500000000000E+0002 -1.69677734375000E-0002 -1.49230957031250E-0002 
 3.67000000000000E+0002 -1.35192871093750E-0002 -9.97924804687500E-0003 
 3.67500000000000E+0002 -1.05285644531250E-0002 -7.75146484375000E-0003 
 3.68000000000000E+0002 -1.50451660156250E-0002 -5.85937500000000E-0003 
 3.68500000000000E+0002 -2.29187011718750E-0002 -1.40380859375000E-0003 
 3.69000000000000E+0002 -2.70996093750000E-0002  4.63867187500000E-0003 
 3.69500000000000E+0002 -2.72521972656250E-0002  6.92749023437500E-0003 
 3.70000000000000E+0002 -2.89001464843750E-0002  7.11059570312500E-0003 
 3.70500000000000E+0002 -3.10058593750000E-0002  7.50732421875000E-0003 
 3.71000000000000E+0002 -2.87170410156250E-0002  6.07299804687500E-0003 
 3.71500000000000E+0002 -2.40478515625000E-0002  1.28173828125000E-0003 
 3.72000000000000E+0002 -1.93176269531250E-0002 -7.32421875000000E-0003 
 3.72500000000000E+0002 -1.75170898437500E-0002 -1.59912109375000E-0002 
 3.73000000000000E+0002 -1.69067382812500E-0002 -2.15759277343750E-0002 
 3.73500000000000E+0002 -1.40380859375000E-0002 -2.57873535156250E-0002 
 3.74000000000000E+0002 -7.69042968750000E-0003 -2.97241210937500E-0002 
 3.74500000000000E+0002 -1.00708007812500E-0003 -3.19213867187500E-0002 
 3.75000000000000E+0002  7.32421875000000E-0004 -3.21960449218750E-0002 
 3.75500000000000E+0002 -3.05175781250000E-0004 -3.39050292968750E-0002 
 3.76000000000000E+0002 -1.28173828125000E-0003 -3.97338867187500E-0002 
 3.76500000000000E+0002 -4.51660156250000E-0003 -4.86145019531250E-0002 
 3.77000000000000E+0002 -1.20849609375000E-0002 -5.52978515625000E-0002 
 3.77500000000000E+0002 -1.85852050781250E-0002 -5.64575195312500E-0002 
 3.78000000000000E+0002 -2.31933593750000E-0002 -5.13916015625000E-0002 
 3.78500000000000E+0002 -2.80761718750000E-0002 -4.13513183593750E-0002 
 3.79000000000000E+0002 -3.00598144531250E-0002 -2.75573730468750E-0002 
 3.79500000000000E+0002 -2.67639160156250E-0002 -1.41296386718750E-0002 
 3.80000000000000E+0002 -2.13928222656250E-0002 -4.08935546875000E-0003 
 3.80500000000000E+0002 -2.03857421875000E-0002 -2.74658203125000E-0004 
 3.81000000000000E+0002 -2.06909179687500E-0002 -2.59399414062500E-0003 
 3.81500000000000E+0002 -1.67236328125000E-0002 -7.93457031250000E-0003 
 3.82000000000000E+0002 -9.55200195312500E-0003 -1.16271972656250E-0002 
 3.82500000000000E+0002 -1.86157226562500E-0003 -1.36718750000000E-0002 
 3.83000000000000E+0002  1.83105468750000E-0003 -1.67846679687500E-0002 
 3.83500000000000E+0002  3.60107421875000E-0003 -2.01110839843750E-0002 
 3.84000000000000E+0002  7.11059570312500E-0003 -2.27966308593750E-0002 
 3.84500000000000E+0002  1.18408203125000E-0002 -2.85949707031250E-0002 
 3.85000000000000E+0002  1.34887695312500E-0002 -3.86657714843750E-0002 
 3.85500000000000E+0002  1.11083984375000E-0002 -4.80346679687500E-0002 
 3.86000000000000E+0002  9.03320312500000E-0003 -5.31005859375000E-0002 
 3.86500000000000E+0002  9.55200195312500E-0003 -5.22155761718750E-0002 
 3.87000000000000E+0002  1.14746093750000E-0002 -4.57458496093750E-0002 
 3.87500000000000E+0002  1.15356445312500E-0002 -3.46069335937500E-0002 
 3.88000000000000E+0002  1.13525390625000E-0002 -2.04772949218750E-0002 
 3.88500000000000E+0002  1.16271972656250E-0002 -9.42993164062500E-0003 
 3.89000000000000E+0002  1.17797851562500E-0002 -4.02832031250000E-0003 
 3.89500000000000E+0002  8.42285156250000E-0003 -5.58471679687500E-0003 
 3.90000000000000E+0002 -2.22778320312500E-0003 -1.30004882812500E-0002 
 3.90500000000000E+0002 -1.70898437500000E-0002 -2.15148925781250E-0002 
 3.91000000000000E+0002 -2.85644531250000E-0002 -2.53295898437500E-0002 
 3.91500000000000E+0002 -3.59191894531250E-0002 -2.43225097656250E-0002 
 3.92000000000000E+0002 -4.11987304687500E-0002 -2.17590332031250E-0002 
 3.92500000000000E+0002 -4.49523925781250E-0002 -1.67846679687500E-0002 
 3.93000000000000E+0002 -4.44641113281250E-0002 -1.00097656250000E-0002 
 3.93500000000000E+0002 -4.45861816406250E-0002 -8.02612304687500E-0003 
 3.94000000000000E+0002 -5.08422851562500E-0002 -1.06506347656250E-0002 
 3.94500000000000E+0002 -5.79528808593750E-0002 -1.25427246093750E-0002 
 3.95000000000000E+0002 -6.04248046875000E-0002 -1.14746093750000E-0002 
 3.95500000000000E+0002 -6.06689453125000E-0002 -7.17163085937500E-0003 
 3.96000000000000E+0002 -5.57861328125000E-0002  2.07519531250000E-0003 
 3.96500000000000E+0002 -4.31518554687500E-0002  1.48620605468750E-0002 
 3.97000000000000E+0002 -2.63366699218750E-0002  2.21557617187500E-0002 
 3.97500000000000E+0002 -1.56555175781250E-0002  1.77001953125000E-0002 
 3.98000000000000E+0002 -1.14440917968750E-0002  9.42993164062500E-0003 
 3.98500000000000E+0002 -8.85009765625000E-0003  1.31225585937500E-0003 
 3.99000000000000E+0002 -7.93457031250000E-0003 -7.96508789062500E-0003 
 3.99500000000000E+0002 -9.67407226562500E-0003 -1.59606933593750E-0002 
