 0.00000000000000E+0000  5.27618408203125E-0001  3.22052001953125E-0001 
 5.00000000000000E-0001  6.15844726562500E-0001  3.97735595703125E-0001 
 1.00000000000000E+0000  5.92956542968750E-0001  3.59252929687500E-0001 
 1.50000000000000E+0000  4.57061767578125E-0001  2.28851318359375E-0001 
 2.00000000000000E+0000  3.08166503906250E-0001  8.85314941406250E-0002 
 2.50000000000000E+0000  1.87530517578125E-0001 -7.70568847656250E-0002 
 3.00000000000000E+0000  8.84704589843750E-0002 -2.87933349609375E-0001 
 3.50000000000000E+0000  3.66821289062500E-0002 -4.75616455078125E-0001 
 4.00000000000000E+0000  7.12890625000000E-0002 -5.76721191406250E-0001 
 4.50000000000000E+0000  1.33728027343750E-0001 -5.94879150390625E-0001 
 5.00000000000000E+0000  1.47277832031250E-0001 -5.20202636718750E-0001 
 5.50000000000000E+0000  1.19567871093750E-0001 -3.64929199218750E-0001 
 6.00000000000000E+0000  5.80749511718750E-0002 -1.96319580078125E-0001 
 6.50000000000000E+0000 -4.36096191406250E-0002 -4.77600097656250E-0002 
 7.00000000000000E+0000 -1.43646240234375E-0001  7.69348144531250E-0002 
 7.50000000000000E+0000 -1.98455810546875E-0001  1.43951416015625E-0001 
 8.00000000000000E+0000 -2.11883544921875E-0001  1.32934570312500E-0001 
 8.50000000000000E+0000 -2.04620361328125E-0001  7.87048339843750E-0002 
 9.00000000000000E+0000 -1.84631347656250E-0001  1.24206542968750E-0002 
 9.50000000000000E+0000 -1.72943115234375E-0001 -6.79321289062500E-0002 
 1.00000000000000E+0001 -1.76574707031250E-0001 -1.39465332031250E-0001 
 1.05000000000000E+0001 -1.59606933593750E-0001 -1.79992675781250E-0001 
 1.10000000000000E+0001 -1.05163574218750E-0001 -2.00286865234375E-0001 
 1.15000000000000E+0001 -3.08532714843750E-0002 -2.06756591796875E-0001 
 1.20000000000000E+0001  4.97436523437500E-0002 -1.80145263671875E-0001 
 1.25000000000000E+0001  1.27044677734375E-0001 -1.17462158203125E-0001 
 1.30000000000000E+0001  1.70989990234375E-0001 -3.91235351562500E-0002 
 1.35000000000000E+0001  1.56280517578125E-0001  4.44641113281250E-0002 
 1.40000000000000E+0001  9.48486328125000E-0002  1.30462646484375E-0001 
 1.45000000000000E+0001  2.16064453125000E-0002  2.02087402343750E-0001 
 1.50000000000000E+0001 -3.56140136718750E-0002  2.40600585937500E-0001 
 1.55000000000000E+0001 -5.23986816406250E-0002  2.47406005859375E-0001 
 1.60000000000000E+0001 -1.18713378906250E-0002  2.27508544921875E-0001 
 1.65000000000000E+0001  7.38525390625000E-0002  1.87866210937500E-0001 
 1.70000000000000E+0001  1.80908203125000E-0001  1.41632080078125E-0001 
 1.75000000000000E+0001  2.82897949218750E-0001  9.27734375000000E-0002 
 1.80000000000000E+0001  3.47869873046875E-0001  4.33959960937500E-0002 
 1.85000000000000E+0001  3.64471435546875E-0001  1.19018554687500E-0003 
 1.90000000000000E+0001  3.46588134765625E-0001 -4.25720214843750E-0002 
 1.95000000000000E+0001  3.13262939453125E-0001 -9.61914062500000E-0002 
 2.00000000000000E+0001  2.73864746093750E-0001 -1.50695800781250E-0001 
 2.05000000000000E+0001  2.35656738281250E-0001 -1.88781738281250E-0001 
 2.10000000000000E+0001  2.10235595703125E-0001 -2.05017089843750E-0001 
 2.15000000000000E+0001  1.83563232421875E-0001 -2.05078125000000E-0001 
 2.20000000000000E+0001  1.21215820312500E-0001 -1.81335449218750E-0001 
 2.25000000000000E+0001  1.53808593750000E-0002 -1.26312255859375E-0001 
 2.30000000000000E+0001 -1.15051269531250E-0001 -5.69763183593750E-0002 
 2.35000000000000E+0001 -2.51647949218750E-0001  1.20544433593750E-0002 
 2.40000000000000E+0001 -3.70941162109375E-0001  7.28759765625000E-0002 
 2.45000000000000E+0001 -4.44183349609375E-0001  1.15386962890625E-0001 
 2.50000000000000E+0001 -4.50347900390625E-0001  1.33087158203125E-0001 
 2.55000000000000E+0001 -3.96881103515625E-0001  1.35559082031250E-0001 
 2.60000000000000E+0001 -3.07281494140625E-0001  1.45233154296875E-0001 
 2.65000000000000E+0001 -1.94396972656250E-0001  1.63391113281250E-0001 
 2.70000000000000E+0001 -7.80334472656250E-0002  1.78741455078125E-0001 
 2.75000000000000E+0001  2.36816406250000E-0002  1.88232421875000E-0001 
 2.80000000000000E+0001  1.02478027343750E-0001  1.81304931640625E-0001 
 2.85000000000000E+0001  1.51916503906250E-0001  1.46270751953125E-0001 
 2.90000000000000E+0001  1.71936035156250E-0001  8.21838378906250E-0002 
 2.95000000000000E+0001  1.62750244140625E-0001  1.86157226562500E-0003 
 3.00000000000000E+0001  1.33361816406250E-0001 -7.84606933593750E-0002 
 3.05000000000000E+0001  9.19799804687500E-0002 -1.45874023437500E-0001 
 3.10000000000000E+0001  4.29992675781250E-0002 -1.83685302734375E-0001 
 3.15000000000000E+0001 -2.83813476562500E-0003 -1.89788818359375E-0001 
 3.20000000000000E+0001 -3.64990234375000E-0002 -1.80847167968750E-0001 
 3.25000000000000E+0001 -6.11877441406250E-0002 -1.69128417968750E-0001 
 3.30000000000000E+0001 -8.62731933593750E-0002 -1.53991699218750E-0001 
 3.35000000000000E+0001 -1.11938476562500E-0001 -1.34063720703125E-0001 
 3.40000000000000E+0001 -1.31805419921875E-0001 -1.13555908203125E-0001 
 3.45000000000000E+0001 -1.44775390625000E-0001 -8.79516601562500E-0002 
 3.50000000000000E+0001 -1.47613525390625E-0001 -5.15441894531250E-0002 
 3.55000000000000E+0001 -1.34979248046875E-0001 -5.64575195312500E-0003 
 3.60000000000000E+0001 -1.04675292968750E-0001  4.11682128906250E-0002 
 3.65000000000000E+0001 -6.59484863281250E-0002  8.31604003906250E-0002 
 3.70000000000000E+0001 -2.84729003906250E-0002  1.15356445312500E-0001 
 3.75000000000000E+0001  4.85229492187500E-0003  1.34582519531250E-0001 
 3.80000000000000E+0001  3.23791503906250E-0002  1.38458251953125E-0001 
 3.85000000000000E+0001  4.98962402343750E-0002  1.29272460937500E-0001 
 3.90000000000000E+0001  5.84411621093750E-0002  1.11480712890625E-0001 
 3.95000000000000E+0001  6.57348632812500E-0002  8.86230468750000E-0002 
 4.00000000000000E+0001  7.75451660156250E-0002  6.10656738281250E-0002 
 4.05000000000000E+0001  9.17663574218750E-0002  2.54516601562500E-0002 
 4.10000000000000E+0001  1.01989746093750E-0001 -1.26037597656250E-0002 
 4.15000000000000E+0001  1.04705810546875E-0001 -4.21142578125000E-0002 
 4.20000000000000E+0001  9.79614257812500E-0002 -6.27746582031250E-0002 
 4.25000000000000E+0001  7.79418945312500E-0002 -7.67211914062500E-0002 
 4.30000000000000E+0001  4.71801757812500E-0002 -8.20617675781250E-0002 
 4.35000000000000E+0001  1.09252929687500E-0002 -7.94677734375000E-0002 
 4.40000000000000E+0001 -2.68249511718750E-0002 -7.45239257812500E-0002 
 4.45000000000000E+0001 -6.17980957031250E-0002 -6.99157714843750E-0002 
 4.50000000000000E+0001 -8.60595703125000E-0002 -6.52465820312500E-0002 
 4.55000000000000E+0001 -9.82055664062500E-0002 -5.99060058593750E-0002 
 4.60000000000000E+0001 -1.00677490234375E-0001 -5.05676269531250E-0002 
 4.65000000000000E+0001 -9.41772460937500E-0002 -3.43322753906250E-0002 
 4.70000000000000E+0001 -7.73925781250000E-0002 -1.79138183593750E-0002 
 4.75000000000000E+0001 -5.70983886718750E-0002 -7.35473632812500E-0003 
 4.80000000000000E+0001 -4.44946289062500E-0002 -9.76562500000000E-0004 
 4.85000000000000E+0001 -4.17785644531250E-0002  4.60815429687500E-0003 
 4.90000000000000E+0001 -4.46472167968750E-0002  5.52368164062500E-0003 
 4.95000000000000E+0001 -4.77600097656250E-0002  1.61743164062500E-0003 
 5.00000000000000E+0001 -4.97741699218750E-0002 -5.18798828125000E-0004 
 5.05000000000000E+0001 -4.90722656250000E-0002  4.24194335937500E-0003 
 5.10000000000000E+0001 -4.07714843750000E-0002  1.29394531250000E-0002 
 5.15000000000000E+0001 -2.27966308593750E-0002  1.58386230468750E-0002 
 5.20000000000000E+0001 -5.58471679687500E-0003  1.11999511718750E-0002 
 5.25000000000000E+0001  3.75366210937500E-0003  3.14331054687500E-0003 
 5.30000000000000E+0001  9.61303710937500E-0003 -7.35473632812500E-0003 
 5.35000000000000E+0001  1.64184570312500E-0002 -2.22778320312500E-0002 
 5.40000000000000E+0001  2.09350585937500E-0002 -3.95202636718750E-0002 
 5.45000000000000E+0001  2.47497558593750E-0002 -5.17578125000000E-0002 
 5.50000000000000E+0001  3.49731445312500E-0002 -5.88989257812500E-0002 
 5.55000000000000E+0001  4.50134277343750E-0002 -6.62841796875000E-0002 
 5.60000000000000E+0001  4.57763671875000E-0002 -7.37609863281250E-0002 
 5.65000000000000E+0001  3.75976562500000E-0002 -8.09631347656250E-0002 
 5.70000000000000E+0001  2.41088867187500E-0002 -8.76159667968750E-0002 
 5.75000000000000E+0001  3.05175781250000E-0003 -9.16748046875000E-0002 
 5.80000000000000E+0001 -2.32849121093750E-0002 -9.01489257812500E-0002 
 5.85000000000000E+0001 -4.43725585937500E-0002 -8.22143554687500E-0002 
 5.90000000000000E+0001 -5.47180175781250E-0002 -6.78100585937500E-0002 
 5.95000000000000E+0001 -5.54199218750000E-0002 -4.73632812500000E-0002 
 6.00000000000000E+0001 -5.08117675781250E-0002 -2.24304199218750E-0002 
 6.05000000000000E+0001 -4.25720214843750E-0002  1.92260742187500E-0003 
 6.10000000000000E+0001 -3.23486328125000E-0002  2.34680175781250E-0002 
 6.15000000000000E+0001 -2.20031738281250E-0002  3.93066406250000E-0002 
 6.20000000000000E+0001 -1.10778808593750E-0002  4.69360351562500E-0002 
 6.25000000000000E+0001 -1.92260742187500E-0003  4.88891601562500E-0002 
 6.30000000000000E+0001  6.86645507812500E-0003  4.50134277343750E-0002 
 6.35000000000000E+0001  1.82189941406250E-0002  3.75061035156250E-0002 
 6.40000000000000E+0001  3.17382812500000E-0002  3.02734375000000E-0002 
 6.45000000000000E+0001  4.44335937500000E-0002  2.31628417968750E-0002 
 6.50000000000000E+0001  5.39855957031250E-0002  1.29699707031250E-0002 
 6.55000000000000E+0001  5.99060058593750E-0002 -2.28881835937500E-0003 
 6.60000000000000E+0001  5.74951171875000E-0002 -2.14538574218750E-0002 
 6.65000000000000E+0001  4.62341308593750E-0002 -4.09240722656250E-0002 
 6.70000000000000E+0001  2.98461914062500E-0002 -6.10961914062500E-0002 
 6.75000000000000E+0001  9.39941406250000E-0003 -7.69958496093750E-0002 
 6.80000000000000E+0001 -1.20239257812500E-0002 -8.30078125000000E-0002 
 6.85000000000000E+0001 -2.68859863281250E-0002 -8.25805664062500E-0002 
 6.90000000000000E+0001 -3.23181152343750E-0002 -8.02307128906250E-0002 
 6.95000000000000E+0001 -3.45153808593750E-0002 -7.49816894531250E-0002 
 7.00000000000000E+0001 -3.86047363281250E-0002 -6.52465820312500E-0002 
 7.05000000000000E+0001 -4.31518554687500E-0002 -5.29479980468750E-0002 
 7.10000000000000E+0001 -4.83398437500000E-0002 -3.82385253906250E-0002 
 7.15000000000000E+0001 -5.33447265625000E-0002 -2.05383300781250E-0002 
 7.20000000000000E+0001 -5.12695312500000E-0002 -1.92260742187500E-0003 
 7.25000000000000E+0001 -3.93371582031250E-0002  1.10778808593750E-0002 
 7.30000000000000E+0001 -2.58178710937500E-0002  1.73339843750000E-0002 
 7.35000000000000E+0001 -1.13220214843750E-0002  2.07214355468750E-0002 
 7.40000000000000E+0001  9.03320312500000E-0003  1.82800292968750E-0002 
 7.45000000000000E+0001  2.62145996093750E-0002  8.72802734375000E-0003 
 7.50000000000000E+0001  3.12194824218750E-0002 -1.73950195312500E-0003 
 7.55000000000000E+0001  3.03344726562500E-0002 -8.81958007812500E-0003 
 7.60000000000000E+0001  3.19519042968750E-0002 -1.82495117187500E-0002 
 7.65000000000000E+0001  3.37829589843750E-0002 -3.31115722656250E-0002 
 7.70000000000000E+0001  3.19213867187500E-0002 -4.74548339843750E-0002 
 7.75000000000000E+0001  3.04870605468750E-0002 -5.55419921875000E-0002 
 7.80000000000000E+0001  2.82592773437500E-0002 -6.08520507812500E-0002 
 7.85000000000000E+0001  2.20336914062500E-0002 -6.35681152343750E-0002 
 7.90000000000000E+0001  1.69372558593750E-0002 -6.20727539062500E-0002 
 7.95000000000000E+0001  1.41906738281250E-0002 -6.14624023437500E-0002 
 8.00000000000000E+0001  8.45336914062500E-0003 -6.35681152343750E-0002 
 8.05000000000000E+0001  4.88281250000000E-0004 -6.38427734375000E-0002 
 8.10000000000000E+0001 -5.21850585937500E-0003 -6.03332519531250E-0002 
 8.15000000000000E+0001 -9.27734375000000E-0003 -5.47790527343750E-0002 
 8.20000000000000E+0001 -1.25427246093750E-0002 -4.69970703125000E-0002 
 8.25000000000000E+0001 -1.44653320312500E-0002 -3.84521484375000E-0002 
 8.30000000000000E+0001 -1.35803222656250E-0002 -3.03955078125000E-0002 
 8.35000000000000E+0001 -1.30310058593750E-0002 -2.32849121093750E-0002 
 8.40000000000000E+0001 -1.28784179687500E-0002 -1.59606933593750E-0002 
 8.45000000000000E+0001 -1.10778808593750E-0002 -1.28479003906250E-0002 
 8.50000000000000E+0001 -7.69042968750000E-0003 -1.33361816406250E-0002 
 8.55000000000000E+0001 -5.85937500000000E-0003 -1.27868652343750E-0002 
 8.60000000000000E+0001 -4.39453125000000E-0003 -9.61303710937500E-0003 
 8.65000000000000E+0001  4.57763671875000E-0004 -6.83593750000000E-0003 
 8.70000000000000E+0001  1.01013183593750E-0002 -5.88989257812500E-0003 
 8.75000000000000E+0001  1.95007324218750E-0002 -5.61523437500000E-0003 
 8.80000000000000E+0001  2.13317871093750E-0002 -9.85717773437500E-0003 
 8.85000000000000E+0001  1.49841308593750E-0002 -2.23693847656250E-0002 
 8.90000000000000E+0001  4.15039062500000E-0003 -3.99780273437500E-0002 
 8.95000000000000E+0001 -7.96508789062500E-0003 -5.60302734375000E-0002 
 9.00000000000000E+0001 -1.73034667968750E-0002 -6.78100585937500E-0002 
 9.05000000000000E+0001 -2.04772949218750E-0002 -7.27233886718750E-0002 
 9.10000000000000E+0001 -1.56860351562500E-0002 -6.84509277343750E-0002 
 9.15000000000000E+0001 -5.43212890625000E-0003 -5.72509765625000E-0002 
 9.20000000000000E+0001  6.77490234375000E-0003 -4.46777343750000E-0002 
 9.25000000000000E+0001  1.56250000000000E-0002 -3.74755859375000E-0002 
 9.30000000000000E+0001  1.58996582031250E-0002 -3.65905761718750E-0002 
 9.35000000000000E+0001  6.62231445312500E-0003 -4.05273437500000E-0002 
 9.40000000000000E+0001 -8.63647460937500E-0003 -4.45861816406250E-0002 
 9.45000000000000E+0001 -2.32543945312500E-0002 -4.82482910156250E-0002 
 9.50000000000000E+0001 -3.34777832031250E-0002 -5.29174804687500E-0002 
 9.55000000000000E+0001 -3.65295410156250E-0002 -5.66101074218750E-0002 
 9.60000000000000E+0001 -2.97546386718750E-0002 -5.61523437500000E-0002 
 9.65000000000000E+0001 -1.83410644531250E-0002 -5.15441894531250E-0002 
 9.70000000000000E+0001 -1.01013183593750E-0002 -4.22973632812500E-0002 
 9.75000000000000E+0001 -5.58471679687500E-0003 -2.70080566406250E-0002 
 9.80000000000000E+0001 -3.14331054687500E-0003 -1.15356445312500E-0002 
 9.85000000000000E+0001 -7.59887695312500E-0003 -2.62451171875000E-0003 
 9.90000000000000E+0001 -2.00500488281250E-0002  1.19018554687500E-0003 
 9.95000000000000E+0001 -2.84729003906250E-0002  2.96020507812500E-0003 
 1.00000000000000E+0002 -2.64587402343750E-0002  1.00708007812500E-0003 
 1.00500000000000E+0002 -2.18200683593750E-0002 -3.90625000000000E-0003 
 1.01000000000000E+0002 -1.90124511718750E-0002 -8.81958007812500E-0003 
 1.01500000000000E+0002 -1.45263671875000E-0002 -1.28479003906250E-0002 
 1.02000000000000E+0002 -9.91821289062500E-0003 -1.51367187500000E-0002 
 1.02500000000000E+0002 -8.17871093750000E-0003 -1.40991210937500E-0002 
 1.03000000000000E+0002 -9.55200195312500E-0003 -1.41601562500000E-0002 
 1.03500000000000E+0002 -1.14135742187500E-0002 -1.71203613281250E-0002 
 1.04000000000000E+0002 -1.24511718750000E-0002 -1.74865722656250E-0002 
 1.04500000000000E+0002 -1.51062011718750E-0002 -1.39465332031250E-0002 
 1.05000000000000E+0002 -2.12402343750000E-0002 -1.15051269531250E-0002 
 1.05500000000000E+0002 -2.82592773437500E-0002 -1.10778808593750E-0002 
 1.06000000000000E+0002 -3.19519042968750E-0002 -8.20922851562500E-0003 
 1.06500000000000E+0002 -3.31726074218750E-0002 -4.94384765625000E-0003 
 1.07000000000000E+0002 -3.38439941406250E-0002 -6.89697265625000E-0003 
 1.07500000000000E+0002 -3.18908691406250E-0002 -1.08032226562500E-0002 
 1.08000000000000E+0002 -2.89611816406250E-0002 -1.41296386718750E-0002 
 1.08500000000000E+0002 -2.90222167968750E-0002 -1.62658691406250E-0002 
 1.09000000000000E+0002 -3.14941406250000E-0002 -1.60522460937500E-0002 
 1.09500000000000E+0002 -3.31115722656250E-0002 -1.34887695312500E-0002 
 1.10000000000000E+0002 -3.64685058593750E-0002 -8.30078125000000E-0003 
 1.10500000000000E+0002 -4.32128906250000E-0002 -1.46484375000000E-0003 
 1.11000000000000E+0002 -4.95910644531250E-0002  3.78417968750000E-0003 
 1.11500000000000E+0002 -5.34667968750000E-0002  6.22558593750000E-0003 
 1.12000000000000E+0002 -5.63354492187500E-0002  5.18798828125000E-0003 
 1.12500000000000E+0002 -5.75256347656250E-0002  1.19018554687500E-0003 
 1.13000000000000E+0002 -5.36499023437500E-0002 -4.02832031250000E-0003 
 1.13500000000000E+0002 -4.59899902343750E-0002 -1.15051269531250E-0002 
 1.14000000000000E+0002 -4.13818359375000E-0002 -2.05383300781250E-0002 
 1.14500000000000E+0002 -4.38537597656250E-0002 -2.60009765625000E-0002 
 1.15000000000000E+0002 -4.70275878906250E-0002 -2.15759277343750E-0002 
 1.15500000000000E+0002 -4.72412109375000E-0002 -1.28479003906250E-0002 
 1.16000000000000E+0002 -5.09643554687500E-0002 -7.14111328125000E-0003 
 1.16500000000000E+0002 -5.80749511718750E-0002 -6.56127929687500E-0003 
 1.17000000000000E+0002 -6.20422363281250E-0002 -8.66699218750000E-0003 
 1.17500000000000E+0002 -5.95092773437500E-0002 -1.48925781250000E-0002 
 1.18000000000000E+0002 -5.63049316406250E-0002 -2.49023437500000E-0002 
 1.18500000000000E+0002 -5.39855957031250E-0002 -3.31420898437500E-0002 
 1.19000000000000E+0002 -4.80957031250000E-0002 -3.36303710937500E-0002 
 1.19500000000000E+0002 -3.91845703125000E-0002 -2.52075195312500E-0002 
 1.20000000000000E+0002 -3.16772460937500E-0002 -1.26342773437500E-0002 
 1.20500000000000E+0002 -2.54211425781250E-0002 -2.53295898437500E-0003 
 1.21000000000000E+0002 -2.20947265625000E-0002 -1.22070312500000E-0003 
 1.21500000000000E+0002 -2.31323242187500E-0002 -7.38525390625000E-0003 
 1.22000000000000E+0002 -2.68554687500000E-0002 -1.24511718750000E-0002 
 1.22500000000000E+0002 -2.70690917968750E-0002 -1.55334472656250E-0002 
 1.23000000000000E+0002 -2.11486816406250E-0002 -1.92871093750000E-0002 
 1.23500000000000E+0002 -1.45263671875000E-0002 -2.35900878906250E-0002 
 1.24000000000000E+0002 -9.55200195312500E-0003 -2.35900878906250E-0002 
 1.24500000000000E+0002 -7.38525390625000E-0003 -1.91345214843750E-0002 
 1.25000000000000E+0002 -1.05285644531250E-0002 -1.41601562500000E-0002 
 1.25500000000000E+0002 -1.77917480468750E-0002 -9.67407226562500E-0003 
 1.26000000000000E+0002 -2.38037109375000E-0002 -5.15747070312500E-0003 
 1.26500000000000E+0002 -2.63061523437500E-0002 -2.86865234375000E-0003 
 1.27000000000000E+0002 -2.65808105468750E-0002 -4.18090820312500E-0003 
 1.27500000000000E+0002 -2.52990722656250E-0002 -6.59179687500000E-0003 
 1.28000000000000E+0002 -2.04467773437500E-0002 -8.94165039062500E-0003 
 1.28500000000000E+0002 -1.89208984375000E-0002 -1.26037597656250E-0002 
 1.29000000000000E+0002 -2.36511230468750E-0002 -1.29394531250000E-0002 
 1.29500000000000E+0002 -2.89306640625000E-0002 -8.91113281250000E-0003 
 1.30000000000000E+0002 -3.27148437500000E-0002 -4.97436523437500E-0003 
 1.30500000000000E+0002 -3.76586914062500E-0002 -2.44140625000000E-0003 
 1.31000000000000E+0002 -4.44030761718750E-0002 -2.92968750000000E-0003 
 1.31500000000000E+0002 -4.47998046875000E-0002 -4.69970703125000E-0003 
 1.32000000000000E+0002 -3.89099121093750E-0002 -1.23901367187500E-0002 
 1.32500000000000E+0002 -3.60717773437500E-0002 -2.32849121093750E-0002 
 1.33000000000000E+0002 -3.47595214843750E-0002 -3.16467285156250E-0002 
 1.33500000000000E+0002 -3.29284667968750E-0002 -3.83911132812500E-0002 
 1.34000000000000E+0002 -3.18603515625000E-0002 -4.39453125000000E-0002 
 1.34500000000000E+0002 -3.42407226562500E-0002 -4.78820800781250E-0002 
 1.35000000000000E+0002 -3.89404296875000E-0002 -4.89807128906250E-0002 
 1.35500000000000E+0002 -4.21752929687500E-0002 -4.74853515625000E-0002 
 1.36000000000000E+0002 -4.05578613281250E-0002 -4.40368652343750E-0002 
 1.36500000000000E+0002 -3.39660644531250E-0002 -4.11071777343750E-0002 
 1.37000000000000E+0002 -2.78625488281250E-0002 -4.09545898437500E-0002 
 1.37500000000000E+0002 -2.87170410156250E-0002 -4.07714843750000E-0002 
 1.38000000000000E+0002 -3.37829589843750E-0002 -3.90930175781250E-0002 
 1.38500000000000E+0002 -3.69873046875000E-0002 -3.63769531250000E-0002 
 1.39000000000000E+0002 -3.92150878906250E-0002 -3.52172851562500E-0002 
 1.39500000000000E+0002 -3.83300781250000E-0002 -3.23181152343750E-0002 
 1.40000000000000E+0002 -2.91748046875000E-0002 -2.56652832031250E-0002 
 1.40500000000000E+0002 -1.31835937500000E-0002 -1.84631347656250E-0002 
 1.41000000000000E+0002  6.40869140625000E-0004 -1.28173828125000E-0002 
 1.41500000000000E+0002  6.83593750000000E-0003 -9.67407226562500E-0003 
 1.42000000000000E+0002  6.19506835937500E-0003 -7.56835937500000E-0003 
 1.42500000000000E+0002  2.19726562500000E-0003 -4.82177734375000E-0003 
 1.43000000000000E+0002 -2.19726562500000E-0003 -4.27246093750000E-0004 
 1.43500000000000E+0002 -6.01196289062500E-0003  2.01416015625000E-0003 
 1.44000000000000E+0002 -1.00097656250000E-0002  1.37329101562500E-0003 
 1.44500000000000E+0002 -1.19934082031250E-0002  1.31225585937500E-0003 
 1.45000000000000E+0002 -1.07727050781250E-0002 -2.19726562500000E-0003 
 1.45500000000000E+0002 -1.42517089843750E-0002 -1.39160156250000E-0002 
 1.46000000000000E+0002 -2.59399414062500E-0002 -2.49633789062500E-0002 
 1.46500000000000E+0002 -3.82690429687500E-0002 -2.79235839843750E-0002 
 1.47000000000000E+0002 -4.79125976562500E-0002 -2.81066894531250E-0002 
 1.47500000000000E+0002 -5.53894042968750E-0002 -3.01208496093750E-0002 
 1.48000000000000E+0002 -6.14318847656250E-0002 -3.14331054687500E-0002 
 1.48500000000000E+0002 -6.27136230468750E-0002 -3.14941406250000E-0002 
 1.49000000000000E+0002 -5.95703125000000E-0002 -3.56750488281250E-0002 
 1.49500000000000E+0002 -5.32836914062500E-0002 -4.22363281250000E-0002 
 1.50000000000000E+0002 -4.47387695312500E-0002 -4.97741699218750E-0002 
 1.50500000000000E+0002 -4.07409667968750E-0002 -5.62133789062500E-0002 
 1.51000000000000E+0002 -4.07714843750000E-0002 -5.73425292968750E-0002 
 1.51500000000000E+0002 -3.78723144531250E-0002 -5.31005859375000E-0002 
 1.52000000000000E+0002 -3.36303710937500E-0002 -4.94689941406250E-0002 
 1.52500000000000E+0002 -3.08227539062500E-0002 -4.98962402343750E-0002 
 1.53000000000000E+0002 -3.02429199218750E-0002 -4.82482910156250E-0002 
 1.53500000000000E+0002 -2.70690917968750E-0002 -4.37011718750000E-0002 
 1.54000000000000E+0002 -2.15148925781250E-0002 -4.06494140625000E-0002 
 1.54500000000000E+0002 -1.82189941406250E-0002 -3.97033691406250E-0002 
 1.55000000000000E+0002 -1.72729492187500E-0002 -3.75671386718750E-0002 
 1.55500000000000E+0002 -1.54724121093750E-0002 -2.95715332031250E-0002 
 1.56000000000000E+0002 -7.62939453125000E-0003 -2.00195312500000E-0002 
 1.56500000000000E+0002  1.52587890625000E-0003 -1.79138183593750E-0002 
 1.57000000000000E+0002  4.57763671875000E-0003 -2.27050781250000E-0002 
 1.57500000000000E+0002  8.85009765625000E-0004 -2.90832519531250E-0002 
 1.58000000000000E+0002 -8.97216796875000E-0003 -3.55529785156250E-0002 
 1.58500000000000E+0002 -2.49328613281250E-0002 -4.16259765625000E-0002 
 1.59000000000000E+0002 -4.35180664062500E-0002 -4.57458496093750E-0002 
 1.59500000000000E+0002 -5.98449707031250E-0002 -4.44946289062500E-0002 
 1.60000000000000E+0002 -6.79931640625000E-0002 -3.77807617187500E-0002 
 1.60500000000000E+0002 -6.61315917968750E-0002 -3.12500000000000E-0002 
 1.61000000000000E+0002 -5.61218261718750E-0002 -2.38952636718750E-0002 
 1.61500000000000E+0002 -4.32739257812500E-0002 -1.71203613281250E-0002 
 1.62000000000000E+0002 -3.32641601562500E-0002 -1.06506347656250E-0002 
 1.62500000000000E+0002 -2.37731933593750E-0002 -6.16455078125000E-0003 
 1.63000000000000E+0002 -1.71203613281250E-0002 -9.06372070312500E-0003 
 1.63500000000000E+0002 -1.35803222656250E-0002 -1.68762207031250E-0002 
 1.64000000000000E+0002 -1.13830566406250E-0002 -2.71606445312500E-0002 
 1.64500000000000E+0002 -9.85717773437500E-0003 -3.96423339843750E-0002 
 1.65000000000000E+0002 -1.26647949218750E-0002 -5.05981445312500E-0002 
 1.65500000000000E+0002 -1.76086425781250E-0002 -5.70373535156250E-0002 
 1.66000000000000E+0002 -2.26440429687500E-0002 -6.04858398437500E-0002 
 1.66500000000000E+0002 -3.08837890625000E-0002 -6.39343261718750E-0002 
 1.67000000000000E+0002 -4.21447753906250E-0002 -6.49719238281250E-0002 
 1.67500000000000E+0002 -4.93469238281250E-0002 -5.84106445312500E-0002 
 1.68000000000000E+0002 -4.54711914062500E-0002 -4.62646484375000E-0002 
 1.68500000000000E+0002 -3.68347167968750E-0002 -3.17382812500000E-0002 
 1.69000000000000E+0002 -2.88696289062500E-0002 -1.47094726562500E-0002 
 1.69500000000000E+0002 -1.85241699218750E-0002  2.07519531250000E-0003 
 1.70000000000000E+0002 -6.19506835937500E-0003  1.25732421875000E-0002 
 1.70500000000000E+0002  3.75366210937500E-0003  1.19628906250000E-0002 
 1.71000000000000E+0002  7.78198242187500E-0003  5.88989257812500E-0003 
 1.71500000000000E+0002  7.32421875000000E-0003  5.09643554687500E-0003 
 1.72000000000000E+0002  9.12475585937500E-0003  1.12915039062500E-0002 
 1.72500000000000E+0002  1.53198242187500E-0002  1.70288085937500E-0002 
 1.73000000000000E+0002  2.28576660156250E-0002  1.85546875000000E-0002 
 1.73500000000000E+0002  2.65197753906250E-0002  1.75781250000000E-0002 
 1.74000000000000E+0002  2.71606445312500E-0002  1.30615234375000E-0002 
 1.74500000000000E+0002  2.75878906250000E-0002  2.01416015625000E-0003 
 1.75000000000000E+0002  2.69470214843750E-0002 -1.24511718750000E-0002 
 1.75500000000000E+0002  2.39868164062500E-0002 -2.21252441406250E-0002 
 1.76000000000000E+0002  2.22778320312500E-0002 -2.55737304687500E-0002 
 1.76500000000000E+0002  2.44445800781250E-0002 -2.73437500000000E-0002 
 1.77000000000000E+0002  2.91442871093750E-0002 -3.04260253906250E-0002 
 1.77500000000000E+0002  2.87780761718750E-0002 -3.51257324218750E-0002 
 1.78000000000000E+0002  2.03857421875000E-0002 -3.70178222656250E-0002 
 1.78500000000000E+0002  8.78906250000000E-0003 -3.69873046875000E-0002 
 1.79000000000000E+0002 -2.96020507812500E-0003 -3.93371582031250E-0002 
 1.79500000000000E+0002 -1.56250000000000E-0002 -4.08020019531250E-0002 
 1.80000000000000E+0002 -2.75878906250000E-0002 -4.04663085937500E-0002 
 1.80500000000000E+0002 -3.08227539062500E-0002 -4.02526855468750E-0002 
 1.81000000000000E+0002 -2.49633789062500E-0002 -4.38232421875000E-0002 
 1.81500000000000E+0002 -2.11486816406250E-0002 -4.78515625000000E-0002 
 1.82000000000000E+0002 -2.29797363281250E-0002 -4.54711914062500E-0002 
 1.82500000000000E+0002 -2.51464843750000E-0002 -3.72009277343750E-0002 
 1.83000000000000E+0002 -2.62756347656250E-0002 -2.97546386718750E-0002 
 1.83500000000000E+0002 -3.14025878906250E-0002 -2.61230468750000E-0002 
 1.84000000000000E+0002 -3.96728515625000E-0002 -2.26440429687500E-0002 
 1.84500000000000E+0002 -4.11987304687500E-0002 -2.10266113281250E-0002 
 1.85000000000000E+0002 -3.25012207031250E-0002 -2.91442871093750E-0002 
 1.85500000000000E+0002 -2.09045410156250E-0002 -4.43725585937500E-0002 
 1.86000000000000E+0002 -1.21765136718750E-0002 -5.57556152343750E-0002 
 1.86500000000000E+0002 -4.85229492187500E-0003 -5.88989257812500E-0002 
 1.87000000000000E+0002  1.37329101562500E-0003 -6.23779296875000E-0002 
 1.87500000000000E+0002  3.11279296875000E-0003 -6.45141601562500E-0002 
 1.88000000000000E+0002  1.86157226562500E-0003 -5.93566894531250E-0002 
 1.88500000000000E+0002  4.11987304687500E-0003 -5.05065917968750E-0002 
 1.89000000000000E+0002  1.14135742187500E-0002 -4.50439453125000E-0002 
 1.89500000000000E+0002  1.87377929687500E-0002 -4.35180664062500E-0002 
 1.90000000000000E+0002  2.04467773437500E-0002 -4.33349609375000E-0002 
 1.90500000000000E+0002  1.57775878906250E-0002 -4.51660156250000E-0002 
 1.91000000000000E+0002  4.97436523437500E-0003 -4.95605468750000E-0002 
 1.91500000000000E+0002 -1.23596191406250E-0002 -5.31921386718750E-0002 
 1.92000000000000E+0002 -2.95104980468750E-0002 -5.08117675781250E-0002 
 1.92500000000000E+0002 -3.90930175781250E-0002 -3.99780273437500E-0002 
 1.93000000000000E+0002 -4.02832031250000E-0002 -2.44445800781250E-0002 
 1.93500000000000E+0002 -3.87573242187500E-0002 -9.82666015625000E-0003 
 1.94000000000000E+0002 -3.72314453125000E-0002  2.68554687500000E-0003 
 1.94500000000000E+0002 -3.68347167968750E-0002  1.19628906250000E-0002 
 1.95000000000000E+0002 -3.90625000000000E-0002  1.24511718750000E-0002 
 1.95500000000000E+0002 -4.17785644531250E-0002  1.89208984375000E-0003 
 1.96000000000000E+0002 -4.34265136718750E-0002 -1.16882324218750E-0002 
 1.96500000000000E+0002 -4.20532226562500E-0002 -2.40783691406250E-0002 
 1.97000000000000E+0002 -3.88183593750000E-0002 -3.54614257812500E-0002 
 1.97500000000000E+0002 -3.62243652343750E-0002 -4.50439453125000E-0002 
 1.98000000000000E+0002 -3.33251953125000E-0002 -4.86145019531250E-0002 
 1.98500000000000E+0002 -3.00292968750000E-0002 -4.73937988281250E-0002 
 1.99000000000000E+0002 -2.44140625000000E-0002 -4.24194335937500E-0002 
 1.99500000000000E+0002 -1.35192871093750E-0002 -3.77807617187500E-0002 
 2.00000000000000E+0002 -1.00708007812500E-0003 -3.41186523437500E-0002 
 2.00500000000000E+0002  1.20544433593750E-0002 -2.99072265625000E-0002 
 2.01000000000000E+0002  2.43835449218750E-0002 -2.60314941406250E-0002 
 2.01500000000000E+0002  3.43322753906250E-0002 -2.49633789062500E-0002 
 2.02000000000000E+0002  3.83300781250000E-0002 -2.59399414062500E-0002 
 2.02500000000000E+0002  3.63464355468750E-0002 -2.50549316406250E-0002 
 2.03000000000000E+0002  3.14331054687500E-0002 -2.17590332031250E-0002 
 2.03500000000000E+0002  2.40173339843750E-0002 -2.34680175781250E-0002 
 2.04000000000000E+0002  9.79614257812500E-0003 -2.92358398437500E-0002 
 2.04500000000000E+0002 -6.98852539062500E-0003 -3.02124023437500E-0002 
 2.05000000000000E+0002 -1.76086425781250E-0002 -2.74963378906250E-0002 
 2.05500000000000E+0002 -2.21557617187500E-0002 -2.78625488281250E-0002 
 2.06000000000000E+0002 -2.45056152343750E-0002 -2.70996093750000E-0002 
 2.06500000000000E+0002 -2.26135253906250E-0002 -1.94702148437500E-0002 
 2.07000000000000E+0002 -1.38549804687500E-0002 -1.24511718750000E-0002 
 2.07500000000000E+0002 -7.69042968750000E-0003 -1.39160156250000E-0002 
 2.08000000000000E+0002 -1.13220214843750E-0002 -1.47094726562500E-0002 
 2.08500000000000E+0002 -2.00500488281250E-0002 -8.60595703125000E-0003 
 2.09000000000000E+0002 -2.62451171875000E-0002 -1.46484375000000E-0003 
 2.09500000000000E+0002 -2.54516601562500E-0002  1.49536132812500E-0003 
 2.10000000000000E+0002 -1.87377929687500E-0002  7.93457031250000E-0004 
 2.10500000000000E+0002 -8.94165039062500E-0003 -2.16674804687500E-0003 
 2.11000000000000E+0002  9.15527343750000E-0005 -1.05285644531250E-0002 
 2.11500000000000E+0002  4.48608398437500E-0003 -2.18200683593750E-0002 
 2.12000000000000E+0002  1.09863281250000E-0003 -2.99987792968750E-0002 
 2.12500000000000E+0002 -7.93457031250000E-0003 -3.14636230468750E-0002 
 2.13000000000000E+0002 -1.66320800781250E-0002 -2.71301269531250E-0002 
 2.13500000000000E+0002 -2.23083496093750E-0002 -1.94396972656250E-0002 
 2.14000000000000E+0002 -2.15148925781250E-0002 -1.11083984375000E-0002 
 2.14500000000000E+0002 -1.29699707031250E-0002 -8.88061523437500E-0003 
 2.15000000000000E+0002 -1.40380859375000E-0003 -1.80664062500000E-0002 
 2.15500000000000E+0002  2.71606445312500E-0003 -3.11889648437500E-0002 
 2.16000000000000E+0002 -1.49536132812500E-0003 -3.86047363281250E-0002 
 2.16500000000000E+0002 -4.69970703125000E-0003 -4.36096191406250E-0002 
 2.17000000000000E+0002 -7.26318359375000E-0003 -5.26733398437500E-0002 
 2.17500000000000E+0002 -1.43737792968750E-0002 -5.61523437500000E-0002 
 2.18000000000000E+0002 -2.18505859375000E-0002 -4.74853515625000E-0002 
 2.18500000000000E+0002 -2.05688476562500E-0002 -3.51867675781250E-0002 
 2.19000000000000E+0002 -1.43432617187500E-0002 -3.03344726562500E-0002 
 2.19500000000000E+0002 -1.12304687500000E-0002 -2.69165039062500E-0002 
 2.20000000000000E+0002 -9.30786132812500E-0003 -2.08129882812500E-0002 
 2.20500000000000E+0002 -4.05883789062500E-0003 -1.87377929687500E-0002 
 2.21000000000000E+0002  1.09863281250000E-0003 -2.39257812500000E-0002 
 2.21500000000000E+0002  2.44140625000000E-0004 -2.78930664062500E-0002 
 2.22000000000000E+0002 -1.37329101562500E-0003 -2.55126953125000E-0002 
 2.22500000000000E+0002 -1.52587890625000E-0004 -2.27050781250000E-0002 
 2.23000000000000E+0002 -5.79833984375000E-0004 -1.97753906250000E-0002 
 2.23500000000000E+0002 -1.58691406250000E-0003 -1.52587890625000E-0002 
 2.24000000000000E+0002  1.86157226562500E-0003 -1.28784179687500E-0002 
 2.24500000000000E+0002  8.78906250000000E-0003 -1.91345214843750E-0002 
 2.25000000000000E+0002  1.23901367187500E-0002 -3.47900390625000E-0002 
 2.25500000000000E+0002  1.19628906250000E-0002 -4.75158691406250E-0002 
 2.26000000000000E+0002  1.19934082031250E-0002 -5.13916015625000E-0002 
 2.26500000000000E+0002  1.23291015625000E-0002 -5.04455566406250E-0002 
 2.27000000000000E+0002  9.15527343750000E-0003 -4.74243164062500E-0002 
 2.27500000000000E+0002  2.07519531250000E-0003 -4.10156250000000E-0002 
 2.28000000000000E+0002 -4.76074218750000E-0003 -3.12194824218750E-0002 
 2.28500000000000E+0002 -9.79614257812500E-0003 -2.40173339843750E-0002 
 2.29000000000000E+0002 -1.39770507812500E-0002 -2.49328613281250E-0002 
 2.29500000000000E+0002 -1.52282714843750E-0002 -3.17687988281250E-0002 
 2.30000000000000E+0002 -1.46484375000000E-0002 -4.35485839843750E-0002 
 2.30500000000000E+0002 -1.80053710937500E-0002 -5.58776855468750E-0002 
 2.31000000000000E+0002 -2.47802734375000E-0002 -6.06384277343750E-0002 
 2.31500000000000E+0002 -2.95104980468750E-0002 -5.80444335937500E-0002 
 2.32000000000000E+0002 -3.08227539062500E-0002 -5.41076660156250E-0002 
 2.32500000000000E+0002 -3.08227539062500E-0002 -4.69665527343750E-0002 
 2.33000000000000E+0002 -2.75878906250000E-0002 -3.39660644531250E-0002 
 2.33500000000000E+0002 -1.79748535156250E-0002 -1.88903808593750E-0002 
 2.34000000000000E+0002 -7.50732421875000E-0003 -9.03320312500000E-0003 
 2.34500000000000E+0002 -2.65502929687500E-0003 -2.53295898437500E-0003 
 2.35000000000000E+0002 -2.56347656250000E-0003  2.16674804687500E-0003 
 2.35500000000000E+0002 -8.11767578125000E-0003  1.46484375000000E-0003 
 2.36000000000000E+0002 -2.13928222656250E-0002 -1.92260742187500E-0003 
 2.36500000000000E+0002 -3.48205566406250E-0002 -4.24194335937500E-0003 
 2.37000000000000E+0002 -4.30908203125000E-0002 -9.46044921875000E-0003 
 2.37500000000000E+0002 -4.61425781250000E-0002 -1.73645019531250E-0002 
 2.38000000000000E+0002 -4.62341308593750E-0002 -2.55432128906250E-0002 
 2.38500000000000E+0002 -4.35180664062500E-0002 -3.03649902343750E-0002 
 2.39000000000000E+0002 -3.46984863281250E-0002 -3.48815917968750E-0002 
 2.39500000000000E+0002 -2.40783691406250E-0002 -4.08630371093750E-0002 
 2.40000000000000E+0002 -1.94702148437500E-0002 -4.28466796875000E-0002 
 2.40500000000000E+0002 -1.88903808593750E-0002 -3.73229980468750E-0002 
 2.41000000000000E+0002 -1.94091796875000E-0002 -3.11279296875000E-0002 
 2.41500000000000E+0002 -2.05383300781250E-0002 -2.88085937500000E-0002 
 2.42000000000000E+0002 -2.31628417968750E-0002 -2.87780761718750E-0002 
 2.42500000000000E+0002 -2.71911621093750E-0002 -2.67333984375000E-0002 
 2.43000000000000E+0002 -3.01513671875000E-0002 -2.59094238281250E-0002 
 2.43500000000000E+0002 -3.24707031250000E-0002 -2.95104980468750E-0002 
 2.44000000000000E+0002 -3.34777832031250E-0002 -3.22875976562500E-0002 
 2.44500000000000E+0002 -3.29895019531250E-0002 -2.81677246093750E-0002 
 2.45000000000000E+0002 -3.36303710937500E-0002 -1.68762207031250E-0002 
 2.45500000000000E+0002 -3.42102050781250E-0002 -4.24194335937500E-0003 
 2.46000000000000E+0002 -3.10668945312500E-0002  4.82177734375000E-0003 
 2.46500000000000E+0002 -2.42919921875000E-0002  8.57543945312500E-0003 
 2.47000000000000E+0002 -1.66931152343750E-0002  9.88769531250000E-0003 
 2.47500000000000E+0002 -9.82666015625000E-0003  8.54492187500000E-0003 
 2.48000000000000E+0002 -7.29370117187500E-0003  9.76562500000000E-0004 
 2.48500000000000E+0002 -9.18579101562500E-0003 -8.97216796875000E-0003 
 2.49000000000000E+0002 -1.28479003906250E-0002 -1.75781250000000E-0002 
 2.49500000000000E+0002 -2.02941894531250E-0002 -2.12707519531250E-0002 
 2.50000000000000E+0002 -2.98767089843750E-0002 -1.81884765625000E-0002 
 2.50500000000000E+0002 -3.83911132812500E-0002 -1.43737792968750E-0002 
 2.51000000000000E+0002 -4.15344238281250E-0002 -1.51367187500000E-0002 
 2.51500000000000E+0002 -4.46472167968750E-0002 -2.05078125000000E-0002 
 2.52000000000000E+0002 -5.02929687500000E-0002 -2.49633789062500E-0002 
 2.52500000000000E+0002 -5.63049316406250E-0002 -2.95715332031250E-0002 
 2.53000000000000E+0002 -6.19201660156250E-0002 -3.54003906250000E-0002 
 2.53500000000000E+0002 -6.65283203125000E-0002 -3.91845703125000E-0002 
 2.54000000000000E+0002 -6.83593750000000E-0002 -3.82385253906250E-0002 
 2.54500000000000E+0002 -6.42089843750000E-0002 -3.52172851562500E-0002 
 2.55000000000000E+0002 -5.74951171875000E-0002 -3.53393554687500E-0002 
 2.55500000000000E+0002 -5.23986816406250E-0002 -3.56140136718750E-0002 
 2.56000000000000E+0002 -5.06896972656250E-0002 -3.52478027343750E-0002 
 2.56500000000000E+0002 -5.27038574218750E-0002 -3.09143066406250E-0002 
 2.57000000000000E+0002 -5.56640625000000E-0002 -2.47192382812500E-0002 
 2.57500000000000E+0002 -5.99975585937500E-0002 -1.76696777343750E-0002 
 2.58000000000000E+0002 -6.33850097656250E-0002 -8.48388671875000E-0003 
 2.58500000000000E+0002 -6.33544921875000E-0002 -8.23974609375000E-0004 
 2.59000000000000E+0002 -5.90209960937500E-0002  4.33349609375000E-0003 
 2.59500000000000E+0002 -5.02929687500000E-0002  5.61523437500000E-0003 
 2.60000000000000E+0002 -4.06188964843750E-0002  3.57055664062500E-0003 
 2.60500000000000E+0002 -3.48815917968750E-0002 -1.49536132812500E-0003 
 2.61000000000000E+0002 -3.36303710937500E-0002 -7.20214843750000E-0003 
 2.61500000000000E+0002 -3.39050292968750E-0002 -9.97924804687500E-0003 
 2.62000000000000E+0002 -3.70178222656250E-0002 -1.04064941406250E-0002 
 2.62500000000000E+0002 -4.11376953125000E-0002 -8.85009765625000E-0003 
 2.63000000000000E+0002 -4.01611328125000E-0002 -5.40161132812500E-0003 
 2.63500000000000E+0002 -2.99682617187500E-0002 -3.05175781250000E-0005 
 2.64000000000000E+0002 -1.46789550781250E-0002  8.85009765625000E-0004 
 2.64500000000000E+0002 -1.03759765625000E-0003 -5.98144531250000E-0003 
 2.65000000000000E+0002  5.09643554687500E-0003 -1.70593261718750E-0002 
 2.65500000000000E+0002  4.15039062500000E-0003 -2.73742675781250E-0002 
 2.66000000000000E+0002 -6.71386718750000E-0004 -3.42407226562500E-0002 
 2.66500000000000E+0002 -8.63647460937500E-0003 -3.83300781250000E-0002 
 2.67000000000000E+0002 -2.06298828125000E-0002 -3.89404296875000E-0002 
 2.67500000000000E+0002 -3.24096679687500E-0002 -3.41491699218750E-0002 
 2.68000000000000E+0002 -3.48815917968750E-0002 -2.84423828125000E-0002 
 2.68500000000000E+0002 -2.91442871093750E-0002 -2.56652832031250E-0002 
 2.69000000000000E+0002 -2.03247070312500E-0002 -2.63061523437500E-0002 
 2.69500000000000E+0002 -1.41906738281250E-0002 -2.87475585937500E-0002 
 2.70000000000000E+0002 -1.09252929687500E-0002 -2.80151367187500E-0002 
 2.70500000000000E+0002 -8.78906250000000E-0003 -2.36816406250000E-0002 
 2.71000000000000E+0002 -8.75854492187500E-0003 -1.97448730468750E-0002 
 2.71500000000000E+0002 -1.10473632812500E-0002 -1.81884765625000E-0002 
 2.72000000000000E+0002 -1.51367187500000E-0002 -1.71203613281250E-0002 
 2.72500000000000E+0002 -1.68762207031250E-0002 -1.50756835937500E-0002 
 2.73000000000000E+0002 -1.40075683593750E-0002 -1.74560546875000E-0002 
 2.73500000000000E+0002 -1.07727050781250E-0002 -2.70080566406250E-0002 
 2.74000000000000E+0002 -9.12475585937500E-0003 -3.73840332031250E-0002 
 2.74500000000000E+0002 -1.30920410156250E-0002 -4.39453125000000E-0002 
 2.75000000000000E+0002 -2.46582031250000E-0002 -4.35791015625000E-0002 
 2.75500000000000E+0002 -3.61633300781250E-0002 -3.87878417968750E-0002 
 2.76000000000000E+0002 -4.14123535156250E-0002 -3.32031250000000E-0002 
 2.76500000000000E+0002 -4.09851074218750E-0002 -2.89306640625000E-0002 
 2.77000000000000E+0002 -3.93371582031250E-0002 -2.76184082031250E-0002 
 2.77500000000000E+0002 -3.85131835937500E-0002 -3.07922363281250E-0002 
 2.78000000000000E+0002 -3.36303710937500E-0002 -3.80859375000000E-0002 
 2.78500000000000E+0002 -2.56347656250000E-0002 -4.84924316406250E-0002 
 2.79000000000000E+0002 -2.03857421875000E-0002 -6.04248046875000E-0002 
 2.79500000000000E+0002 -1.91040039062500E-0002 -6.88171386718750E-0002 
 2.80000000000000E+0002 -1.76086425781250E-0002 -6.81152343750000E-0002 
 2.80500000000000E+0002 -1.22985839843750E-0002 -6.20117187500000E-0002 
 2.81000000000000E+0002 -9.09423828125000E-0003 -5.66711425781250E-0002 
 2.81500000000000E+0002 -1.20849609375000E-0002 -5.17578125000000E-0002 
 2.82000000000000E+0002 -1.74560546875000E-0002 -4.57458496093750E-0002 
 2.82500000000000E+0002 -2.27050781250000E-0002 -4.20227050781250E-0002 
 2.83000000000000E+0002 -2.66418457031250E-0002 -3.92150878906250E-0002 
 2.83500000000000E+0002 -2.52075195312500E-0002 -3.31115722656250E-0002 
 2.84000000000000E+0002 -1.65100097656250E-0002 -2.58178710937500E-0002 
 2.84500000000000E+0002 -6.56127929687500E-0003 -2.15454101562500E-0002 
 2.85000000000000E+0002  1.12915039062500E-0003 -1.61437988281250E-0002 
 2.85500000000000E+0002  7.65991210937500E-0003 -1.06811523437500E-0002 
 2.86000000000000E+0002  1.07727050781250E-0002 -7.78198242187500E-0003 
 2.86500000000000E+0002  8.08715820312500E-0003 -7.56835937500000E-0003 
 2.87000000000000E+0002 -5.49316406250000E-0004 -7.56835937500000E-0003 
 2.87500000000000E+0002 -1.22375488281250E-0002 -5.31005859375000E-0003 
 2.88000000000000E+0002 -2.17285156250000E-0002 -2.04467773437500E-0003 
 2.88500000000000E+0002 -2.66113281250000E-0002 -3.05175781250000E-0005 
 2.89000000000000E+0002 -2.81066894531250E-0002 -1.61743164062500E-0003 
 2.89500000000000E+0002 -2.75878906250000E-0002 -7.08007812500000E-0003 
 2.90000000000000E+0002 -2.41088867187500E-0002 -1.50756835937500E-0002 
 2.90500000000000E+0002 -2.00500488281250E-0002 -2.66113281250000E-0002 
 2.91000000000000E+0002 -1.98974609375000E-0002 -3.72009277343750E-0002 
 2.91500000000000E+0002 -2.17590332031250E-0002 -4.60510253906250E-0002 
 2.92000000000000E+0002 -2.24609375000000E-0002 -5.60607910156250E-0002 
 2.92500000000000E+0002 -2.43835449218750E-0002 -6.42089843750000E-0002 
 2.93000000000000E+0002 -2.74047851562500E-0002 -6.43310546875000E-0002 
 2.93500000000000E+0002 -3.06091308593750E-0002 -5.79833984375000E-0002 
 2.94000000000000E+0002 -3.20434570312500E-0002 -4.94079589843750E-0002 
 2.94500000000000E+0002 -3.21655273437500E-0002 -3.90625000000000E-0002 
 2.95000000000000E+0002 -3.11889648437500E-0002 -2.47802734375000E-0002 
 2.95500000000000E+0002 -2.84118652343750E-0002 -1.09558105468750E-0002 
 2.96000000000000E+0002 -2.61535644531250E-0002 -4.76074218750000E-0003 
 2.96500000000000E+0002 -2.35290527343750E-0002 -4.88281250000000E-0003 
 2.97000000000000E+0002 -2.17285156250000E-0002 -6.13403320312500E-0003 
 2.97500000000000E+0002 -2.54516601562500E-0002 -5.64575195312500E-0003 
 2.98000000000000E+0002 -3.35388183593750E-0002 -2.44140625000000E-0003 
 2.98500000000000E+0002 -4.02832031250000E-0002  2.41088867187500E-0003 
 2.99000000000000E+0002 -4.27246093750000E-0002  9.42993164062500E-0003 
 2.99500000000000E+0002 -4.21752929687500E-0002  1.87988281250000E-0002 
 3.00000000000000E+0002 -3.86657714843750E-0002  2.58789062500000E-0002 
 3.00500000000000E+0002 -3.57666015625000E-0002  2.38647460937500E-0002 
 3.01000000000000E+0002 -3.76892089843750E-0002  1.80053710937500E-0002 
 3.01500000000000E+0002 -4.07714843750000E-0002  1.42822265625000E-0002 
 3.02000000000000E+0002 -3.81164550781250E-0002  9.00268554687500E-0003 
 3.02500000000000E+0002 -2.83508300781250E-0002 -5.49316406250000E-0004 
 3.03000000000000E+0002 -1.53503417968750E-0002 -8.48388671875000E-0003 
 3.03500000000000E+0002 -4.33349609375000E-0003 -1.08032226562500E-0002 
 3.04000000000000E+0002  4.51660156250000E-0003 -1.11083984375000E-0002 
 3.04500000000000E+0002  1.02539062500000E-0002 -1.62658691406250E-0002 
 3.05000000000000E+0002  1.05285644531250E-0002 -2.31628417968750E-0002 
 3.05500000000000E+0002  5.58471679687500E-0003 -3.11279296875000E-0002 
 3.06000000000000E+0002 -4.63867187500000E-0003 -4.25109863281250E-0002 
 3.06500000000000E+0002 -1.48315429687500E-0002 -5.28259277343750E-0002 
 3.07000000000000E+0002 -2.05688476562500E-0002 -6.03942871093750E-0002 
 3.07500000000000E+0002 -2.69470214843750E-0002 -6.53991699218750E-0002 
 3.08000000000000E+0002 -3.63769531250000E-0002 -6.21337890625000E-0002 
 3.08500000000000E+0002 -4.13208007812500E-0002 -5.04760742187500E-0002 
 3.09000000000000E+0002 -3.89709472656250E-0002 -3.73840332031250E-0002 
 3.09500000000000E+0002 -3.28063964843750E-0002 -3.27453613281250E-0002 
 3.10000000000000E+0002 -2.90222167968750E-0002 -3.55224609375000E-0002 
 3.10500000000000E+0002 -2.68859863281250E-0002 -3.61328125000000E-0002 
 3.11000000000000E+0002 -2.29492187500000E-0002 -3.40576171875000E-0002 
 3.11500000000000E+0002 -2.05993652343750E-0002 -3.58581542968750E-0002 
 3.12000000000000E+0002 -1.98059082031250E-0002 -3.84521484375000E-0002 
 3.12500000000000E+0002 -1.88293457031250E-0002 -3.61022949218750E-0002 
 3.13000000000000E+0002 -1.48010253906250E-0002 -3.10363769531250E-0002 
 3.13500000000000E+0002 -9.39941406250000E-0003 -3.07312011718750E-0002 
 3.14000000000000E+0002 -7.59887695312500E-0003 -3.20129394531250E-0002 
 3.14500000000000E+0002 -9.33837890625000E-0003 -2.86560058593750E-0002 
 3.15000000000000E+0002 -1.25732421875000E-0002 -2.35900878906250E-0002 
 3.15500000000000E+0002 -1.33056640625000E-0002 -2.14843750000000E-0002 
 3.16000000000000E+0002 -1.13830566406250E-0002 -2.44445800781250E-0002 
 3.16500000000000E+0002 -1.05285644531250E-0002 -3.18603515625000E-0002 
 3.17000000000000E+0002 -1.09558105468750E-0002 -4.25415039062500E-0002 
 3.17500000000000E+0002 -9.85717773437500E-0003 -5.36193847656250E-0002 
 3.18000000000000E+0002 -8.45336914062500E-0003 -6.30187988281250E-0002 
 3.18500000000000E+0002 -1.02539062500000E-0002 -6.88171386718750E-0002 
 3.19000000000000E+0002 -1.42517089843750E-0002 -6.66503906250000E-0002 
 3.19500000000000E+0002 -1.51367187500000E-0002 -5.60913085937500E-0002 
 3.20000000000000E+0002 -1.19323730468750E-0002 -4.20532226562500E-0002 
 3.20500000000000E+0002 -8.75854492187500E-0003 -3.17382812500000E-0002 
 3.21000000000000E+0002 -6.16455078125000E-0003 -2.67333984375000E-0002 
 3.21500000000000E+0002 -2.83813476562500E-0003 -2.42919921875000E-0002 
 3.22000000000000E+0002 -1.70898437500000E-0003 -2.57873535156250E-0002 
 3.22500000000000E+0002 -3.81469726562500E-0003 -3.11584472656250E-0002 
 3.23000000000000E+0002 -6.31713867187500E-0003 -4.01611328125000E-0002 
 3.23500000000000E+0002 -5.49316406250000E-0003 -4.66308593750000E-0002 
 3.24000000000000E+0002 -2.31933593750000E-0003 -4.65087890625000E-0002 
 3.24500000000000E+0002  2.59399414062500E-0003 -4.22058105468750E-0002 
 3.25000000000000E+0002  6.46972656250000E-0003 -3.98559570312500E-0002 
 3.25500000000000E+0002  5.58471679687500E-0003 -3.90014648437500E-0002 
 3.26000000000000E+0002 -2.74658203125000E-0003 -3.73535156250000E-0002 
 3.26500000000000E+0002 -1.51062011718750E-0002 -3.26232910156250E-0002 
 3.27000000000000E+0002 -2.64282226562500E-0002 -2.67639160156250E-0002 
 3.27500000000000E+0002 -3.43627929687500E-0002 -2.11181640625000E-0002 
 3.28000000000000E+0002 -3.75671386718750E-0002 -1.49536132812500E-0002 
 3.28500000000000E+0002 -3.53698730468750E-0002 -1.30004882812500E-0002 
 3.29000000000000E+0002 -2.88696289062500E-0002 -1.94091796875000E-0002 
 3.29500000000000E+0002 -2.21252441406250E-0002 -2.90222167968750E-0002 
 3.30000000000000E+0002 -1.79443359375000E-0002 -3.55224609375000E-0002 
 3.30500000000000E+0002 -1.61743164062500E-0002 -3.83911132812500E-0002 
 3.31000000000000E+0002 -1.61132812500000E-0002 -3.98864746093750E-0002 
 3.31500000000000E+0002 -1.73339843750000E-0002 -3.74145507812500E-0002 
 3.32000000000000E+0002 -1.80969238281250E-0002 -2.88696289062500E-0002 
 3.32500000000000E+0002 -1.77612304687500E-0002 -2.04467773437500E-0002 
 3.33000000000000E+0002 -1.81884765625000E-0002 -1.79443359375000E-0002 
 3.33500000000000E+0002 -1.92260742187500E-0002 -2.11791992187500E-0002 
 3.34000000000000E+0002 -2.09655761718750E-0002 -2.42614746093750E-0002 
 3.34500000000000E+0002 -2.54821777343750E-0002 -2.17895507812500E-0002 
 3.35000000000000E+0002 -2.72827148437500E-0002 -1.87683105468750E-0002 
 3.35500000000000E+0002 -2.62756347656250E-0002 -2.24914550781250E-0002 
 3.36000000000000E+0002 -2.52685546875000E-0002 -3.20739746093750E-0002 
 3.36500000000000E+0002 -2.51770019531250E-0002 -3.94592285156250E-0002 
 3.37000000000000E+0002 -2.15759277343750E-0002 -4.15344238281250E-0002 
 3.37500000000000E+0002 -1.50146484375000E-0002 -4.20532226562500E-0002 
 3.38000000000000E+0002 -1.23291015625000E-0002 -4.20227050781250E-0002 
 3.38500000000000E+0002 -1.44653320312500E-0002 -3.51257324218750E-0002 
 3.39000000000000E+0002 -1.64794921875000E-0002 -2.39562988281250E-0002 
 3.39500000000000E+0002 -1.96838378906250E-0002 -1.97143554687500E-0002 
 3.40000000000000E+0002 -2.79541015625000E-0002 -2.36511230468750E-0002 
 3.40500000000000E+0002 -3.62548828125000E-0002 -2.98156738281250E-0002 
 3.41000000000000E+0002 -3.83911132812500E-0002 -3.60107421875000E-0002 
 3.41500000000000E+0002 -3.55529785156250E-0002 -4.52575683593750E-0002 
 3.42000000000000E+0002 -3.35388183593750E-0002 -5.48400878906250E-0002 
 3.42500000000000E+0002 -2.99072265625000E-0002 -5.86853027343750E-0002 
 3.43000000000000E+0002 -2.39257812500000E-0002 -6.05163574218750E-0002 
 3.43500000000000E+0002 -2.01110839843750E-0002 -6.46972656250000E-0002 
 3.44000000000000E+0002 -2.06298828125000E-0002 -6.87255859375000E-0002 
 3.44500000000000E+0002 -2.37426757812500E-0002 -6.57348632812500E-0002 
 3.45000000000000E+0002 -2.81982421875000E-0002 -5.64575195312500E-0002 
 3.45500000000000E+0002 -3.29284667968750E-0002 -4.49829101562500E-0002 
 3.46000000000000E+0002 -3.69873046875000E-0002 -3.19519042968750E-0002 
 3.46500000000000E+0002 -3.99475097656250E-0002 -1.75170898437500E-0002 
 3.47000000000000E+0002 -4.42810058593750E-0002 -2.92968750000000E-0003 
 3.47500000000000E+0002 -4.91027832031250E-0002  9.06372070312500E-0003 
 3.48000000000000E+0002 -5.23986816406250E-0002  1.48620605468750E-0002 
 3.48500000000000E+0002 -5.23071289062500E-0002  1.36413574218750E-0002 
 3.49000000000000E+0002 -5.13000488281250E-0002  8.45336914062500E-0003 
 3.49500000000000E+0002 -5.05371093750000E-0002  2.71606445312500E-0003 
 3.50000000000000E+0002 -4.83703613281250E-0002 -3.66210937500000E-0003 
 3.50500000000000E+0002 -4.77905273437500E-0002 -1.14440917968750E-0002 
 3.51000000000000E+0002 -4.70886230468750E-0002 -1.48620605468750E-0002 
 3.51500000000000E+0002 -4.05578613281250E-0002 -1.47094726562500E-0002 
 3.52000000000000E+0002 -3.07922363281250E-0002 -1.76086425781250E-0002 
 3.52500000000000E+0002 -2.34069824218750E-0002 -2.34680175781250E-0002 
 3.53000000000000E+0002 -1.84326171875000E-0002 -2.87170410156250E-0002 
 3.53500000000000E+0002 -1.19018554687500E-0002 -3.22875976562500E-0002 
 3.54000000000000E+0002 -7.69042968750000E-0003 -3.60717773437500E-0002 
 3.54500000000000E+0002 -1.12609863281250E-0002 -3.86352539062500E-0002 
 3.55000000000000E+0002 -2.10571289062500E-0002 -3.55529785156250E-0002 
 3.55500000000000E+0002 -3.10974121093750E-0002 -2.83508300781250E-0002 
 3.56000000000000E+0002 -3.78112792968750E-0002 -2.05383300781250E-0002 
 3.56500000000000E+0002 -4.25109863281250E-0002 -1.45874023437500E-0002 
 3.57000000000000E+0002 -4.63562011718750E-0002 -1.04064941406250E-0002 
 3.57500000000000E+0002 -4.75463867187500E-0002 -6.28662109375000E-0003 
 3.58000000000000E+0002 -4.44641113281250E-0002 -4.63867187500000E-0003 
 3.58500000000000E+0002 -4.03442382812500E-0002 -7.84301757812500E-0003 
 3.59000000000000E+0002 -4.11376953125000E-0002 -1.23596191406250E-0002 
 3.59500000000000E+0002 -4.78820800781250E-0002 -1.45568847656250E-0002 
 3.60000000000000E+0002 -5.46264648437500E-0002 -1.54113769531250E-0002 
 3.60500000000000E+0002 -5.73730468750000E-0002 -1.82800292968750E-0002 
 3.61000000000000E+0002 -5.70068359375000E-0002 -2.33154296875000E-0002 
 3.61500000000000E+0002 -5.46875000000000E-0002 -2.71301269531250E-0002 
 3.62000000000000E+0002 -4.76379394531250E-0002 -3.08227539062500E-0002 
 3.62500000000000E+0002 -3.35083007812500E-0002 -3.62854003906250E-0002 
 3.63000000000000E+0002 -1.72424316406250E-0002 -4.29382324218750E-0002 
 3.63500000000000E+0002 -5.12695312500000E-0003 -4.28466796875000E-0002 
 3.64000000000000E+0002  3.50952148437500E-0003 -3.32031250000000E-0002 
 3.64500000000000E+0002  1.49536132812500E-0002 -2.32849121093750E-0002 
 3.65000000000000E+0002  2.58483886718750E-0002 -1.90124511718750E-0002 
 3.65500000000000E+0002  3.04260253906250E-0002 -1.88903808593750E-0002 
 3.66000000000000E+0002  2.45361328125000E-0002 -2.05383300781250E-0002 
 3.66500000000000E+0002  1.54724121093750E-0002 -2.82897949218750E-0002 
 3.67000000000000E+0002  9.36889648437500E-0003 -4.25109863281250E-0002 
 3.67500000000000E+0002  9.46044921875000E-0004 -5.33447265625000E-0002 
 3.68000000000000E+0002 -1.11389160156250E-0002 -5.35888671875000E-0002 
 3.68500000000000E+0002 -2.11791992187500E-0002 -4.53491210937500E-0002 
 3.69000000000000E+0002 -2.55432128906250E-0002 -3.76892089843750E-0002 
 3.69500000000000E+0002 -2.85949707031250E-0002 -3.10058593750000E-0002 
 3.70000000000000E+0002 -3.50952148437500E-0002 -2.40478515625000E-0002 
 3.70500000000000E+0002 -4.14428710937500E-0002 -1.93786621093750E-0002 
 3.71000000000000E+0002 -4.22363281250000E-0002 -1.73034667968750E-0002 
 3.71500000000000E+0002 -3.87573242187500E-0002 -1.65710449218750E-0002 
 3.72000000000000E+0002 -3.49121093750000E-0002 -1.70593261718750E-0002 
 3.72500000000000E+0002 -3.27453613281250E-0002 -2.07824707031250E-0002 
 3.73000000000000E+0002 -3.43322753906250E-0002 -2.56347656250000E-0002 
 3.73500000000000E+0002 -3.95812988281250E-0002 -2.95715332031250E-0002 
 3.74000000000000E+0002 -4.93774414062500E-0002 -3.32031250000000E-0002 
 3.74500000000000E+0002 -6.22863769531250E-0002 -3.43933105468750E-0002 
 3.75000000000000E+0002 -7.21435546875000E-0002 -2.94189453125000E-0002 
 3.75500000000000E+0002 -7.57446289062500E-0002 -2.02331542968750E-0002 
 3.76000000000000E+0002 -7.11364746093750E-0002 -1.58996582031250E-0002 
 3.76500000000000E+0002 -6.15844726562500E-0002 -1.76391601562500E-0002 
 3.77000000000000E+0002 -4.82482910156250E-0002 -2.01416015625000E-0002 
 3.77500000000000E+0002 -3.34777832031250E-0002 -2.55432128906250E-0002 
 3.78000000000000E+0002 -2.12097167968750E-0002 -3.64685058593750E-0002 
 3.78500000000000E+0002 -1.48315429687500E-0002 -4.58068847656250E-0002 
 3.79000000000000E+0002 -1.37023925781250E-0002 -4.40368652343750E-0002 
 3.79500000000000E+0002 -1.22680664062500E-0002 -3.49731445312500E-0002 
 3.80000000000000E+0002 -9.52148437500000E-0003 -2.71606445312500E-0002 
 3.80500000000000E+0002 -9.79614257812500E-0003 -2.04467773437500E-0002 
 3.81000000000000E+0002 -1.34887695312500E-0002 -1.13525390625000E-0002 
 3.81500000000000E+0002 -1.67236328125000E-0002 -5.09643554687500E-0003 
 3.82000000000000E+0002 -1.81274414062500E-0002 -6.98852539062500E-0003 
 3.82500000000000E+0002 -2.20031738281250E-0002 -1.62353515625000E-0002 
 3.83000000000000E+0002 -3.20739746093750E-0002 -2.77404785156250E-0002 
 3.83500000000000E+0002 -3.82690429687500E-0002 -3.60107421875000E-0002 
 3.84000000000000E+0002 -3.52172851562500E-0002 -4.41284179687500E-0002 
 3.84500000000000E+0002 -2.96020507812500E-0002 -5.23071289062500E-0002 
 3.85000000000000E+0002 -2.75573730468750E-0002 -5.70373535156250E-0002 
 3.85500000000000E+0002 -2.71606445312500E-0002 -5.54809570312500E-0002 
 3.86000000000000E+0002 -2.66113281250000E-0002 -5.19409179687500E-0002 
 3.86500000000000E+0002 -3.15551757812500E-0002 -5.09948730468750E-0002 
 3.87000000000000E+0002 -4.43420410156250E-0002 -4.97741699218750E-0002 
 3.87500000000000E+0002 -5.74951171875000E-0002 -4.45861816406250E-0002 
 3.88000000000000E+0002 -6.42395019531250E-0002 -4.07104492187500E-0002 
 3.88500000000000E+0002 -6.62231445312500E-0002 -4.08020019531250E-0002 
 3.89000000000000E+0002 -6.64672851562500E-0002 -4.00695800781250E-0002 
 3.89500000000000E+0002 -6.18896484375000E-0002 -3.38745117187500E-0002 
 3.90000000000000E+0002 -5.05065917968750E-0002 -2.60314941406250E-0002 
 3.90500000000000E+0002 -3.60107421875000E-0002 -2.24609375000000E-0002 
 3.91000000000000E+0002 -2.56652832031250E-0002 -2.40783691406250E-0002 
 3.91500000000000E+0002 -1.79443359375000E-0002 -2.61535644531250E-0002 
 3.92000000000000E+0002 -1.09558105468750E-0002 -3.08227539062500E-0002 
 3.92500000000000E+0002 -7.62939453125000E-0003 -4.13208007812500E-0002 
 3.93000000000000E+0002 -1.03759765625000E-0002 -5.45349121093750E-0002 
 3.93500000000000E+0002 -1.59606933593750E-0002 -5.96008300781250E-0002 
 3.94000000000000E+0002 -1.82495117187500E-0002 -5.57250976562500E-0002 
 3.94500000000000E+0002 -1.60522460937500E-0002 -5.01708984375000E-0002 
 3.95000000000000E+0002 -1.37634277343750E-0002 -4.67224121093750E-0002 
 3.95500000000000E+0002 -1.38549804687500E-0002 -4.43725585937500E-0002 
 3.96000000000000E+0002 -1.65405273437500E-0002 -4.20837402343750E-0002 
 3.96500000000000E+0002 -2.28881835937500E-0002 -4.37622070312500E-0002 
 3.97000000000000E+0002 -3.29895019531250E-0002 -4.83398437500000E-0002 
 3.97500000000000E+0002 -4.46472167968750E-0002 -5.00183105468750E-0002 
 3.98000000000000E+0002 -5.18798828125000E-0002 -4.57458496093750E-0002 
 3.98500000000000E+0002 -5.12695312500000E-0002 -3.61938476562500E-0002 
 3.99000000000000E+0002 -4.44946289062500E-0002 -2.59399414062500E-0002 
 3.99500000000000E+0002 -3.45153808593750E-0002 -1.69677734375000E-0002 
