 0.00000000000000E+0000  3.22373046875000E+0001 -2.97457885742188E+0000 
 5.00000000000000E-0001  3.83614807128906E+0001 -3.86120605468750E+0000 
 1.00000000000000E+0000  4.14215087890625E+0001 -4.62298583984375E+0000 
 1.50000000000000E+0000  4.16773376464844E+0001 -5.20117187500000E+0000 
 2.00000000000000E+0000  4.13341674804688E+0001 -5.69287109375000E+0000 
 2.50000000000000E+0000  4.09235534667969E+0001 -6.09127807617188E+0000 
 3.00000000000000E+0000  4.04025573730469E+0001 -6.34259033203125E+0000 
 3.50000000000000E+0000  3.97720336914063E+0001 -6.44036865234375E+0000 
 4.00000000000000E+0000  3.90300903320313E+0001 -6.44433593750000E+0000 
 4.50000000000000E+0000  3.81697082519531E+0001 -6.40155029296875E+0000 
 5.00000000000000E+0000  3.72275695800781E+0001 -6.34289550781250E+0000 
 5.50000000000000E+0000  3.62619628906250E+0001 -6.31268310546875E+0000 
 6.00000000000000E+0000  3.53025207519531E+0001 -6.33459472656250E+0000 
 6.50000000000000E+0000  3.43518981933594E+0001 -6.38064575195313E+0000 
 7.00000000000000E+0000  3.34137573242188E+0001 -6.40985107421875E+0000 
 7.50000000000000E+0000  3.24812316894531E+0001 -6.40026855468750E+0000 
 8.00000000000000E+0000  3.15497741699219E+0001 -6.32763671875000E+0000 
 8.50000000000000E+0000  3.06243591308594E+0001 -6.19030761718750E+0000 
 9.00000000000000E+0000  2.96938781738281E+0001 -6.01000976562500E+0000 
 9.50000000000000E+0000  2.87441406250000E+0001 -5.81109619140625E+0000 
 1.00000000000000E+0001  2.77638854980469E+0001 -5.61672973632813E+0000 
 1.05000000000000E+0001  2.67423706054688E+0001 -5.45675659179688E+0000 
 1.10000000000000E+0001  2.56631469726563E+0001 -5.34841918945313E+0000 
 1.15000000000000E+0001  2.45294494628906E+0001 -5.27542114257813E+0000 
 1.20000000000000E+0001  2.33705444335938E+0001 -5.21307373046875E+0000 
 1.25000000000000E+0001  2.22170715332031E+0001 -5.14868164062500E+0000 
 1.30000000000000E+0001  2.10877685546875E+0001 -5.06939697265625E+0000 
 1.35000000000000E+0001  1.99929199218750E+0001 -4.95968627929688E+0000 
 1.40000000000000E+0001  1.89336853027344E+0001 -4.81185913085938E+0000 
 1.45000000000000E+0001  1.79067382812500E+0001 -4.62570190429688E+0000 
 1.50000000000000E+0001  1.69039001464844E+0001 -4.41574096679688E+0000 
 1.55000000000000E+0001  1.59149780273437E+0001 -4.19567871093750E+0000 
 1.60000000000000E+0001  1.49456787109375E+0001 -3.97430419921875E+0000 
 1.65000000000000E+0001  1.40162963867187E+0001 -3.75946044921875E+0000 
 1.70000000000000E+0001  1.31427001953125E+0001 -3.56396484375000E+0000 
 1.75000000000000E+0001  1.23226623535156E+0001 -3.40292358398438E+0000 
 1.80000000000000E+0001  1.15373535156250E+0001 -3.26562500000000E+0000 
 1.85000000000000E+0001  1.07801818847656E+0001 -3.12396240234375E+0000 
 1.90000000000000E+0001  1.00492553710937E+0001 -2.96798706054688E+0000 
 1.95000000000000E+0001  9.33187866210938E+0000 -2.79968261718750E+0000 
 2.00000000000000E+0001  8.61520385742188E+0000 -2.61376953125000E+0000 
 2.05000000000000E+0001  7.90148925781250E+0000 -2.40933227539063E+0000 
 2.10000000000000E+0001  7.20352172851563E+0000 -2.20281982421875E+0000 
 2.15000000000000E+0001  6.53240966796875E+0000 -2.00982666015625E+0000 
 2.20000000000000E+0001  5.89962768554688E+0000 -1.83663940429688E+0000 
 2.25000000000000E+0001  5.31765747070313E+0000 -1.67980957031250E+0000 
 2.30000000000000E+0001  4.80480957031250E+0000 -1.53530883789063E+0000 
 2.35000000000000E+0001  4.36355590820313E+0000 -1.39547729492188E+0000 
 2.40000000000000E+0001  3.98614501953125E+0000 -1.24908447265625E+0000 
 2.45000000000000E+0001  3.66299438476563E+0000 -1.09945678710938E+0000 
 2.50000000000000E+0001  3.37802124023438E+0000 -9.53125000000000E-0001 
 2.55000000000000E+0001  3.11526489257813E+0000 -8.14300537109375E-0001 
 2.60000000000000E+0001  2.86047363281250E+0000 -6.95312500000000E-0001 
 2.65000000000000E+0001  2.60778808593750E+0000 -6.07391357421875E-0001 
 2.70000000000000E+0001  2.36160278320313E+0000 -5.50872802734375E-0001 
 2.75000000000000E+0001  2.12661743164063E+0000 -5.14587402343750E-0001 
 2.80000000000000E+0001  1.90808105468750E+0000 -4.86877441406250E-0001 
 2.85000000000000E+0001  1.71405029296875E+0000 -4.58770751953125E-0001 
 2.90000000000000E+0001  1.54650878906250E+0000 -4.17419433593750E-0001 
 2.95000000000000E+0001  1.40112304687500E+0000 -3.59893798828125E-0001 
 3.00000000000000E+0001  1.27365112304688E+0000 -2.95989990234375E-0001 
 3.05000000000000E+0001  1.16110229492188E+0000 -2.34130859375000E-0001 
 3.10000000000000E+0001  1.05990600585938E+0000 -1.77093505859375E-0001 
 3.15000000000000E+0001  9.68139648437500E-0001 -1.31591796875000E-0001 
 3.20000000000000E+0001  8.88031005859375E-0001 -9.71069335937500E-0002 
 3.25000000000000E+0001  8.30596923828125E-0001 -6.17675781250000E-0002 
 3.30000000000000E+0001  8.02734375000000E-0001 -1.67236328125000E-0002 
 3.35000000000000E+0001  8.00506591796875E-0001  3.82995605468750E-0002 
 3.40000000000000E+0001  8.19335937500000E-0001  1.01135253906250E-0001 
 3.45000000000000E+0001  8.54797363281250E-0001  1.70257568359375E-0001 
 3.50000000000000E+0001  9.00939941406250E-0001  2.36877441406250E-0001 
 3.55000000000000E+0001  9.50317382812500E-0001  2.90832519531250E-0001 
 3.60000000000000E+0001  1.00048828125000E+0000  3.25408935546875E-0001 
 3.65000000000000E+0001  1.05209350585938E+0000  3.35723876953125E-0001 
 3.70000000000000E+0001  1.10168457031250E+0000  3.22113037109375E-0001 
 3.75000000000000E+0001  1.14926147460938E+0000  2.93060302734375E-0001 
 3.80000000000000E+0001  1.19558715820313E+0000  2.54882812500000E-0001 
 3.85000000000000E+0001  1.23348999023438E+0000  2.09716796875000E-0001 
 3.90000000000000E+0001  1.25863647460938E+0000  1.62353515625000E-0001 
 3.95000000000000E+0001  1.27215576171875E+0000  1.22467041015625E-0001 
 4.00000000000000E+0001  1.27929687500000E+0000  9.42077636718750E-0002 
 4.05000000000000E+0001  1.28250122070313E+0000  7.52563476562500E-0002 
 4.10000000000000E+0001  1.28350830078125E+0000  6.52770996093750E-0002 
 4.15000000000000E+0001  1.28588867187500E+0000  6.52465820312500E-0002 
 4.20000000000000E+0001  1.29580688476563E+0000  7.15332031250000E-0002 
 4.25000000000000E+0001  1.31588745117188E+0000  8.15124511718750E-0002 
 4.30000000000000E+0001  1.34524536132813E+0000  9.06066894531250E-0002 
 4.35000000000000E+0001  1.38122558593750E+0000  9.70153808593750E-0002 
 4.40000000000000E+0001  1.42266845703125E+0000  9.86633300781250E-0002 
 4.45000000000000E+0001  1.46801757812500E+0000  9.59167480468750E-0002 
 4.50000000000000E+0001  1.51464843750000E+0000  9.27429199218750E-0002 
 4.55000000000000E+0001  1.56158447265625E+0000  8.95385742187500E-0002 
 4.60000000000000E+0001  1.60830688476563E+0000  8.58764648437500E-0002 
 4.65000000000000E+0001  1.65896606445313E+0000  8.08715820312500E-0002 
 4.70000000000000E+0001  1.71209716796875E+0000  7.10144042968750E-0002 
 4.75000000000000E+0001  1.76116943359375E+0000  5.92041015625000E-0002 
 4.80000000000000E+0001  1.80325317382813E+0000  4.82788085937500E-0002 
 4.85000000000000E+0001  1.83728027343750E+0000  3.46679687500000E-0002 
 4.90000000000000E+0001  1.85971069335938E+0000  1.73645019531250E-0002 
 4.95000000000000E+0001  1.86984252929688E+0000  2.53295898437500E-0003 
 5.00000000000000E+0001  1.87237548828125E+0000 -6.65283203125000E-0003 
 5.05000000000000E+0001  1.87255859375000E+0000 -1.47399902343750E-0002 
 5.10000000000000E+0001  1.87149047851563E+0000 -2.72521972656250E-0002 
 5.15000000000000E+0001  1.86941528320313E+0000 -3.95507812500000E-0002 
 5.20000000000000E+0001  1.86807250976563E+0000 -4.77600097656250E-0002 
 5.25000000000000E+0001  1.86547851562500E+0000 -5.27954101562500E-0002 
 5.30000000000000E+0001  1.86041259765625E+0000 -5.67016601562500E-0002 
 5.35000000000000E+0001  1.85440063476563E+0000 -6.03332519531250E-0002 
 5.40000000000000E+0001  1.84671020507813E+0000 -6.52465820312500E-0002 
 5.45000000000000E+0001  1.83572387695313E+0000 -7.01293945312500E-0002 
 5.50000000000000E+0001  1.82247924804688E+0000 -7.65075683593750E-0002 
 5.55000000000000E+0001  1.80895996093750E+0000 -8.83178710937500E-0002 
 5.60000000000000E+0001  1.79666137695313E+0000 -1.03149414062500E-0001 
 5.65000000000000E+0001  1.78540039062500E+0000 -1.13983154296875E-0001 
 5.70000000000000E+0001  1.77206420898438E+0000 -1.18316650390625E-0001 
 5.75000000000000E+0001  1.75646972656250E+0000 -1.17980957031250E-0001 
 5.80000000000000E+0001  1.74111938476563E+0000 -1.13464355468750E-0001 
 5.85000000000000E+0001  1.72543334960938E+0000 -9.98535156250000E-0002 
 5.90000000000000E+0001  1.70767211914063E+0000 -7.73925781250000E-0002 
 5.95000000000000E+0001  1.68963623046875E+0000 -5.35888671875000E-0002 
 6.00000000000000E+0001  1.67373657226563E+0000 -3.54919433593750E-0002 
 6.05000000000000E+0001  1.66265869140625E+0000 -2.38647460937500E-0002 
 6.10000000000000E+0001  1.65481567382813E+0000 -2.15454101562500E-0002 
 6.15000000000000E+0001  1.64840698242188E+0000 -2.94189453125000E-0002 
 6.20000000000000E+0001  1.64147949218750E+0000 -4.55322265625000E-0002 
 6.25000000000000E+0001  1.63412475585938E+0000 -6.01196289062500E-0002 
 6.30000000000000E+0001  1.62506103515625E+0000 -6.97937011718750E-0002 
 6.35000000000000E+0001  1.60876464843750E+0000 -7.52258300781250E-0002 
 6.40000000000000E+0001  1.58346557617188E+0000 -7.56225585937500E-0002 
 6.45000000000000E+0001  1.55813598632813E+0000 -7.18994140625000E-0002 
 6.50000000000000E+0001  1.53604125976563E+0000 -7.34252929687500E-0002 
 6.55000000000000E+0001  1.51342773437500E+0000 -8.32519531250000E-0002 
 6.60000000000000E+0001  1.49249267578125E+0000 -9.45129394531250E-0002 
 6.65000000000000E+0001  1.47964477539063E+0000 -1.05010986328125E-0001 
 6.70000000000000E+0001  1.46997070312500E+0000 -1.15905761718750E-0001 
 6.75000000000000E+0001  1.45355224609375E+0000 -1.19567871093750E-0001 
 6.80000000000000E+0001  1.43060302734375E+0000 -1.08551025390625E-0001 
 6.85000000000000E+0001  1.40988159179688E+0000 -8.64257812500000E-0002 
 6.90000000000000E+0001  1.39270019531250E+0000 -6.22253417968750E-0002 
 6.95000000000000E+0001  1.37796020507813E+0000 -3.92456054687500E-0002 
 7.00000000000000E+0001  1.37036132812500E+0000 -1.83715820312500E-0002 
 7.05000000000000E+0001  1.37365722656250E+0000 -4.08935546875000E-0003 
 7.10000000000000E+0001  1.38769531250000E+0000  9.76562500000000E-0004 
 7.15000000000000E+0001  1.40591430664063E+0000 -3.17382812500000E-0003 
 7.20000000000000E+0001  1.41998291015625E+0000 -1.05285644531250E-0002 
 7.25000000000000E+0001  1.42755126953125E+0000 -1.86157226562500E-0002 
 7.30000000000000E+0001  1.42800903320313E+0000 -2.71606445312500E-0002 
 7.35000000000000E+0001  1.41799926757813E+0000 -3.45764160156250E-0002 
 7.40000000000000E+0001  1.40060424804688E+0000 -3.76892089843750E-0002 
 7.45000000000000E+0001  1.38333129882813E+0000 -3.91235351562500E-0002 
 7.50000000000000E+0001  1.36987304687500E+0000 -4.19006347656250E-0002 
 7.55000000000000E+0001  1.35882568359375E+0000 -4.34265136718750E-0002 
 7.60000000000000E+0001  1.35446166992188E+0000 -4.15954589843750E-0002 
 7.65000000000000E+0001  1.35763549804688E+0000 -4.07714843750000E-0002 
 7.70000000000000E+0001  1.36108398437500E+0000 -4.11682128906250E-0002 
 7.75000000000000E+0001  1.36077880859375E+0000 -3.73535156250000E-0002 
 7.80000000000000E+0001  1.35848999023438E+0000 -2.72827148437500E-0002 
 7.85000000000000E+0001  1.35311889648438E+0000 -1.53808593750000E-0002 
 7.90000000000000E+0001  1.34219360351563E+0000 -4.18090820312500E-0003 
 7.95000000000000E+0001  1.32757568359375E+0000  7.69042968750000E-0003 
 8.00000000000000E+0001  1.31286621093750E+0000  1.98364257812500E-0002 
 8.05000000000000E+0001  1.30053710937500E+0000  2.89001464843750E-0002 
 8.10000000000000E+0001  1.29241943359375E+0000  3.25317382812500E-0002 
 8.15000000000000E+0001  1.28866577148438E+0000  3.21350097656250E-0002 
 8.20000000000000E+0001  1.28985595703125E+0000  3.19824218750000E-0002 
 8.25000000000000E+0001  1.29467773437500E+0000  3.06701660156250E-0002 
 8.30000000000000E+0001  1.30075073242188E+0000  2.39257812500000E-0002 
 8.35000000000000E+0001  1.30276489257813E+0000  1.36108398437500E-0002 
 8.40000000000000E+0001  1.29992675781250E+0000  4.94384765625000E-0003 
 8.45000000000000E+0001  1.29556274414063E+0000 -8.23974609375000E-0004 
 8.50000000000000E+0001  1.29400634765625E+0000 -3.93676757812500E-0003 
 8.55000000000000E+0001  1.29397583007813E+0000 -4.97436523437500E-0003 
 8.60000000000000E+0001  1.29586791992188E+0000 -3.50952148437500E-0003 
 8.65000000000000E+0001  1.29916381835938E+0000 -1.77001953125000E-0003 
 8.70000000000000E+0001  1.30554199218750E+0000 -2.07519531250000E-0003 
 8.75000000000000E+0001  1.31140136718750E+0000 -6.01196289062500E-0003 
 8.80000000000000E+0001  1.31192016601563E+0000 -1.19934082031250E-0002 
 8.85000000000000E+0001  1.30880737304688E+0000 -1.97143554687500E-0002 
 8.90000000000000E+0001  1.30685424804688E+0000 -2.58789062500000E-0002 
 8.95000000000000E+0001  1.30740356445313E+0000 -2.99072265625000E-0002 
 9.00000000000000E+0001  1.30557250976563E+0000 -3.06396484375000E-0002 
 9.05000000000000E+0001  1.29763793945313E+0000 -2.70080566406250E-0002 
 9.10000000000000E+0001  1.28747558593750E+0000 -2.06909179687500E-0002 
 9.15000000000000E+0001  1.27810668945313E+0000 -1.29089355468750E-0002 
 9.20000000000000E+0001  1.27108764648438E+0000 -4.21142578125000E-0003 
 9.25000000000000E+0001  1.26602172851563E+0000  6.10351562500000E-0003 
 9.30000000000000E+0001  1.26473999023438E+0000  1.45263671875000E-0002 
 9.35000000000000E+0001  1.26773071289063E+0000  1.84326171875000E-0002 
 9.40000000000000E+0001  1.27325439453125E+0000  2.34069824218750E-0002 
 9.45000000000000E+0001  1.27868652343750E+0000  3.01513671875000E-0002 
 9.50000000000000E+0001  1.27856445312500E+0000  3.25012207031250E-0002 
 9.55000000000000E+0001  1.27490234375000E+0000  2.68249511718750E-0002 
 9.60000000000000E+0001  1.26940917968750E+0000  1.43737792968750E-0002 
 9.65000000000000E+0001  1.26382446289063E+0000 -1.58691406250000E-0003 
 9.70000000000000E+0001  1.25878906250000E+0000 -1.92260742187500E-0002 
 9.75000000000000E+0001  1.25180053710938E+0000 -3.31115722656250E-0002 
 9.80000000000000E+0001  1.24395751953125E+0000 -3.73535156250000E-0002 
 9.85000000000000E+0001  1.23757934570313E+0000 -3.02124023437500E-0002 
 9.90000000000000E+0001  1.23678588867188E+0000 -1.87377929687500E-0002 
 9.95000000000000E+0001  1.23684692382813E+0000 -1.30310058593750E-0002 
 1.00000000000000E+0002  1.23269653320313E+0000 -1.08032226562500E-0002 
 1.00500000000000E+0002  1.22802734375000E+0000 -9.94873046875000E-0003 
 1.01000000000000E+0002  1.22415161132813E+0000 -1.06506347656250E-0002 
 1.01500000000000E+0002  1.21835327148438E+0000 -1.25732421875000E-0002 
 1.02000000000000E+0002  1.21115112304688E+0000 -1.27563476562500E-0002 
 1.02500000000000E+0002  1.20428466796875E+0000 -1.15051269531250E-0002 
 1.03000000000000E+0002  1.19561767578125E+0000 -1.00097656250000E-0002 
 1.03500000000000E+0002  1.18728637695313E+0000 -7.62939453125000E-0003 
 1.04000000000000E+0002  1.18408203125000E+0000 -5.49316406250000E-0003 
 1.04500000000000E+0002  1.18301391601563E+0000 -7.93457031250000E-0003 
 1.05000000000000E+0002  1.17807006835938E+0000 -1.03149414062500E-0002 
 1.05500000000000E+0002  1.17382812500000E+0000 -7.90405273437500E-0003 
 1.06000000000000E+0002  1.17568969726563E+0000 -6.01196289062500E-0003 
 1.06500000000000E+0002  1.17788696289063E+0000 -1.02539062500000E-0002 
 1.07000000000000E+0002  1.17294311523438E+0000 -1.40380859375000E-0002 
 1.07500000000000E+0002  1.16638183593750E+0000 -1.29699707031250E-0002 
 1.08000000000000E+0002  1.16613769531250E+0000 -1.06811523437500E-0002 
 1.08500000000000E+0002  1.17172241210938E+0000 -8.20922851562500E-0003 
 1.09000000000000E+0002  1.17648315429688E+0000 -2.04467773437500E-0003 
 1.09500000000000E+0002  1.17840576171875E+0000  5.52368164062500E-0003 
 1.10000000000000E+0002  1.17861938476563E+0000  9.55200195312500E-0003 
 1.10500000000000E+0002  1.17648315429688E+0000  9.03320312500000E-0003 
 1.11000000000000E+0002  1.16851806640625E+0000  4.76074218750000E-0003 
 1.11500000000000E+0002  1.15103149414063E+0000 -3.41796875000000E-0003 
 1.12000000000000E+0002  1.12960815429688E+0000 -1.24511718750000E-0002 
 1.12500000000000E+0002  1.11517333984375E+0000 -1.82189941406250E-0002 
 1.13000000000000E+0002  1.11096191406250E+0000 -1.72424316406250E-0002 
 1.13500000000000E+0002  1.11004638671875E+0000 -1.31225585937500E-0002 
 1.14000000000000E+0002  1.11080932617188E+0000 -1.02844238281250E-0002 
 1.14500000000000E+0002  1.11627197265625E+0000 -1.00708007812500E-0002 
 1.15000000000000E+0002  1.12600708007813E+0000 -9.52148437500000E-0003 
 1.15500000000000E+0002  1.13455200195313E+0000 -8.60595703125000E-0003 
 1.16000000000000E+0002  1.13833618164063E+0000 -1.14746093750000E-0002 
 1.16500000000000E+0002  1.13671875000000E+0000 -1.27868652343750E-0002 
 1.17000000000000E+0002  1.13601684570313E+0000 -8.72802734375000E-0003 
 1.17500000000000E+0002  1.13549804687500E+0000 -6.92749023437500E-0003 
 1.18000000000000E+0002  1.12954711914063E+0000 -1.19323730468750E-0002 
 1.18500000000000E+0002  1.11984252929688E+0000 -1.84631347656250E-0002 
 1.19000000000000E+0002  1.11279296875000E+0000 -2.05993652343750E-0002 
 1.19500000000000E+0002  1.10852050781250E+0000 -2.12097167968750E-0002 
 1.20000000000000E+0002  1.10305786132813E+0000 -2.09960937500000E-0002 
 1.20500000000000E+0002  1.09570312500000E+0000 -1.37939453125000E-0002 
 1.21000000000000E+0002  1.08987426757813E+0000 -9.15527343750000E-0004 
 1.21500000000000E+0002  1.08435058593750E+0000  1.04980468750000E-0002 
 1.22000000000000E+0002  1.08016967773438E+0000  1.59301757812500E-0002 
 1.22500000000000E+0002  1.07763671875000E+0000  1.67846679687500E-0002 
 1.23000000000000E+0002  1.07437133789063E+0000  1.70288085937500E-0002 
 1.23500000000000E+0002  1.06835937500000E+0000  1.69067382812500E-0002 
 1.24000000000000E+0002  1.06063842773438E+0000  1.20849609375000E-0002 
 1.24500000000000E+0002  1.05102539062500E+0000  1.06811523437500E-0003 
 1.25000000000000E+0002  1.03994750976563E+0000 -1.03454589843750E-0002 
 1.25500000000000E+0002  1.03182983398438E+0000 -1.72424316406250E-0002 
 1.26000000000000E+0002  1.02972412109375E+0000 -2.35290527343750E-0002 
 1.26500000000000E+0002  1.02978515625000E+0000 -3.03344726562500E-0002 
 1.27000000000000E+0002  1.02911376953125E+0000 -3.14636230468750E-0002 
 1.27500000000000E+0002  1.03030395507813E+0000 -2.56958007812500E-0002 
 1.28000000000000E+0002  1.03424072265625E+0000 -1.90429687500000E-0002 
 1.28500000000000E+0002  1.03637695312500E+0000 -1.37939453125000E-0002 
 1.29000000000000E+0002  1.03610229492188E+0000 -1.03454589843750E-0002 
 1.29500000000000E+0002  1.03814697265625E+0000 -1.02844238281250E-0002 
 1.30000000000000E+0002  1.04193115234375E+0000 -1.55029296875000E-0002 
 1.30500000000000E+0002  1.04330444335938E+0000 -2.13012695312500E-0002 
 1.31000000000000E+0002  1.04089355468750E+0000 -2.62145996093750E-0002 
 1.31500000000000E+0002  1.03549194335938E+0000 -3.23486328125000E-0002 
 1.32000000000000E+0002  1.03222656250000E+0000 -3.74755859375000E-0002 
 1.32500000000000E+0002  1.03500366210938E+0000 -4.18395996093750E-0002 
 1.33000000000000E+0002  1.04086303710938E+0000 -4.73022460937500E-0002 
 1.33500000000000E+0002  1.04461669921875E+0000 -5.15441894531250E-0002 
 1.34000000000000E+0002  1.04571533203125E+0000 -5.21850585937500E-0002 
 1.34500000000000E+0002  1.04348754882813E+0000 -5.16662597656250E-0002 
 1.35000000000000E+0002  1.03820800781250E+0000 -5.13610839843750E-0002 
 1.35500000000000E+0002  1.02993774414063E+0000 -4.93469238281250E-0002 
 1.36000000000000E+0002  1.01959228515625E+0000 -4.50744628906250E-0002 
 1.36500000000000E+0002  1.00827026367188E+0000 -4.31823730468750E-0002 
 1.37000000000000E+0002  9.97131347656250E-0001 -4.30908203125000E-0002 
 1.37500000000000E+0002  9.86083984375000E-0001 -4.14428710937500E-0002 
 1.38000000000000E+0002  9.76257324218750E-0001 -3.63159179687500E-0002 
 1.38500000000000E+0002  9.68597412109375E-0001 -2.80456542968750E-0002 
 1.39000000000000E+0002  9.64080810546875E-0001 -1.81884765625000E-0002 
 1.39500000000000E+0002  9.62219238281250E-0001 -9.55200195312500E-0003 
 1.40000000000000E+0002  9.64508056640625E-0001 -3.44848632812500E-0003 
 1.40500000000000E+0002  9.69909667968750E-0001 -7.93457031250000E-0004 
 1.41000000000000E+0002  9.73541259765625E-0001 -1.89208984375000E-0003 
 1.41500000000000E+0002  9.71893310546875E-0001 -8.02612304687500E-0003 
 1.42000000000000E+0002  9.66583251953125E-0001 -1.56860351562500E-0002 
 1.42500000000000E+0002  9.59411621093750E-0001 -1.98669433593750E-0002 
 1.43000000000000E+0002  9.49615478515625E-0001 -1.90124511718750E-0002 
 1.43500000000000E+0002  9.40002441406250E-0001 -1.34582519531250E-0002 
 1.44000000000000E+0002  9.33380126953125E-0001 -3.87573242187500E-0003 
 1.44500000000000E+0002  9.28192138671875E-0001  1.21765136718750E-0002 
 1.45000000000000E+0002  9.26940917968750E-0001  3.15246582031250E-0002 
 1.45500000000000E+0002  9.31060791015625E-0001  4.79125976562500E-0002 
 1.46000000000000E+0002  9.36370849609375E-0001  5.64880371093750E-0002 
 1.46500000000000E+0002  9.37042236328125E-0001  5.90515136718750E-0002 
 1.47000000000000E+0002  9.35638427734375E-0001  5.86853027343750E-0002 
 1.47500000000000E+0002  9.35882568359375E-0001  5.30090332031250E-0002 
 1.48000000000000E+0002  9.36553955078125E-0001  4.08630371093750E-0002 
 1.48500000000000E+0002  9.34570312500000E-0001  2.64892578125000E-0002 
 1.49000000000000E+0002  9.30847167968750E-0001  1.33056640625000E-0002 
 1.49500000000000E+0002  9.24224853515625E-0001  1.89208984375000E-0003 
 1.50000000000000E+0002  9.11590576171875E-0001 -4.30297851562500E-0003 
 1.50500000000000E+0002  8.95507812500000E-0001 -2.59399414062500E-0003 
 1.51000000000000E+0002  8.81164550781250E-0001  9.09423828125000E-0003 
 1.51500000000000E+0002  8.71978759765625E-0001  2.44140625000000E-0002 
 1.52000000000000E+0002  8.66119384765625E-0001  3.85742187500000E-0002 
 1.52500000000000E+0002  8.62609863281250E-0001  5.08422851562500E-0002 
 1.53000000000000E+0002  8.63220214843750E-0001  5.67321777343750E-0002 
 1.53500000000000E+0002  8.65509033203125E-0001  5.16357421875000E-0002 
 1.54000000000000E+0002  8.69842529296875E-0001  3.90930175781250E-0002 
 1.54500000000000E+0002  8.78021240234375E-0001  2.57568359375000E-0002 
 1.55000000000000E+0002  8.88336181640625E-0001  1.48925781250000E-0002 
 1.55500000000000E+0002  8.98986816406250E-0001  7.20214843750000E-0003 
 1.56000000000000E+0002  9.09637451171875E-0001  2.38037109375000E-0003 
 1.56500000000000E+0002  9.16900634765625E-0001  9.46044921875000E-0004 
 1.57000000000000E+0002  9.14611816406250E-0001  2.99072265625000E-0003 
 1.57500000000000E+0002  9.03747558593750E-0001  6.50024414062500E-0003 
 1.58000000000000E+0002  8.92211914062500E-0001  9.94873046875000E-0003 
 1.58500000000000E+0002  8.84033203125000E-0001  1.48010253906250E-0002 
 1.59000000000000E+0002  8.76190185546875E-0001  1.84326171875000E-0002 
 1.59500000000000E+0002  8.69689941406250E-0001  2.06298828125000E-0002 
 1.60000000000000E+0002  8.68041992187500E-0001  1.95922851562500E-0002 
 1.60500000000000E+0002  8.68408203125000E-0001  1.68151855468750E-0002 
 1.61000000000000E+0002  8.68927001953125E-0001  1.11083984375000E-0002 
 1.61500000000000E+0002  8.67767333984375E-0001  4.27246093750000E-0003 
 1.62000000000000E+0002  8.67065429687500E-0001  2.10571289062500E-0003 
 1.62500000000000E+0002  8.66607666015625E-0001  5.92041015625000E-0003 
 1.63000000000000E+0002  8.64166259765625E-0001  1.33972167968750E-0002 
 1.63500000000000E+0002  8.61816406250000E-0001  1.99890136718750E-0002 
 1.64000000000000E+0002  8.61480712890625E-0001  2.32543945312500E-0002 
 1.64500000000000E+0002  8.63952636718750E-0001  2.29797363281250E-0002 
 1.65000000000000E+0002  8.69537353515625E-0001  1.99890136718750E-0002 
 1.65500000000000E+0002  8.76007080078125E-0001  1.53198242187500E-0002 
 1.66000000000000E+0002  8.82263183593750E-0001  1.21154785156250E-0002 
 1.66500000000000E+0002  8.85681152343750E-0001  1.44653320312500E-0002 
 1.67000000000000E+0002  8.83575439453125E-0001  2.17895507812500E-0002 
 1.67500000000000E+0002  8.77105712890625E-0001  2.68859863281250E-0002 
 1.68000000000000E+0002  8.67034912109375E-0001  2.66113281250000E-0002 
 1.68500000000000E+0002  8.53424072265625E-0001  2.26135253906250E-0002 
 1.69000000000000E+0002  8.37707519531250E-0001  1.86767578125000E-0002 
 1.69500000000000E+0002  8.24157714843750E-0001  1.30920410156250E-0002 
 1.70000000000000E+0002  8.17230224609375E-0001  7.65991210937500E-0003 
 1.70500000000000E+0002  8.14086914062500E-0001  5.73730468750000E-0003 
 1.71000000000000E+0002  8.09814453125000E-0001  7.23266601562500E-0003 
 1.71500000000000E+0002  8.08288574218750E-0001  7.29370117187500E-0003 
 1.72000000000000E+0002  8.11157226562500E-0001  3.78417968750000E-0003 
 1.72500000000000E+0002  8.13354492187500E-0001 -5.79833984375000E-0004 
 1.73000000000000E+0002  8.09753417968750E-0001 -6.22558593750000E-0003 
 1.73500000000000E+0002  8.01696777343750E-0001 -1.44042968750000E-0002 
 1.74000000000000E+0002  7.95013427734375E-0001 -1.98669433593750E-0002 
 1.74500000000000E+0002  7.92236328125000E-0001 -1.83715820312500E-0002 
 1.75000000000000E+0002  7.90710449218750E-0001 -1.16577148437500E-0002 
 1.75500000000000E+0002  7.91595458984375E-0001 -2.41088867187500E-0003 
 1.76000000000000E+0002  7.97393798828125E-0001  6.68334960937500E-0003 
 1.76500000000000E+0002  8.03466796875000E-0001  1.37634277343750E-0002 
 1.77000000000000E+0002  8.05023193359375E-0001  1.87072753906250E-0002 
 1.77500000000000E+0002  8.04962158203125E-0001  1.91345214843750E-0002 
 1.78000000000000E+0002  8.04718017578125E-0001  1.33666992187500E-0002 
 1.78500000000000E+0002  8.00659179687500E-0001  4.69970703125000E-0003 
 1.79000000000000E+0002  7.91717529296875E-0001 -2.56347656250000E-0003 
 1.79500000000000E+0002  7.83050537109375E-0001 -7.59887695312500E-0003 
 1.80000000000000E+0002  7.77618408203125E-0001 -1.12304687500000E-0002 
 1.80500000000000E+0002  7.74932861328125E-0001 -1.32141113281250E-0002 
 1.81000000000000E+0002  7.73101806640625E-0001 -1.61437988281250E-0002 
 1.81500000000000E+0002  7.70782470703125E-0001 -2.14233398437500E-0002 
 1.82000000000000E+0002  7.69805908203125E-0001 -2.23083496093750E-0002 
 1.82500000000000E+0002  7.73101806640625E-0001 -1.74255371093750E-0002 
 1.83000000000000E+0002  7.77008056640625E-0001 -1.29699707031250E-0002 
 1.83500000000000E+0002  7.75848388671875E-0001 -9.61303710937500E-0003 
 1.84000000000000E+0002  7.71240234375000E-0001 -4.27246093750000E-0004 
 1.84500000000000E+0002  7.70874023437500E-0001  1.24206542968750E-0002 
 1.85000000000000E+0002  7.73773193359375E-0001  1.91040039062500E-0002 
 1.85500000000000E+0002  7.75909423828125E-0001  1.58996582031250E-0002 
 1.86000000000000E+0002  7.78808593750000E-0001  8.11767578125000E-0003 
 1.86500000000000E+0002  7.82836914062500E-0001 -3.35693359375000E-0004 
 1.87000000000000E+0002  7.83050537109375E-0001 -8.72802734375000E-0003 
 1.87500000000000E+0002  7.77252197265625E-0001 -1.47094726562500E-0002 
 1.88000000000000E+0002  7.69805908203125E-0001 -1.79138183593750E-0002 
 1.88500000000000E+0002  7.62359619140625E-0001 -1.65405273437500E-0002 
 1.89000000000000E+0002  7.53845214843750E-0001 -6.65283203125000E-0003 
 1.89500000000000E+0002  7.47894287109375E-0001  8.69750976562500E-0003 
 1.90000000000000E+0002  7.49664306640625E-0001  2.08435058593750E-0002 
 1.90500000000000E+0002  7.54638671875000E-0001  2.60009765625000E-0002 
 1.91000000000000E+0002  7.53356933593750E-0001  2.62451171875000E-0002 
 1.91500000000000E+0002  7.46582031250000E-0001  2.53906250000000E-0002 
 1.92000000000000E+0002  7.41363525390625E-0001  2.23388671875000E-0002 
 1.92500000000000E+0002  7.38739013671875E-0001  1.93786621093750E-0002 
 1.93000000000000E+0002  7.35931396484375E-0001  2.13623046875000E-0002 
 1.93500000000000E+0002  7.34100341796875E-0001  2.99377441406250E-0002 
 1.94000000000000E+0002  7.35260009765625E-0001  3.71704101562500E-0002 
 1.94500000000000E+0002  7.35839843750000E-0001  3.71093750000000E-0002 
 1.95000000000000E+0002  7.31475830078125E-0001  3.17382812500000E-0002 
 1.95500000000000E+0002  7.23297119140625E-0001  2.19726562500000E-0002 
 1.96000000000000E+0002  7.13806152343750E-0001  9.36889648437500E-0003 
 1.96500000000000E+0002  7.06024169921875E-0001 -5.21850585937500E-0003 
 1.97000000000000E+0002  7.04528808593750E-0001 -1.69372558593750E-0002 
 1.97500000000000E+0002  7.07489013671875E-0001 -2.51464843750000E-0002 
 1.98000000000000E+0002  7.09106445312500E-0001 -2.92968750000000E-0002 
 1.98500000000000E+0002  7.11334228515625E-0001 -2.47802734375000E-0002 
 1.99000000000000E+0002  7.17864990234375E-0001 -1.37634277343750E-0002 
 1.99500000000000E+0002  7.24700927734375E-0001  1.83105468750000E-0004 
 2.00000000000000E+0002  7.27996826171875E-0001  2.06909179687500E-0002 
 2.00500000000000E+0002  7.32818603515625E-0001  4.15039062500000E-0002 
 2.01000000000000E+0002  7.36999511718750E-0001  5.32836914062500E-0002 
 2.01500000000000E+0002  7.32452392578125E-0001  5.42907714843750E-0002 
 2.02000000000000E+0002  7.21893310546875E-0001  5.08422851562500E-0002 
 2.02500000000000E+0002  7.09411621093750E-0001  4.32434082031250E-0002 
 2.03000000000000E+0002  6.95770263671875E-0001  2.83508300781250E-0002 
 2.03500000000000E+0002  6.79687500000000E-0001  1.26342773437500E-0002 
 2.04000000000000E+0002  6.66992187500000E-0001  3.93676757812500E-0003 
 2.04500000000000E+0002  6.64154052734375E-0001  2.22778320312500E-0003 
 2.05000000000000E+0002  6.68487548828125E-0001  1.09863281250000E-0003 
 2.05500000000000E+0002  6.73217773437500E-0001  3.66210937500000E-0004 
 2.06000000000000E+0002  6.75445556640625E-0001  2.38037109375000E-0003 
 2.06500000000000E+0002  6.78161621093750E-0001  8.08715820312500E-0003 
 2.07000000000000E+0002  6.83502197265625E-0001  1.18713378906250E-0002 
 2.07500000000000E+0002  6.88629150390625E-0001  8.63647460937500E-0003 
 2.08000000000000E+0002  6.91772460937500E-0001  9.76562500000000E-0004 
 2.08500000000000E+0002  6.95251464843750E-0001 -5.21850585937500E-0003 
 2.09000000000000E+0002  6.97692871093750E-0001 -9.09423828125000E-0003 
 2.09500000000000E+0002  6.96380615234375E-0001 -1.13525390625000E-0002 
 2.10000000000000E+0002  6.89361572265625E-0001 -1.24511718750000E-0002 
 2.10500000000000E+0002  6.78649902343750E-0001 -7.90405273437500E-0003 
 2.11000000000000E+0002  6.65985107421875E-0001  7.32421875000000E-0004 
 2.11500000000000E+0002  6.52435302734375E-0001  1.00097656250000E-0002 
 2.12000000000000E+0002  6.41937255859375E-0001  1.73645019531250E-0002 
 2.12500000000000E+0002  6.37969970703125E-0001  2.18811035156250E-0002 
 2.13000000000000E+0002  6.40441894531250E-0001  2.47497558593750E-0002 
 2.13500000000000E+0002  6.46118164062500E-0001  2.49328613281250E-0002 
 2.14000000000000E+0002  6.47918701171875E-0001  2.21557617187500E-0002 
 2.14500000000000E+0002  6.47491455078125E-0001  2.13623046875000E-0002 
 2.15000000000000E+0002  6.48132324218750E-0001  2.36511230468750E-0002 
 2.15500000000000E+0002  6.47003173828125E-0001  2.33459472656250E-0002 
 2.16000000000000E+0002  6.41235351562500E-0001  1.94396972656250E-0002 
 2.16500000000000E+0002  6.37481689453125E-0001  1.80664062500000E-0002 
 2.17000000000000E+0002  6.41204833984375E-0001  1.77001953125000E-0002 
 2.17500000000000E+0002  6.45080566406250E-0001  1.48315429687500E-0002 
 2.18000000000000E+0002  6.45751953125000E-0001  1.50756835937500E-0002 
 2.18500000000000E+0002  6.46789550781250E-0001  2.20642089843750E-0002 
 2.19000000000000E+0002  6.44592285156250E-0001  2.85034179687500E-0002 
 2.19500000000000E+0002  6.34643554687500E-0001  2.96630859375000E-0002 
 2.20000000000000E+0002  6.21185302734375E-0001  2.87475585937500E-0002 
 2.20500000000000E+0002  6.14288330078125E-0001  2.68554687500000E-0002 
 2.21000000000000E+0002  6.11968994140625E-0001  1.71508789062500E-0002 
 2.21500000000000E+0002  6.08367919921875E-0001  4.79125976562500E-0003 
 2.22000000000000E+0002  6.06628417968750E-0001 -2.74658203125000E-0004 
 2.22500000000000E+0002  6.10076904296875E-0001  6.40869140625000E-0004 
 2.23000000000000E+0002  6.14746093750000E-0001  3.96728515625000E-0004 
 2.23500000000000E+0002  6.15692138671875E-0001 -3.08227539062500E-0003 
 2.24000000000000E+0002  6.15692138671875E-0001 -6.34765625000000E-0003 
 2.24500000000000E+0002  6.16577148437500E-0001 -1.13830566406250E-0002 
 2.25000000000000E+0002  6.17553710937500E-0001 -2.22473144531250E-0002 
 2.25500000000000E+0002  6.13464355468750E-0001 -3.59802246093750E-0002 
 2.26000000000000E+0002  6.07879638671875E-0001 -4.52270507812500E-0002 
 2.26500000000000E+0002  6.04644775390625E-0001 -4.92553710937500E-0002 
 2.27000000000000E+0002  6.01470947265625E-0001 -4.89196777343750E-0002 
 2.27500000000000E+0002  5.97869873046875E-0001 -4.32128906250000E-0002 
 2.28000000000000E+0002  5.94329833984375E-0001 -3.16772460937500E-0002 
 2.28500000000000E+0002  5.94787597656250E-0001 -1.55334472656250E-0002 
 2.29000000000000E+0002  5.99548339843750E-0001 -1.70898437500000E-0003 
 2.29500000000000E+0002  6.00341796875000E-0001  5.09643554687500E-0003 
 2.30000000000000E+0002  5.93536376953125E-0001  4.66918945312500E-0003 
 2.30500000000000E+0002  5.82763671875000E-0001  3.66210937500000E-0004 
 2.31000000000000E+0002  5.74798583984375E-0001 -3.57055664062500E-0003 
 2.31500000000000E+0002  5.73059082031250E-0001 -9.46044921875000E-0003 
 2.32000000000000E+0002  5.74768066406250E-0001 -1.87072753906250E-0002 
 2.32500000000000E+0002  5.77758789062500E-0001 -2.80761718750000E-0002 
 2.33000000000000E+0002  5.82061767578125E-0001 -3.44238281250000E-0002 
 2.33500000000000E+0002  5.88653564453125E-0001 -3.78723144531250E-0002 
 2.34000000000000E+0002  5.94970703125000E-0001 -3.92456054687500E-0002 
 2.34500000000000E+0002  5.96130371093750E-0001 -3.75061035156250E-0002 
 2.35000000000000E+0002  5.91766357421875E-0001 -3.18298339843750E-0002 
 2.35500000000000E+0002  5.86334228515625E-0001 -2.27050781250000E-0002 
 2.36000000000000E+0002  5.82885742187500E-0001 -1.29394531250000E-0002 
 2.36500000000000E+0002  5.82183837890625E-0001 -3.96728515625000E-0003 
 2.37000000000000E+0002  5.82946777343750E-0001  4.73022460937500E-0003 
 2.37500000000000E+0002  5.83557128906250E-0001  1.23901367187500E-0002 
 2.38000000000000E+0002  5.82885742187500E-0001  2.17285156250000E-0002 
 2.38500000000000E+0002  5.81634521484375E-0001  3.04565429687500E-0002 
 2.39000000000000E+0002  5.77545166015625E-0001  3.72619628906250E-0002 
 2.39500000000000E+0002  5.70556640625000E-0001  4.03747558593750E-0002 
 2.40000000000000E+0002  5.63995361328125E-0001  3.61022949218750E-0002 
 2.40500000000000E+0002  5.62774658203125E-0001  2.89001464843750E-0002 
 2.41000000000000E+0002  5.69335937500000E-0001  2.15454101562500E-0002 
 2.41500000000000E+0002  5.76629638671875E-0001  1.51672363281250E-0002 
 2.42000000000000E+0002  5.80078125000000E-0001  1.00097656250000E-0002 
 2.42500000000000E+0002  5.79803466796875E-0001  3.72314453125000E-0003 
 2.43000000000000E+0002  5.74157714843750E-0001 -1.34277343750000E-0003 
 2.43500000000000E+0002  5.61553955078125E-0001 -3.90625000000000E-0003 
 2.44000000000000E+0002  5.46722412109375E-0001 -2.44140625000000E-0003 
 2.44500000000000E+0002  5.41870117187500E-0001  9.15527343750000E-0004 
 2.45000000000000E+0002  5.44372558593750E-0001  4.21142578125000E-0003 
 2.45500000000000E+0002  5.48156738281250E-0001  8.23974609375000E-0003 
 2.46000000000000E+0002  5.51513671875000E-0001  1.02844238281250E-0002 
 2.46500000000000E+0002  5.55145263671875E-0001  7.17163085937500E-0003 
 2.47000000000000E+0002  5.56732177734375E-0001 -2.86865234375000E-0003 
 2.47500000000000E+0002  5.53070068359375E-0001 -1.45263671875000E-0002 
 2.48000000000000E+0002  5.47576904296875E-0001 -2.40783691406250E-0002 
 2.48500000000000E+0002  5.40100097656250E-0001 -3.09448242187500E-0002 
 2.49000000000000E+0002  5.31707763671875E-0001 -3.23791503906250E-0002 
 2.49500000000000E+0002  5.24963378906250E-0001 -2.88696289062500E-0002 
 2.50000000000000E+0002  5.20233154296875E-0001 -2.11486816406250E-0002 
 2.50500000000000E+0002  5.17303466796875E-0001 -1.12915039062500E-0002 
 2.51000000000000E+0002  5.16174316406250E-0001 -1.77001953125000E-0003 
 2.51500000000000E+0002  5.17517089843750E-0001  6.46972656250000E-0003 
 2.52000000000000E+0002  5.20996093750000E-0001  1.41601562500000E-0002 
 2.52500000000000E+0002  5.25512695312500E-0001  2.02331542968750E-0002 
 2.53000000000000E+0002  5.27404785156250E-0001  2.09960937500000E-0002 
 2.53500000000000E+0002  5.26031494140625E-0001  1.49536132812500E-0002 
 2.54000000000000E+0002  5.21759033203125E-0001  7.17163085937500E-0003 
 2.54500000000000E+0002  5.15808105468750E-0001  8.54492187500000E-0004 
 2.55000000000000E+0002  5.12420654296875E-0001 -4.36401367187500E-0003 
 2.55500000000000E+0002  5.12908935546875E-0001 -1.07727050781250E-0002 
 2.56000000000000E+0002  5.15380859375000E-0001 -1.21765136718750E-0002 
 2.56500000000000E+0002  5.19012451171875E-0001 -9.91821289062500E-0003 
 2.57000000000000E+0002  5.24810791015625E-0001 -1.22070312500000E-0002 
 2.57500000000000E+0002  5.30609130859375E-0001 -2.01416015625000E-0002 
 2.58000000000000E+0002  5.31250000000000E-0001 -2.84423828125000E-0002 
 2.58500000000000E+0002  5.25299072265625E-0001 -3.38745117187500E-0002 
 2.59000000000000E+0002  5.19348144531250E-0001 -3.48815917968750E-0002 
 2.59500000000000E+0002  5.18524169921875E-0001 -2.93273925781250E-0002 
 2.60000000000000E+0002  5.19714355468750E-0001 -1.50451660156250E-0002 
 2.60500000000000E+0002  5.19561767578125E-0001  2.07519531250000E-0003 
 2.61000000000000E+0002  5.20721435546875E-0001  1.46789550781250E-0002 
 2.61500000000000E+0002  5.25512695312500E-0001  2.13928222656250E-0002 
 2.62000000000000E+0002  5.29144287109375E-0001  2.20031738281250E-0002 
 2.62500000000000E+0002  5.29541015625000E-0001  1.48315429687500E-0002 
 2.63000000000000E+0002  5.26580810546875E-0001  1.49536132812500E-0003 
 2.63500000000000E+0002  5.21331787109375E-0001 -9.94873046875000E-0003 
 2.64000000000000E+0002  5.11901855468750E-0001 -1.37023925781250E-0002 
 2.64500000000000E+0002  5.00030517578125E-0001 -9.46044921875000E-0003 
 2.65000000000000E+0002  4.90570068359375E-0001 -2.68554687500000E-0003 
 2.65500000000000E+0002  4.84313964843750E-0001  4.05883789062500E-0003 
 2.66000000000000E+0002  4.82086181640625E-0001  1.14746093750000E-0002 
 2.66500000000000E+0002  4.84985351562500E-0001  1.62963867187500E-0002 
 2.67000000000000E+0002  4.89013671875000E-0001  1.69982910156250E-0002 
 2.67500000000000E+0002  4.89654541015625E-0001  1.35498046875000E-0002 
 2.68000000000000E+0002  4.84741210937500E-0001  1.07727050781250E-0002 
 2.68500000000000E+0002  4.77264404296875E-0001  1.21459960937500E-0002 
 2.69000000000000E+0002  4.71130371093750E-0001  1.67541503906250E-0002 
 2.69500000000000E+0002  4.67163085937500E-0001  2.23693847656250E-0002 
 2.70000000000000E+0002  4.66491699218750E-0001  2.67944335937500E-0002 
 2.70500000000000E+0002  4.70062255859375E-0001  2.63977050781250E-0002 
 2.71000000000000E+0002  4.72351074218750E-0001  2.12402343750000E-0002 
 2.71500000000000E+0002  4.69238281250000E-0001  1.39770507812500E-0002 
 2.72000000000000E+0002  4.62615966796875E-0001  7.75146484375000E-0003 
 2.72500000000000E+0002  4.55718994140625E-0001  1.83105468750000E-0003 
 2.73000000000000E+0002  4.48120117187500E-0001 -3.84521484375000E-0003 
 2.73500000000000E+0002  4.42199707031250E-0001 -8.11767578125000E-0003 
 2.74000000000000E+0002  4.40765380859375E-0001 -8.97216796875000E-0003 
 2.74500000000000E+0002  4.42596435546875E-0001 -4.91333007812500E-0003 
 2.75000000000000E+0002  4.45465087890625E-0001 -5.79833984375000E-0004 
 2.75500000000000E+0002  4.47448730468750E-0001 -1.06811523437500E-0003 
 2.76000000000000E+0002  4.46228027343750E-0001 -4.36401367187500E-0003 
 2.76500000000000E+0002  4.41345214843750E-0001 -4.97436523437500E-0003 
 2.77000000000000E+0002  4.38293457031250E-0001 -4.57763671875000E-0004 
 2.77500000000000E+0002  4.43756103515625E-0001  8.57543945312500E-0003 
 2.78000000000000E+0002  4.57275390625000E-0001  2.03552246093750E-0002 
 2.78500000000000E+0002  4.72045898437500E-0001  3.05175781250000E-0002 
 2.79000000000000E+0002  4.83154296875000E-0001  4.09240722656250E-0002 
 2.79500000000000E+0002  4.91394042968750E-0001  5.01098632812500E-0002 
 2.80000000000000E+0002  4.93682861328125E-0001  4.95300292968750E-0002 
 2.80500000000000E+0002  4.84069824218750E-0001  3.62854003906250E-0002 
 2.81000000000000E+0002  4.66461181640625E-0001  1.93481445312500E-0002 
 2.81500000000000E+0002  4.51110839843750E-0001  6.68334960937500E-0003 
 2.82000000000000E+0002  4.42779541015625E-0001 -5.27954101562500E-0003 
 2.82500000000000E+0002  4.36248779296875E-0001 -1.68457031250000E-0002 
 2.83000000000000E+0002  4.32769775390625E-0001 -2.13928222656250E-0002 
 2.83500000000000E+0002  4.33929443359375E-0001 -1.65100097656250E-0002 
 2.84000000000000E+0002  4.34448242187500E-0001 -4.82177734375000E-0003 
 2.84500000000000E+0002  4.32525634765625E-0001  9.46044921875000E-0003 
 2.85000000000000E+0002  4.30816650390625E-0001  2.23083496093750E-0002 
 2.85500000000000E+0002  4.29229736328125E-0001  3.07006835937500E-0002 
 2.86000000000000E+0002  4.25842285156250E-0001  3.10058593750000E-0002 
 2.86500000000000E+0002  4.20104980468750E-0001  2.73437500000000E-0002 
 2.87000000000000E+0002  4.20013427734375E-0001  2.45056152343750E-0002 
 2.87500000000000E+0002  4.25628662109375E-0001  2.03552246093750E-0002 
 2.88000000000000E+0002  4.30938720703125E-0001  1.61437988281250E-0002 
 2.88500000000000E+0002  4.33837890625000E-0001  1.34277343750000E-0002 
 2.89000000000000E+0002  4.38964843750000E-0001  1.10473632812500E-0002 
 2.89500000000000E+0002  4.46044921875000E-0001  3.93676757812500E-0003 
 2.90000000000000E+0002  4.43450927734375E-0001 -5.98144531250000E-0003 
 2.90500000000000E+0002  4.28588867187500E-0001 -7.62939453125000E-0003 
 2.91000000000000E+0002  4.15344238281250E-0001 -2.10571289062500E-0003 
 2.91500000000000E+0002  4.08782958984375E-0001  2.83813476562500E-0003 
 2.92000000000000E+0002  4.03015136718750E-0001  5.40161132812500E-0003 
 2.92500000000000E+0002  3.96453857421875E-0001  1.07421875000000E-0002 
 2.93000000000000E+0002  3.97155761718750E-0001  1.56860351562500E-0002 
 2.93500000000000E+0002  4.05731201171875E-0001  1.33056640625000E-0002 
 2.94000000000000E+0002  4.14245605468750E-0001  6.68334960937500E-0003 
 2.94500000000000E+0002  4.17755126953125E-0001  4.63867187500000E-0003 
 2.95000000000000E+0002  4.17083740234375E-0001  7.14111328125000E-0003 
 2.95500000000000E+0002  4.14306640625000E-0001  8.51440429687500E-0003 
 2.96000000000000E+0002  4.09362792968750E-0001  7.20214843750000E-0003 
 2.96500000000000E+0002  4.01000976562500E-0001  7.08007812500000E-0003 
 2.97000000000000E+0002  3.92395019531250E-0001  1.04675292968750E-0002 
 2.97500000000000E+0002  3.90441894531250E-0001  1.26342773437500E-0002 
 2.98000000000000E+0002  3.93371582031250E-0001  1.07421875000000E-0002 
 2.98500000000000E+0002  3.97460937500000E-0001  1.06506347656250E-0002 
 2.99000000000000E+0002  4.03411865234375E-0001  1.15051269531250E-0002 
 2.99500000000000E+0002  4.08050537109375E-0001  6.80541992187500E-0003 
 3.00000000000000E+0002  4.06677246093750E-0001 -3.20434570312500E-0003 
 3.00500000000000E+0002  3.99902343750000E-0001 -1.30004882812500E-0002 
 3.01000000000000E+0002  3.91601562500000E-0001 -2.14843750000000E-0002 
 3.01500000000000E+0002  3.84521484375000E-0001 -3.25622558593750E-0002 
 3.02000000000000E+0002  3.82141113281250E-0001 -4.60205078125000E-0002 
 3.02500000000000E+0002  3.84857177734375E-0001 -5.82275390625000E-0002 
 3.03000000000000E+0002  3.86199951171875E-0001 -6.47277832031250E-0002 
 3.03500000000000E+0002  3.85528564453125E-0001 -6.47277832031250E-0002 
 3.04000000000000E+0002  3.86260986328125E-0001 -6.27136230468750E-0002 
 3.04500000000000E+0002  3.86688232421875E-0001 -5.64575195312500E-0002 
 3.05000000000000E+0002  3.82659912109375E-0001 -4.49523925781250E-0002 
 3.05500000000000E+0002  3.81286621093750E-0001 -3.34472656250000E-0002 
 3.06000000000000E+0002  3.83697509765625E-0001 -3.01818847656250E-0002 
 3.06500000000000E+0002  3.81561279296875E-0001 -3.04870605468750E-0002 
 3.07000000000000E+0002  3.74237060546875E-0001 -2.63671875000000E-0002 
 3.07500000000000E+0002  3.68316650390625E-0001 -2.09655761718750E-0002 
 3.08000000000000E+0002  3.62121582031250E-0001 -1.61437988281250E-0002 
 3.08500000000000E+0002  3.55407714843750E-0001 -8.72802734375000E-0003 
 3.09000000000000E+0002  3.55712890625000E-0001 -2.44140625000000E-0004 
 3.09500000000000E+0002  3.67309570312500E-0001  3.14331054687500E-0003 
 3.10000000000000E+0002  3.84613037109375E-0001  3.69262695312500E-0003 
 3.10500000000000E+0002  3.99383544921875E-0001  4.85229492187500E-0003 
 3.11000000000000E+0002  4.08020019531250E-0001  2.01416015625000E-0003 
 3.11500000000000E+0002  4.11285400390625E-0001 -6.86645507812500E-0003 
 3.12000000000000E+0002  4.10278320312500E-0001 -1.48315429687500E-0002 
 3.12500000000000E+0002  4.07714843750000E-0001 -2.03552246093750E-0002 
 3.13000000000000E+0002  4.04235839843750E-0001 -3.20129394531250E-0002 
 3.13500000000000E+0002  3.99841308593750E-0001 -4.71801757812500E-0002 
 3.14000000000000E+0002  3.97308349609375E-0001 -5.31616210937500E-0002 
 3.14500000000000E+0002  3.98864746093750E-0001 -4.58068847656250E-0002 
 3.15000000000000E+0002  4.00268554687500E-0001 -3.35083007812500E-0002 
 3.15500000000000E+0002  3.95904541015625E-0001 -2.04467773437500E-0002 
 3.16000000000000E+0002  3.88122558593750E-0001 -6.62231445312500E-0003 
 3.16500000000000E+0002  3.83422851562500E-0001  7.35473632812500E-0003 
 3.17000000000000E+0002  3.84368896484375E-0001  1.79443359375000E-0002 
 3.17500000000000E+0002  3.85864257812500E-0001  2.18811035156250E-0002 
 3.18000000000000E+0002  3.82934570312500E-0001  1.94091796875000E-0002 
 3.18500000000000E+0002  3.78814697265625E-0001  1.32751464843750E-0002 
 3.19000000000000E+0002  3.78356933593750E-0001  1.64794921875000E-0003 
 3.19500000000000E+0002  3.80920410156250E-0001 -1.59606933593750E-0002 
 3.20000000000000E+0002  3.80981445312500E-0001 -3.69262695312500E-0002 
 3.20500000000000E+0002  3.76800537109375E-0001 -5.53283691406250E-0002 
 3.21000000000000E+0002  3.72741699218750E-0001 -6.59790039062500E-0002 
 3.21500000000000E+0002  3.70025634765625E-0001 -6.64367675781250E-0002 
 3.22000000000000E+0002  3.69110107421875E-0001 -5.71594238281250E-0002 
 3.22500000000000E+0002  3.66058349609375E-0001 -4.18090820312500E-0002 
 3.23000000000000E+0002  3.61602783203125E-0001 -2.68554687500000E-0002 
 3.23500000000000E+0002  3.58398437500000E-0001 -1.84936523437500E-0002 
 3.24000000000000E+0002  3.55834960937500E-0001 -1.53198242187500E-0002 
 3.24500000000000E+0002  3.52355957031250E-0001 -1.47705078125000E-0002 
 3.25000000000000E+0002  3.46466064453125E-0001 -1.60217285156250E-0002 
 3.25500000000000E+0002  3.37371826171875E-0001 -1.67541503906250E-0002 
 3.26000000000000E+0002  3.33404541015625E-0001 -1.64794921875000E-0002 
 3.26500000000000E+0002  3.34014892578125E-0001 -1.58996582031250E-0002 
 3.27000000000000E+0002  3.37036132812500E-0001 -1.68151855468750E-0002 
 3.27500000000000E+0002  3.41003417968750E-0001 -1.93481445312500E-0002 
 3.28000000000000E+0002  3.43688964843750E-0001 -2.18811035156250E-0002 
 3.28500000000000E+0002  3.45550537109375E-0001 -2.49023437500000E-0002 
 3.29000000000000E+0002  3.44635009765625E-0001 -2.60314941406250E-0002 
 3.29500000000000E+0002  3.43231201171875E-0001 -2.38037109375000E-0002 
 3.30000000000000E+0002  3.42346191406250E-0001 -2.31018066406250E-0002 
 3.30500000000000E+0002  3.39935302734375E-0001 -2.27661132812500E-0002 
 3.31000000000000E+0002  3.39630126953125E-0001 -1.65710449218750E-0002 
 3.31500000000000E+0002  3.43994140625000E-0001 -6.74438476562500E-0003 
 3.32000000000000E+0002  3.48114013671875E-0001 -5.49316406250000E-0004 
 3.32500000000000E+0002  3.47320556640625E-0001  2.25830078125000E-0003 
 3.33000000000000E+0002  3.41308593750000E-0001  5.85937500000000E-0003 
 3.33500000000000E+0002  3.35571289062500E-0001  9.27734375000000E-0003 
 3.34000000000000E+0002  3.31695556640625E-0001  6.80541992187500E-0003 
 3.34500000000000E+0002  3.28826904296875E-0001 -9.15527343750000E-0004 
 3.35000000000000E+0002  3.28826904296875E-0001 -1.20544433593750E-0002 
 3.35500000000000E+0002  3.33679199218750E-0001 -2.14233398437500E-0002 
 3.36000000000000E+0002  3.42132568359375E-0001 -2.82897949218750E-0002 
 3.36500000000000E+0002  3.47808837890625E-0001 -3.43322753906250E-0002 
 3.37000000000000E+0002  3.45855712890625E-0001 -3.98864746093750E-0002 
 3.37500000000000E+0002  3.37036132812500E-0001 -4.19311523437500E-0002 
 3.38000000000000E+0002  3.25256347656250E-0001 -3.68347167968750E-0002 
 3.38500000000000E+0002  3.14910888671875E-0001 -2.81982421875000E-0002 
 3.39000000000000E+0002  3.07769775390625E-0001 -1.88598632812500E-0002 
 3.39500000000000E+0002  3.08471679687500E-0001 -1.02233886718750E-0002 
 3.40000000000000E+0002  3.15338134765625E-0001 -5.15747070312500E-0003 
 3.40500000000000E+0002  3.25225830078125E-0001 -2.71606445312500E-0003 
 3.41000000000000E+0002  3.35235595703125E-0001 -3.90625000000000E-0003 
 3.41500000000000E+0002  3.40118408203125E-0001 -8.94165039062500E-0003 
 3.42000000000000E+0002  3.35876464843750E-0001 -1.60827636718750E-0002 
 3.42500000000000E+0002  3.27728271484375E-0001 -2.01110839843750E-0002 
 3.43000000000000E+0002  3.21075439453125E-0001 -2.12097167968750E-0002 
 3.43500000000000E+0002  3.13720703125000E-0001 -2.38037109375000E-0002 
 3.44000000000000E+0002  2.98767089843750E-0001 -2.56652832031250E-0002 
 3.44500000000000E+0002  2.82257080078125E-0001 -2.28576660156250E-0002 
 3.45000000000000E+0002  2.71514892578125E-0001 -1.86767578125000E-0002 
 3.45500000000000E+0002  2.66113281250000E-0001 -1.77307128906250E-0002 
 3.46000000000000E+0002  2.63946533203125E-0001 -1.78833007812500E-0002 
 3.46500000000000E+0002  2.64953613281250E-0001 -1.72119140625000E-0002 
 3.47000000000000E+0002  2.72705078125000E-0001 -1.97448730468750E-0002 
 3.47500000000000E+0002  2.84240722656250E-0001 -2.62756347656250E-0002 
 3.48000000000000E+0002  2.93426513671875E-0001 -3.07006835937500E-0002 
 3.48500000000000E+0002  2.98370361328125E-0001 -2.97851562500000E-0002 
 3.49000000000000E+0002  3.03710937500000E-0001 -2.43530273437500E-0002 
 3.49500000000000E+0002  3.12286376953125E-0001 -1.65405273437500E-0002 
 3.50000000000000E+0002  3.21044921875000E-0001 -7.62939453125000E-0003 
 3.50500000000000E+0002  3.27606201171875E-0001 -1.61743164062500E-0003 
 3.51000000000000E+0002  3.32427978515625E-0001 -2.92968750000000E-0003 
 3.51500000000000E+0002  3.34197998046875E-0001 -1.44653320312500E-0002 
 3.52000000000000E+0002  3.29284667968750E-0001 -3.05480957031250E-0002 
 3.52500000000000E+0002  3.20983886718750E-0001 -4.35791015625000E-0002 
 3.53000000000000E+0002  3.13934326171875E-0001 -5.34362792968750E-0002 
 3.53500000000000E+0002  3.09814453125000E-0001 -6.04858398437500E-0002 
 3.54000000000000E+0002  3.07739257812500E-0001 -6.54296875000000E-0002 
 3.54500000000000E+0002  3.02917480468750E-0001 -6.70776367187500E-0002 
 3.55000000000000E+0002  2.94708251953125E-0001 -6.43920898437500E-0002 
 3.55500000000000E+0002  2.88482666015625E-0001 -5.97229003906250E-0002 
 3.56000000000000E+0002  2.85644531250000E-0001 -5.71899414062500E-0002 
 3.56500000000000E+0002  2.82531738281250E-0001 -5.74035644531250E-0002 
 3.57000000000000E+0002  2.82012939453125E-0001 -5.47485351562500E-0002 
 3.57500000000000E+0002  2.89611816406250E-0001 -4.81262207031250E-0002 
 3.58000000000000E+0002  3.02429199218750E-0001 -4.08630371093750E-0002 
 3.58500000000000E+0002  3.10302734375000E-0001 -3.50952148437500E-0002 
 3.59000000000000E+0002  3.11462402343750E-0001 -3.16467285156250E-0002 
 3.59500000000000E+0002  3.07830810546875E-0001 -2.98156738281250E-0002 
 3.60000000000000E+0002  2.98675537109375E-0001 -2.54821777343750E-0002 
 3.60500000000000E+0002  2.84973144531250E-0001 -2.06298828125000E-0002 
 3.61000000000000E+0002  2.71484375000000E-0001 -1.79138183593750E-0002 
 3.61500000000000E+0002  2.62298583984375E-0001 -1.50451660156250E-0002 
 3.62000000000000E+0002  2.60284423828125E-0001 -9.58251953125000E-0003 
 3.62500000000000E+0002  2.64068603515625E-0001 -6.46972656250000E-0003 
 3.63000000000000E+0002  2.67730712890625E-0001 -9.21630859375000E-0003 
 3.63500000000000E+0002  2.69195556640625E-0001 -1.72424316406250E-0002 
 3.64000000000000E+0002  2.69622802734375E-0001 -2.77099609375000E-0002 
 3.64500000000000E+0002  2.71179199218750E-0001 -3.64685058593750E-0002 
 3.65000000000000E+0002  2.73956298828125E-0001 -4.08630371093750E-0002 
 3.65500000000000E+0002  2.79144287109375E-0001 -4.14733886718750E-0002 
 3.66000000000000E+0002  2.82409667968750E-0001 -3.88183593750000E-0002 
 3.66500000000000E+0002  2.83782958984375E-0001 -3.16467285156250E-0002 
 3.67000000000000E+0002  2.83721923828125E-0001 -2.05993652343750E-0002 
 3.67500000000000E+0002  2.80090332031250E-0001 -1.22680664062500E-0002 
 3.68000000000000E+0002  2.71514892578125E-0001 -9.82666015625000E-0003 
 3.68500000000000E+0002  2.62817382812500E-0001 -1.13525390625000E-0002 
 3.69000000000000E+0002  2.58819580078125E-0001 -1.37023925781250E-0002 
 3.69500000000000E+0002  2.61871337890625E-0001 -1.63879394531250E-0002 
 3.70000000000000E+0002  2.68310546875000E-0001 -1.99279785156250E-0002 
 3.70500000000000E+0002  2.71881103515625E-0001 -2.16979980468750E-0002 
 3.71000000000000E+0002  2.69104003906250E-0001 -1.92565917968750E-0002 
 3.71500000000000E+0002  2.62237548828125E-0001 -1.55029296875000E-0002 
 3.72000000000000E+0002  2.53143310546875E-0001 -1.15661621093750E-0002 
 3.72500000000000E+0002  2.44110107421875E-0001 -7.14111328125000E-0003 
 3.73000000000000E+0002  2.38555908203125E-0001 -3.41796875000000E-0003 
 3.73500000000000E+0002  2.42462158203125E-0001 -2.44140625000000E-0004 
 3.74000000000000E+0002  2.54455566406250E-0001 -1.22070312500000E-0003 
 3.74500000000000E+0002  2.63397216796875E-0001 -4.45556640625000E-0003 
 3.75000000000000E+0002  2.63610839843750E-0001 -1.08642578125000E-0002 
 3.75500000000000E+0002  2.55767822265625E-0001 -2.20947265625000E-0002 
 3.76000000000000E+0002  2.42095947265625E-0001 -3.35693359375000E-0002 
 3.76500000000000E+0002  2.25158691406250E-0001 -4.17175292968750E-0002 
 3.77000000000000E+0002  2.09960937500000E-0001 -4.10156250000000E-0002 
 3.77500000000000E+0002  2.08190917968750E-0001 -3.32946777343750E-0002 
 3.78000000000000E+0002  2.19940185546875E-0001 -2.81982421875000E-0002 
 3.78500000000000E+0002  2.35961914062500E-0001 -2.65197753906250E-0002 
 3.79000000000000E+0002  2.52227783203125E-0001 -2.58789062500000E-0002 
 3.79500000000000E+0002  2.63732910156250E-0001 -2.70080566406250E-0002 
 3.80000000000000E+0002  2.69775390625000E-0001 -2.94189453125000E-0002 
 3.80500000000000E+0002  2.70843505859375E-0001 -3.21655273437500E-0002 
 3.81000000000000E+0002  2.67547607421875E-0001 -2.97851562500000E-0002 
 3.81500000000000E+0002  2.63061523437500E-0001 -2.45666503906250E-0002 
 3.82000000000000E+0002  2.55279541015625E-0001 -2.05383300781250E-0002 
 3.82500000000000E+0002  2.46978759765625E-0001 -1.88293457031250E-0002 
 3.83000000000000E+0002  2.43469238281250E-0001 -2.09655761718750E-0002 
 3.83500000000000E+0002  2.43103027343750E-0001 -2.74658203125000E-0002 
 3.84000000000000E+0002  2.42675781250000E-0001 -3.26538085937500E-0002 
 3.84500000000000E+0002  2.42218017578125E-0001 -3.45458984375000E-0002 
 3.85000000000000E+0002  2.43621826171875E-0001 -3.46679687500000E-0002 
 3.85500000000000E+0002  2.46520996093750E-0001 -3.38134765625000E-0002 
 3.86000000000000E+0002  2.45605468750000E-0001 -3.19519042968750E-0002 
 3.86500000000000E+0002  2.41912841796875E-0001 -3.05786132812500E-0002 
 3.87000000000000E+0002  2.41516113281250E-0001 -3.54919433593750E-0002 
 3.87500000000000E+0002  2.45300292968750E-0001 -4.59899902343750E-0002 
 3.88000000000000E+0002  2.49328613281250E-0001 -5.59692382812500E-0002 
 3.88500000000000E+0002  2.53479003906250E-0001 -6.44836425781250E-0002 
 3.89000000000000E+0002  2.59490966796875E-0001 -7.11669921875000E-0002 
 3.89500000000000E+0002  2.64129638671875E-0001 -7.50122070312500E-0002 
 3.90000000000000E+0002  2.61627197265625E-0001 -7.33642578125000E-0002 
 3.90500000000000E+0002  2.54058837890625E-0001 -6.35375976562500E-0002 
 3.91000000000000E+0002  2.50915527343750E-0001 -5.16357421875000E-0002 
 3.91500000000000E+0002  2.51983642578125E-0001 -4.52880859375000E-0002 
 3.92000000000000E+0002  2.49359130859375E-0001 -4.30908203125000E-0002 
 3.92500000000000E+0002  2.43774414062500E-0001 -3.84521484375000E-0002 
 3.93000000000000E+0002  2.42645263671875E-0001 -3.39050292968750E-0002 
 3.93500000000000E+0002  2.43103027343750E-0001 -3.40576171875000E-0002 
 3.94000000000000E+0002  2.38769531250000E-0001 -3.25012207031250E-0002 
 3.94500000000000E+0002  2.33551025390625E-0001 -2.11486816406250E-0002 
 3.95000000000000E+0002  2.33276367187500E-0001 -5.43212890625000E-0003 
 3.95500000000000E+0002  2.34069824218750E-0001  4.45556640625000E-0003 
 3.96000000000000E+0002  2.31445312500000E-0001  5.18798828125000E-0003 
 3.96500000000000E+0002  2.32025146484375E-0001  2.53295898437500E-0003 
 3.97000000000000E+0002  2.38250732421875E-0001 -3.41796875000000E-0003 
 3.97500000000000E+0002  2.43530273437500E-0001 -1.21154785156250E-0002 
 3.98000000000000E+0002  2.41455078125000E-0001 -2.12707519531250E-0002 
 3.98500000000000E+0002  2.24731445312500E-0001 -2.50244140625000E-0002 
 3.99000000000000E+0002  1.92840576171875E-0001 -2.12707519531250E-0002 
 3.99500000000000E+0002  1.52496337890625E-0001 -1.45874023437500E-0002 
