 1.74400000000000E+0001  5.61035156250000E-0001  9.82421875000000E-0001 
 1.79400000000000E+0001  5.63964843750000E-0001  9.95605468750000E-0001 
 1.84400000000000E+0001  5.43945312500000E-0001  9.80957031250000E-0001 
 1.89400000000000E+0001  5.14160156250000E-0001  9.37500000000000E-0001 
 1.94400000000000E+0001  4.84375000000000E-0001  8.70605468750000E-0001 
 1.99400000000000E+0001  4.64843750000000E-0001  7.87597656250000E-0001 
 2.04400000000000E+0001  4.53613281250000E-0001  6.94824218750000E-0001 
 2.09400000000000E+0001  4.45312500000000E-0001  5.97167968750000E-0001 
 2.14400000000000E+0001  4.33105468750000E-0001  5.00976562500000E-0001 
 2.19400000000000E+0001  4.01855468750000E-0001  4.01367187500000E-0001 
 2.24400000000000E+0001  3.52050781250000E-0001  2.99804687500000E-0001 
 2.29400000000000E+0001  2.69042968750000E-0001  1.98730468750000E-0001 
 2.34400000000000E+0001  1.64550781250000E-0001  9.61914062500000E-0002 
 2.39400000000000E+0001  3.95507812500000E-0002 -5.85937500000000E-0003 
 2.44400000000000E+0001 -9.42382812500000E-0002 -9.76562500000000E-0002 
 2.49400000000000E+0001 -2.23144531250000E-0001 -1.77246093750000E-0001 
 2.54400000000000E+0001 -3.34960937500000E-0001 -2.41210937500000E-0001 
 2.59400000000000E+0001 -4.15039062500000E-0001 -2.81250000000000E-0001 
 2.64400000000000E+0001 -4.62890625000000E-0001 -2.92968750000000E-0001 
 2.69400000000000E+0001 -4.80957031250000E-0001 -2.81250000000000E-0001 
 2.74400000000000E+0001 -4.78027343750000E-0001 -2.36816406250000E-0001 
 2.79400000000000E+0001 -4.58496093750000E-0001 -1.64550781250000E-0001 
 2.84400000000000E+0001 -4.31152343750000E-0001 -6.88476562500000E-0002 
 2.89400000000000E+0001 -4.10156250000000E-0001  4.29687500000000E-0002 
 2.94400000000000E+0001 -3.93066406250000E-0001  1.57714843750000E-0001 
 2.99400000000000E+0001 -3.67675781250000E-0001  2.63671875000000E-0001 
 3.04400000000000E+0001 -3.37402343750000E-0001  3.61816406250000E-0001 
 3.09400000000000E+0001 -2.94921875000000E-0001  4.48730468750000E-0001 
 3.14400000000000E+0001 -2.31445312500000E-0001  5.33691406250000E-0001 
 3.19400000000000E+0001 -1.47949218750000E-0001  6.20605468750000E-0001 
 3.24400000000000E+0001 -5.17578125000000E-0002  7.14355468750000E-0001 
 3.29400000000000E+0001  4.78515625000000E-0002  8.19335937500000E-0001 
 3.34400000000000E+0001  1.41601562500000E-0001  9.32128906250000E-0001 
 3.39400000000000E+0001  2.29492187500000E-0001  1.04150390625000E+0000 
 3.44400000000000E+0001  3.12988281250000E-0001  1.14697265625000E+0000 
 3.49400000000000E+0001  3.83789062500000E-0001  1.23730468750000E+0000 
 3.54400000000000E+0001  4.49707031250000E-0001  1.31982421875000E+0000 
 3.59400000000000E+0001  5.18066406250000E-0001  1.39404296875000E+0000 
 3.64400000000000E+0001  5.85937500000000E-0001  1.46289062500000E+0000 
 3.69400000000000E+0001  6.57714843750000E-0001  1.53027343750000E+0000 
 3.74400000000000E+0001  7.24609375000000E-0001  1.59521484375000E+0000 
 3.79400000000000E+0001  7.85644531250000E-0001  1.65917968750000E+0000 
 3.84400000000000E+0001  8.36914062500000E-0001  1.71777343750000E+0000 
 3.89400000000000E+0001  8.71582031250000E-0001  1.76562500000000E+0000 
 3.94400000000000E+0001  9.01855468750000E-0001  1.80468750000000E+0000 
 3.99400000000000E+0001  9.23828125000000E-0001  1.83544921875000E+0000 
 4.04400000000000E+0001  9.46289062500000E-0001  1.85253906250000E+0000 
 4.09400000000000E+0001  9.64355468750000E-0001  1.86621093750000E+0000 
 4.14400000000000E+0001  9.84863281250000E-0001  1.87890625000000E+0000 
 4.19400000000000E+0001  1.00341796875000E+0000  1.88525390625000E+0000 
 4.24400000000000E+0001  1.01757812500000E+0000  1.89257812500000E+0000 
 4.29400000000000E+0001  1.02490234375000E+0000  1.90185546875000E+0000 
 4.34400000000000E+0001  1.02636718750000E+0000  1.90869140625000E+0000 
 4.39400000000000E+0001  1.02099609375000E+0000  1.91113281250000E+0000 
 4.44400000000000E+0001  1.02001953125000E+0000  1.91259765625000E+0000 
 4.49400000000000E+0001  1.00781250000000E+0000  1.90478515625000E+0000 
 4.54400000000000E+0001  1.00439453125000E+0000  1.89794921875000E+0000 
 4.59400000000000E+0001  9.98535156250000E-0001  1.88867187500000E+0000 
 4.64400000000000E+0001  9.96093750000000E-0001  1.88378906250000E+0000 
 4.69400000000000E+0001  9.90234375000000E-0001  1.87402343750000E+0000 
 4.74400000000000E+0001  9.89746093750000E-0001  1.87109375000000E+0000 
 4.79400000000000E+0001  9.86328125000000E-0001  1.86816406250000E+0000 
 4.84400000000000E+0001  9.79980468750000E-0001  1.86083984375000E+0000 
 4.89400000000000E+0001  9.77050781250000E-0001  1.85644531250000E+0000 
 4.94400000000000E+0001  9.69726562500000E-0001  1.84375000000000E+0000 
 4.99400000000000E+0001  9.64355468750000E-0001  1.83007812500000E+0000 
 5.04400000000000E+0001  9.54589843750000E-0001  1.80712890625000E+0000 
 5.09400000000000E+0001  9.47265625000000E-0001  1.78466796875000E+0000 
 5.14400000000000E+0001  9.36035156250000E-0001  1.75390625000000E+0000 
 5.19400000000000E+0001  9.34082031250000E-0001  1.72558593750000E+0000 
 5.24400000000000E+0001  9.32128906250000E-0001  1.69384765625000E+0000 
 5.29400000000000E+0001  9.28222656250000E-0001  1.66552734375000E+0000 
 5.34400000000000E+0001  9.27734375000000E-0001  1.63476562500000E+0000 
 5.39400000000000E+0001  9.30175781250000E-0001  1.60498046875000E+0000 
 5.44400000000000E+0001  9.29199218750000E-0001  1.57470703125000E+0000 
 5.49400000000000E+0001  9.24316406250000E-0001  1.54052734375000E+0000 
 5.54400000000000E+0001  9.15039062500000E-0001  1.50585937500000E+0000 
 5.59400000000000E+0001  9.07226562500000E-0001  1.47070312500000E+0000 
 5.64400000000000E+0001  8.97949218750000E-0001  1.43115234375000E+0000 
 5.69400000000000E+0001  8.90136718750000E-0001  1.39843750000000E+0000 
 5.74400000000000E+0001  8.78906250000000E-0001  1.36669921875000E+0000 
 5.79400000000000E+0001  8.70117187500000E-0001  1.33398437500000E+0000 
 5.84400000000000E+0001  8.66699218750000E-0001  1.30664062500000E+0000 
 5.89400000000000E+0001  8.64257812500000E-0001  1.27636718750000E+0000 
 5.94400000000000E+0001  8.61816406250000E-0001  1.25146484375000E+0000 
 5.99400000000000E+0001  8.63281250000000E-0001  1.22021484375000E+0000 
 6.04400000000000E+0001  8.62792968750000E-0001  1.18945312500000E+0000 
 6.09400000000000E+0001  8.62304687500000E-0001  1.15966796875000E+0000 
 6.14400000000000E+0001  8.57910156250000E-0001  1.13281250000000E+0000 
 6.19400000000000E+0001  8.53515625000000E-0001  1.10742187500000E+0000 
 6.24400000000000E+0001  8.37402343750000E-0001  1.09130859375000E+0000 
 6.29400000000000E+0001  8.23242187500000E-0001  1.07714843750000E+0000 
 6.34400000000000E+0001  8.02246093750000E-0001  1.06298828125000E+0000 
 6.39400000000000E+0001  7.84179687500000E-0001  1.05322265625000E+0000 
 6.44400000000000E+0001  7.64160156250000E-0001  1.04101562500000E+0000 
 6.49400000000000E+0001  7.55371093750000E-0001  1.02832031250000E+0000 
 6.54400000000000E+0001  7.41699218750000E-0001  1.01562500000000E+0000 
 6.59400000000000E+0001  7.39257812500000E-0001  1.00781250000000E+0000 
 6.64400000000000E+0001  7.37304687500000E-0001  9.93652343750000E-0001 
 6.69400000000000E+0001  7.36816406250000E-0001  9.84375000000000E-0001 
 6.74400000000000E+0001  7.31445312500000E-0001  9.72656250000000E-0001 
 6.79400000000000E+0001  7.25585937500000E-0001  9.67773437500000E-0001 
 6.84400000000000E+0001  7.15332031250000E-0001  9.58007812500000E-0001 
 6.89400000000000E+0001  7.00683593750000E-0001  9.52636718750000E-0001 
 6.94400000000000E+0001  6.85058593750000E-0001  9.46777343750000E-0001 
 6.99400000000000E+0001  6.66503906250000E-0001  9.40917968750000E-0001 
 7.04400000000000E+0001  6.54296875000000E-0001  9.34082031250000E-0001 
 7.09400000000000E+0001  6.40625000000000E-0001  9.27246093750000E-0001 
 7.14400000000000E+0001  6.31347656250000E-0001  9.20410156250000E-0001 
 7.19400000000000E+0001  6.23046875000000E-0001  9.14062500000000E-0001 
 7.24400000000000E+0001  6.13281250000000E-0001  9.10156250000000E-0001 
 7.29400000000000E+0001  6.03515625000000E-0001  9.08691406250000E-0001 
 7.34400000000000E+0001  5.97656250000000E-0001  9.06250000000000E-0001 
 7.39400000000000E+0001  5.88867187500000E-0001  9.06738281250000E-0001 
 7.44400000000000E+0001  5.83007812500000E-0001  9.09179687500000E-0001 
 7.49400000000000E+0001  5.67871093750000E-0001  9.12109375000000E-0001 
 7.54400000000000E+0001  5.55664062500000E-0001  9.21386718750000E-0001 
 7.59400000000000E+0001  5.41015625000000E-0001  9.25781250000000E-0001 
 7.64400000000000E+0001  5.27343750000000E-0001  9.37011718750000E-0001 
 7.69400000000000E+0001  5.07812500000000E-0001  9.53125000000000E-0001 
 7.74400000000000E+0001  4.91699218750000E-0001  9.78027343750000E-0001 
 7.79400000000000E+0001  4.77050781250000E-0001  1.00244140625000E+0000 
 7.84400000000000E+0001  4.64843750000000E-0001  1.03222656250000E+0000 
 7.89400000000000E+0001  4.48242187500000E-0001  1.05078125000000E+0000 
 7.94400000000000E+0001  4.41894531250000E-0001  1.07324218750000E+0000 
 7.99400000000000E+0001  4.32617187500000E-0001  1.08691406250000E+0000 
 8.04400000000000E+0001  4.24316406250000E-0001  1.10302734375000E+0000 
 8.09400000000000E+0001  4.30175781250000E-0001  1.11279296875000E+0000 
 8.14400000000000E+0001  4.34570312500000E-0001  1.12060546875000E+0000 
 8.19400000000000E+0001  4.41406250000000E-0001  1.12744140625000E+0000 
 8.24400000000000E+0001  4.48242187500000E-0001  1.13330078125000E+0000 
 8.29400000000000E+0001  4.56542968750000E-0001  1.13330078125000E+0000 
 8.34400000000000E+0001  4.62402343750000E-0001  1.13427734375000E+0000 
 8.39400000000000E+0001  4.64355468750000E-0001  1.13623046875000E+0000 
 8.44400000000000E+0001  4.64843750000000E-0001  1.13720703125000E+0000 
 8.49400000000000E+0001  4.72167968750000E-0001  1.14062500000000E+0000 
 8.54400000000000E+0001  4.77539062500000E-0001  1.13964843750000E+0000 
 8.59400000000000E+0001  4.87304687500000E-0001  1.13720703125000E+0000 
 8.64400000000000E+0001  5.00488281250000E-0001  1.13134765625000E+0000 
 8.69400000000000E+0001  5.12207031250000E-0001  1.12451171875000E+0000 
 8.74400000000000E+0001  5.22460937500000E-0001  1.11621093750000E+0000 
 8.79400000000000E+0001  5.34179687500000E-0001  1.10595703125000E+0000 
 8.84400000000000E+0001  5.38085937500000E-0001  1.09863281250000E+0000 
 8.89400000000000E+0001  5.41015625000000E-0001  1.09912109375000E+0000 
 8.94400000000000E+0001  5.41503906250000E-0001  1.09912109375000E+0000 
 8.99400000000000E+0001  5.33203125000000E-0001  1.10107421875000E+0000 
 9.04400000000000E+0001  5.22460937500000E-0001  1.10009765625000E+0000 
 9.09400000000000E+0001  5.07812500000000E-0001  1.09814453125000E+0000 
 9.14400000000000E+0001  4.91699218750000E-0001  1.09179687500000E+0000 
 9.19400000000000E+0001  4.70214843750000E-0001  1.08691406250000E+0000 
 9.24400000000000E+0001  4.50195312500000E-0001  1.07763671875000E+0000 
 9.29400000000000E+0001  4.28710937500000E-0001  1.06494140625000E+0000 
 9.34400000000000E+0001  4.12109375000000E-0001  1.04785156250000E+0000 
 9.39400000000000E+0001  3.95507812500000E-0001  1.02978515625000E+0000 
 9.44400000000000E+0001  3.78906250000000E-0001  1.01318359375000E+0000 
 9.49400000000000E+0001  3.61816406250000E-0001  9.88281250000000E-0001 
 9.54400000000000E+0001  3.39843750000000E-0001  9.65820312500000E-0001 
 9.59400000000000E+0001  3.20800781250000E-0001  9.37500000000000E-0001 
 9.64400000000000E+0001  3.01269531250000E-0001  9.12597656250000E-0001 
 9.69400000000000E+0001  2.78808593750000E-0001  8.87695312500000E-0001 
 9.74400000000000E+0001  2.61718750000000E-0001  8.64257812500000E-0001 
 9.79400000000000E+0001  2.43652343750000E-0001  8.41308593750000E-0001 
 9.84400000000000E+0001  2.29980468750000E-0001  8.13964843750000E-0001 
 9.89400000000000E+0001  2.24609375000000E-0001  7.87109375000000E-0001 
 9.94400000000000E+0001  2.21191406250000E-0001  7.62695312500000E-0001 
 9.99400000000000E+0001  2.26074218750000E-0001  7.35351562500000E-0001 
 1.00440000000000E+0002  2.38769531250000E-0001  7.08984375000000E-0001 
 1.00940000000000E+0002  2.53906250000000E-0001  6.89941406250000E-0001 
 1.01440000000000E+0002  2.70996093750000E-0001  6.69433593750000E-0001 
 1.01940000000000E+0002  2.84179687500000E-0001  6.52832031250000E-0001 
 1.02440000000000E+0002  2.99316406250000E-0001  6.41113281250000E-0001 
 1.02940000000000E+0002  3.14941406250000E-0001  6.36718750000000E-0001 
 1.03440000000000E+0002  3.21289062500000E-0001  6.31347656250000E-0001 
 1.03940000000000E+0002  3.29589843750000E-0001  6.27441406250000E-0001 
 1.04440000000000E+0002  3.37402343750000E-0001  6.29882812500000E-0001 
 1.04940000000000E+0002  3.44238281250000E-0001  6.28906250000000E-0001 
 1.05440000000000E+0002  3.54003906250000E-0001  6.33300781250000E-0001 
 1.05940000000000E+0002  3.68652343750000E-0001  6.38183593750000E-0001 
 1.06440000000000E+0002  3.82812500000000E-0001  6.48437500000000E-0001 
 1.06940000000000E+0002  4.02343750000000E-0001  6.51367187500000E-0001 
 1.07440000000000E+0002  4.16015625000000E-0001  6.55761718750000E-0001 
 1.07940000000000E+0002  4.27246093750000E-0001  6.57714843750000E-0001 
 1.08440000000000E+0002  4.36523437500000E-0001  6.60644531250000E-0001 
 1.08940000000000E+0002  4.42871093750000E-0001  6.63085937500000E-0001 
 1.09440000000000E+0002  4.39453125000000E-0001  6.63085937500000E-0001 
 1.09940000000000E+0002  4.28222656250000E-0001  6.67480468750000E-0001 
 1.10440000000000E+0002  4.18457031250000E-0001  6.71386718750000E-0001 
 1.10940000000000E+0002  4.08203125000000E-0001  6.78710937500000E-0001 
 1.11440000000000E+0002  3.94042968750000E-0001  6.90429687500000E-0001 
 1.11940000000000E+0002  3.86230468750000E-0001  7.02148437500000E-0001 
 1.12440000000000E+0002  3.80371093750000E-0001  7.14355468750000E-0001 
 1.12940000000000E+0002  3.76464843750000E-0001  7.32421875000000E-0001 
 1.13440000000000E+0002  3.70605468750000E-0001  7.50488281250000E-0001 
 1.13940000000000E+0002  3.69140625000000E-0001  7.63183593750000E-0001 
 1.14440000000000E+0002  3.63769531250000E-0001  7.78320312500000E-0001 
 1.14940000000000E+0002  3.63281250000000E-0001  7.88574218750000E-0001 
 1.15440000000000E+0002  3.48632812500000E-0001  7.93945312500000E-0001 
 1.15940000000000E+0002  3.39843750000000E-0001  7.99804687500000E-0001 
 1.16440000000000E+0002  3.21777343750000E-0001  8.01757812500000E-0001 
 1.16940000000000E+0002  3.06640625000000E-0001  8.01269531250000E-0001 
 1.17440000000000E+0002  2.86621093750000E-0001  8.01269531250000E-0001 
 1.17940000000000E+0002  2.73437500000000E-0001  8.05175781250000E-0001 
 1.18440000000000E+0002  2.61718750000000E-0001  8.04687500000000E-0001 
 1.18940000000000E+0002  2.51953125000000E-0001  8.08593750000000E-0001 
 1.19440000000000E+0002  2.50000000000000E-0001  8.15917968750000E-0001 
 1.19940000000000E+0002  2.50488281250000E-0001  8.16894531250000E-0001 
 1.20440000000000E+0002  2.51953125000000E-0001  8.18359375000000E-0001 
 1.20940000000000E+0002  2.55859375000000E-0001  8.16894531250000E-0001 
 1.21440000000000E+0002  2.58789062500000E-0001  8.05664062500000E-0001 
 1.21940000000000E+0002  2.62207031250000E-0001  7.95898437500000E-0001 
 1.22440000000000E+0002  2.62207031250000E-0001  7.79785156250000E-0001 
 1.22940000000000E+0002  2.62207031250000E-0001  7.63671875000000E-0001 
 1.23440000000000E+0002  2.54882812500000E-0001  7.48046875000000E-0001 
 1.23940000000000E+0002  2.48535156250000E-0001  7.32910156250000E-0001 
 1.24440000000000E+0002  2.42187500000000E-0001  7.16308593750000E-0001 
 1.24940000000000E+0002  2.32421875000000E-0001  7.03125000000000E-0001 
 1.25440000000000E+0002  2.28027343750000E-0001  6.90429687500000E-0001 
 1.25940000000000E+0002  2.27050781250000E-0001  6.81152343750000E-0001 
 1.26440000000000E+0002  2.30957031250000E-0001  6.70898437500000E-0001 
 1.26940000000000E+0002  2.36816406250000E-0001  6.64550781250000E-0001 
